,amplitude (in pu),timestamps (in ms),parameters,values
0,-0.06571072234128861,0.0,waveform frequency,60
1,-0.0765184405643144,0.06510416666666667,signal duration in ms,1000
2,0.052866827978798284,0.13020833333333334,signal sample per cycle,256
3,0.05078569838771839,0.1953125,flicker alpha,0.14
4,0.07809588941758117,0.2604166666666667,flicker beta,12.659788300276986
5,0.08858574125574455,0.32552083333333337
6,0.13834091455617792,0.390625
7,0.15499908581576705,0.4557291666666667
8,0.16871204612965943,0.5208333333333334
9,0.23575658038728659,0.5859375
10,0.19353947991537016,0.6510416666666667
11,0.34327625490987274,0.7161458333333334
12,0.375158551195725,0.78125
13,0.30954298924137646,0.8463541666666667
14,0.3512421786475166,0.9114583333333334
15,0.3034299610848738,0.9765625000000001
16,0.36370171494208725,1.0416666666666667
17,0.4411591711369952,1.1067708333333335
18,0.4487756254376072,1.171875
19,0.4736102315631701,1.2369791666666667
20,0.4711896232695125,1.3020833333333335
21,0.5112661467067742,1.3671875
22,0.5257295034954831,1.4322916666666667
23,0.5174358781440069,1.4973958333333335
24,0.5922016410712563,1.5625
25,0.5386191494305823,1.6276041666666667
26,0.5336018260793945,1.6927083333333335
27,0.612780593964819,1.7578125000000002
28,0.5777031394372836,1.8229166666666667
29,0.6479232916027129,1.8880208333333335
30,0.6281236143741127,1.9531250000000002
31,0.671146639537642,2.018229166666667
32,0.7532210977449092,2.0833333333333335
33,0.7786963574909191,2.1484375
34,0.8214553448985125,2.213541666666667
35,0.7757465979354431,2.2786458333333335
36,0.7359186239206635,2.34375
37,0.7052094737752725,2.408854166666667
38,0.8406408963884782,2.4739583333333335
39,0.7878461218795225,2.5390625
40,0.8172232860095177,2.604166666666667
41,0.960939575620456,2.6692708333333335
42,0.8343561808854781,2.734375
43,0.8587659019659855,2.799479166666667
44,0.9197544030385649,2.8645833333333335
45,0.9502428694540862,2.9296875
46,0.9098153902752987,2.994791666666667
47,0.9649271382327601,3.0598958333333335
48,0.9045668007793748,3.125
49,0.9043389172569727,3.190104166666667
50,1.009512970492357,3.2552083333333335
51,0.8830057850788059,3.3203125000000004
52,0.9651326153223607,3.385416666666667
53,0.995539146429981,3.4505208333333335
54,0.9472263097021765,3.5156250000000004
55,1.0473701636584827,3.580729166666667
56,1.086605025186264,3.6458333333333335
57,1.0214800699986821,3.7109375000000004
58,1.0322610541708863,3.776041666666667
59,1.0609177674746952,3.8411458333333335
60,1.0268229125449864,3.9062500000000004
61,0.9391782463414392,3.971354166666667
62,0.9941105099406843,4.036458333333334
63,1.1551221654698134,4.1015625
64,1.1806033578600894,4.166666666666667
65,1.0330361949169768,4.231770833333334
66,1.1031927585188475,4.296875
67,1.1031799194823804,4.361979166666667
68,1.038327515457751,4.427083333333334
69,1.0525179530317375,4.4921875
70,1.008907722586032,4.557291666666667
71,1.061222503565499,4.622395833333334
72,1.0634937544766299,4.6875
73,0.9586529292457554,4.752604166666667
74,0.9913499030989071,4.817708333333334
75,0.997086627223225,4.8828125
76,0.9524369161448585,4.947916666666667
77,1.0049370575534913,5.013020833333334
78,1.062466395005353,5.078125
79,0.9696416389995135,5.143229166666667
80,0.9888669809530487,5.208333333333334
81,0.9386285237062789,5.2734375
82,1.110110841857903,5.338541666666667
83,0.971429347907117,5.403645833333334
84,1.0039388828332763,5.46875
85,0.953460715769813,5.533854166666667
86,0.9164515017995062,5.598958333333334
87,0.877342628821691,5.6640625
88,0.8904275245366609,5.729166666666667
89,0.8522139610111794,5.794270833333334
90,0.7666643048954317,5.859375
91,0.843568015918392,5.924479166666667
92,0.7655390114819818,5.989583333333334
93,0.7174889656713834,6.0546875
94,0.8988296801697125,6.119791666666667
95,0.7658914297609762,6.184895833333334
96,0.726247624436204,6.25
97,0.7446314804284799,6.315104166666667
98,0.6479668825935753,6.380208333333334
99,0.6454713178328902,6.445312500000001
100,0.7303418409220519,6.510416666666667
101,0.6332649517144663,6.575520833333334
102,0.5729800602207658,6.640625000000001
103,0.6671230555772631,6.705729166666667
104,0.5896028418522429,6.770833333333334
105,0.495756170947117,6.835937500000001
106,0.5820008971698759,6.901041666666667
107,0.5058977634262394,6.966145833333334
108,0.4683166005641849,7.031250000000001
109,0.4784137728680422,7.096354166666667
110,0.37597433329315694,7.161458333333334
111,0.5114219736990767,7.226562500000001
112,0.4823761909929286,7.291666666666667
113,0.43439940533301397,7.356770833333334
114,0.4149671824228365,7.421875000000001
115,0.31474475875472824,7.486979166666667
116,0.2891121230312089,7.552083333333334
117,0.18827432888884887,7.617187500000001
118,0.34520012800916466,7.682291666666667
119,0.26314515685932655,7.747395833333334
120,0.18789631150494357,7.812500000000001
121,0.24478609453725012,7.877604166666667
122,0.17700349573137192,7.942708333333334
123,0.1487551212366294,8.0078125
124,0.1363915928089926,8.072916666666668
125,0.0685048256178732,8.138020833333334
126,0.0648585973254338,8.203125
127,0.0909079955751198,8.268229166666668
128,0.06221940478636712,8.333333333333334
129,-0.029016871851924447,8.3984375
130,0.03626221746154816,8.463541666666668
131,-0.19138748223802043,8.528645833333334
132,-0.07858346345990176,8.59375
133,-0.08087244973663286,8.658854166666668
134,-0.20712992699530428,8.723958333333334
135,-0.1942446540482033,8.7890625
136,-0.14747938589086518,8.854166666666668
137,-0.22130960566095953,8.919270833333334
138,-0.15987444996408454,8.984375
139,-0.3228753259514958,9.049479166666668
140,-0.25340404997047244,9.114583333333334
141,-0.40989558283841815,9.1796875
142,-0.37116626193638297,9.244791666666668
143,-0.49086698873068296,9.309895833333334
144,-0.4712414064877347,9.375
145,-0.45750814715459187,9.440104166666668
146,-0.4047471518312125,9.505208333333334
147,-0.4433009193354518,9.5703125
148,-0.5478573681580834,9.635416666666668
149,-0.4636792138414072,9.700520833333334
150,-0.4493457861960816,9.765625
151,-0.5392880930828543,9.830729166666668
152,-0.6927719075972779,9.895833333333334
153,-0.5510054787631302,9.9609375
154,-0.6591960068070324,10.026041666666668
155,-0.5897447279360781,10.091145833333334
156,-0.6733643315504435,10.15625
157,-0.6405549498212098,10.221354166666668
158,-0.7427011087998774,10.286458333333334
159,-0.6828480041243062,10.3515625
160,-0.777683526048599,10.416666666666668
161,-0.789533062731725,10.481770833333334
162,-0.8413105783214524,10.546875
163,-0.7420367971832134,10.611979166666668
164,-0.7440487554638228,10.677083333333334
165,-0.8617586186931271,10.7421875
166,-0.9293222575711929,10.807291666666668
167,-1.0422657587748367,10.872395833333334
168,-0.9666356747309234,10.9375
169,-0.8505509370287164,11.002604166666668
170,-0.962064003977405,11.067708333333334
171,-0.8373497371737746,11.1328125
172,-1.0610751786681436,11.197916666666668
173,-0.9861055560217884,11.263020833333334
174,-0.9200846787255423,11.328125
175,-1.012990263165646,11.393229166666668
176,-0.9138811256289524,11.458333333333334
177,-1.1369539962064406,11.5234375
178,-1.0571670034681113,11.588541666666668
179,-1.0943585889833596,11.653645833333334
180,-0.9956320912279627,11.71875
181,-1.0372602494180014,11.783854166666668
182,-1.0169112764692598,11.848958333333334
183,-1.100301235868897,11.9140625
184,-1.0482951272328702,11.979166666666668
185,-1.1692468272313898,12.044270833333334
186,-1.1118036869682049,12.109375
187,-1.050676541130162,12.174479166666668
188,-1.2245947725945296,12.239583333333334
189,-1.1569600439254835,12.3046875
190,-1.0705235824214459,12.369791666666668
191,-0.9881792187297993,12.434895833333334
192,-1.026049904911229,12.5
193,-0.9873161081449501,12.565104166666668
194,-1.0654660943632164,12.630208333333334
195,-1.0722932230624833,12.695312500000002
196,-1.1819957649290673,12.760416666666668
197,-1.058601760653384,12.825520833333334
198,-1.1491089394600247,12.890625000000002
199,-1.1296590133925952,12.955729166666668
200,-1.0667499604794266,13.020833333333334
201,-1.1448406552013912,13.085937500000002
202,-1.058535765954398,13.151041666666668
203,-1.0789523896947009,13.216145833333334
204,-1.0992488256965232,13.281250000000002
205,-1.0918456698808823,13.346354166666668
206,-1.1343324739770888,13.411458333333334
207,-1.100994327451942,13.476562500000002
208,-1.0151639786006679,13.541666666666668
209,-0.9973551593581306,13.606770833333334
210,-1.0747447548566877,13.671875000000002
211,-1.066714220386841,13.736979166666668
212,-1.0136715011417798,13.802083333333334
213,-0.9843689445603591,13.867187500000002
214,-0.8916898975584194,13.932291666666668
215,-0.9896921052295338,13.997395833333334
216,-0.9110073808630851,14.062500000000002
217,-0.8878987313606126,14.127604166666668
218,-0.9868273507114538,14.192708333333334
219,-0.9002752708282613,14.257812500000002
220,-0.8776473599740418,14.322916666666668
221,-0.7673115628233845,14.388020833333334
222,-0.798221152928927,14.453125000000002
223,-0.8248696716481104,14.518229166666668
224,-0.777895604532417,14.583333333333334
225,-0.7950761963484367,14.648437500000002
226,-0.6809751247834533,14.713541666666668
227,-0.7945212889650402,14.778645833333334
228,-0.7367181439685238,14.843750000000002
229,-0.7906713137101292,14.908854166666668
230,-0.6724056215635292,14.973958333333334
231,-0.6202391256233855,15.039062500000002
232,-0.6740277957935282,15.104166666666668
233,-0.6223070189062178,15.169270833333334
234,-0.5833993720948024,15.234375000000002
235,-0.6221994284673725,15.299479166666668
236,-0.5719505066750216,15.364583333333334
237,-0.4695019944871654,15.429687500000002
238,-0.47104157109740424,15.494791666666668
239,-0.42937544422415835,15.559895833333334
240,-0.4151792875455256,15.625000000000002
241,-0.4168061516083419,15.690104166666668
242,-0.3645593230347081,15.755208333333334
243,-0.4049549698802197,15.820312500000002
244,-0.25798161565914823,15.885416666666668
245,-0.28222531823934816,15.950520833333334
246,-0.308694155671256,16.015625
247,-0.11830197320321419,16.080729166666668
248,-0.33676880786058916,16.145833333333336
249,-0.26317172376945225,16.2109375
250,-0.1398647512480566,16.276041666666668
251,-0.17196936487009892,16.341145833333336
252,-0.12209761201342564,16.40625
253,-0.08503161808298002,16.471354166666668
254,0.006177202218032765,16.536458333333336
255,-0.014283229515345558,16.6015625
256,-0.10057485727128462,16.666666666666668
257,-0.045795278467229604,16.731770833333336
258,0.06909154827390107,16.796875
259,0.07483751144186562,16.861979166666668
260,0.07149958740727144,16.927083333333336
261,0.08838582119704061,16.9921875
262,0.06915287726191237,17.057291666666668
263,0.10365986558453782,17.122395833333336
264,0.1431613943163566,17.1875
265,0.24338562780736045,17.252604166666668
266,0.3108173312527255,17.317708333333336
267,0.3743143119736733,17.3828125
268,0.3092892168453359,17.447916666666668
269,0.36754437755384345,17.513020833333336
270,0.41781404261134486,17.578125
271,0.44388819312878575,17.643229166666668
272,0.5292488868414374,17.708333333333336
273,0.49361516550163154,17.7734375
274,0.4639188415432152,17.838541666666668
275,0.417529457418947,17.903645833333336
276,0.5419021573190357,17.96875
277,0.4404480911034961,18.033854166666668
278,0.5904597200144158,18.098958333333336
279,0.6448212359029675,18.1640625
280,0.5637672938623436,18.229166666666668
281,0.6483542790686855,18.294270833333336
282,0.6514749163641127,18.359375
283,0.693654329585291,18.424479166666668
284,0.7365612180554579,18.489583333333336
285,0.6623924516695878,18.5546875
286,0.7091315880953727,18.619791666666668
287,0.7637088176370652,18.684895833333336
288,0.8767547079267592,18.75
289,0.8819405500100299,18.815104166666668
290,0.845962325455479,18.880208333333336
291,0.8799729865438459,18.9453125
292,0.8266008291444579,19.010416666666668
293,0.9405734030479185,19.075520833333336
294,0.8793300590955786,19.140625
295,0.8889925302647802,19.205729166666668
296,0.98964791309498,19.270833333333336
297,0.9959206754352727,19.3359375
298,0.9090721602628377,19.401041666666668
299,0.9541456052620567,19.466145833333336
300,0.9201214836545069,19.53125
301,0.9445046941114644,19.596354166666668
302,1.027223428924076,19.661458333333336
303,1.064007156340651,19.7265625
304,1.1021534816899927,19.791666666666668
305,1.1016105369943765,19.856770833333336
306,0.9758435549603954,19.921875
307,1.050354348669665,19.986979166666668
308,1.1602992877916902,20.052083333333336
309,1.1063633752655109,20.1171875
310,1.0500398988540993,20.182291666666668
311,1.1480606975304986,20.247395833333336
312,1.1290977632361885,20.3125
313,1.1296731612432023,20.377604166666668
314,1.183453103489569,20.442708333333336
315,1.1352596433465867,20.5078125
316,1.1218221179962613,20.572916666666668
317,1.2016344555310252,20.638020833333336
318,1.1595727501822528,20.703125
319,1.0942817483065772,20.768229166666668
320,1.072609056911944,20.833333333333336
321,1.1450949012259897,20.8984375
322,1.0456296938766887,20.963541666666668
323,1.2005066108633418,21.028645833333336
324,1.1065132632021506,21.09375
325,1.1774077451388179,21.158854166666668
326,1.1813762495127076,21.223958333333336
327,1.1614269545014628,21.2890625
328,1.1924982289710693,21.354166666666668
329,1.0247852542619722,21.419270833333336
330,1.0941828823096185,21.484375
331,1.0685696207844275,21.549479166666668
332,1.0545169444522167,21.614583333333336
333,1.021202963324528,21.6796875
334,1.1225711653135797,21.744791666666668
335,1.0988140543515161,21.809895833333336
336,1.0246786473234468,21.875
337,0.9642223262187348,21.940104166666668
338,1.0189866998948394,22.005208333333336
339,1.0231995173380037,22.0703125
340,1.0593058722544848,22.135416666666668
341,1.007421123693844,22.200520833333336
342,1.0128842159637677,22.265625
343,0.940917030657783,22.330729166666668
344,1.1244493555789241,22.395833333333336
345,0.8756636324805114,22.4609375
346,0.8957441216358795,22.526041666666668
347,0.9312634409307453,22.591145833333336
348,0.8748630811872016,22.65625
349,0.9224433684612533,22.721354166666668
350,0.7790729666275783,22.786458333333336
351,0.7621016936393383,22.8515625
352,0.8881980238855807,22.916666666666668
353,0.8303932162039291,22.981770833333336
354,0.7405255736872519,23.046875
355,0.848087885870919,23.111979166666668
356,0.7315463160321501,23.177083333333336
357,0.6674179922167432,23.2421875
358,0.6081293978617528,23.307291666666668
359,0.7603804752447791,23.372395833333336
360,0.5882171655044565,23.4375
361,0.647015835174611,23.502604166666668
362,0.5928187828104405,23.567708333333336
363,0.5839594844917262,23.6328125
364,0.4167323463669858,23.697916666666668
365,0.5127077351892376,23.763020833333336
366,0.48902786757870564,23.828125
367,0.5420642591404969,23.893229166666668
368,0.2936190217813541,23.958333333333336
369,0.40392339600158994,24.0234375
370,0.3748742395134765,24.088541666666668
371,0.4276846254402874,24.153645833333336
372,0.3811200112787141,24.21875
373,0.33573660456521864,24.283854166666668
374,0.31310155730996025,24.348958333333336
375,0.3081675571294561,24.4140625
376,0.2576444509426641,24.479166666666668
377,0.2128324741978579,24.544270833333336
378,0.1803628563048908,24.609375
379,0.08948114775565022,24.674479166666668
380,0.057096502181015064,24.739583333333336
381,0.07501705810103722,24.8046875
382,-0.02895528095644718,24.869791666666668
383,0.02924117259378976,24.934895833333336
384,0.09887872146771456,25.0
385,-0.04167616131045473,25.065104166666668
386,0.011144956995532002,25.130208333333336
387,-0.025743711046542904,25.195312500000004
388,-0.1445268674386756,25.260416666666668
389,-0.18686210060706013,25.325520833333336
390,-0.19883898056883573,25.390625000000004
391,-0.2529835107510973,25.455729166666668
392,-0.2576527512023326,25.520833333333336
393,-0.2366130438098143,25.585937500000004
394,-0.16818747112848728,25.651041666666668
395,-0.2928350783817048,25.716145833333336
396,-0.4018200318626835,25.781250000000004
397,-0.3357313963751613,25.846354166666668
398,-0.40438553496471885,25.911458333333336
399,-0.3799142868530924,25.976562500000004
400,-0.4739905921584212,26.041666666666668
401,-0.4477032816286053,26.106770833333336
402,-0.4055148149482018,26.171875000000004
403,-0.541454452852075,26.236979166666668
404,-0.6168548050488039,26.302083333333336
405,-0.5166780635637336,26.367187500000004
406,-0.6138790571660157,26.432291666666668
407,-0.45541553981179217,26.497395833333336
408,-0.6465282850821491,26.562500000000004
409,-0.6460886049608046,26.627604166666668
410,-0.700201104537628,26.692708333333336
411,-0.7832206456451806,26.757812500000004
412,-0.7728465080966049,26.822916666666668
413,-0.6908027950837466,26.888020833333336
414,-0.712950941392778,26.953125000000004
415,-0.6697193806975253,27.018229166666668
416,-0.8833536473654298,27.083333333333336
417,-0.7174620339142211,27.148437500000004
418,-0.8073730574973083,27.213541666666668
419,-0.7994365198986837,27.278645833333336
420,-0.9020072403056023,27.343750000000004
421,-0.7968606593560837,27.408854166666668
422,-0.9358160078908033,27.473958333333336
423,-0.85099364429439,27.539062500000004
424,-0.8874676097580712,27.604166666666668
425,-0.957262029592069,27.669270833333336
426,-0.9784687439593531,27.734375000000004
427,-0.9227186724436952,27.799479166666668
428,-1.017175394801928,27.864583333333336
429,-0.9960840961009111,27.929687500000004
430,-1.0310998937707176,27.994791666666668
431,-1.0960312293161445,28.059895833333336
432,-1.0110599516282162,28.125000000000004
433,-0.906685040809954,28.190104166666668
434,-1.0652658352074587,28.255208333333336
435,-1.0480389639090921,28.320312500000004
436,-1.23776714299603,28.385416666666668
437,-0.9813284495004468,28.450520833333336
438,-1.079991702673408,28.515625000000004
439,-1.0249711509921102,28.580729166666668
440,-1.1038298154415018,28.645833333333336
441,-1.1787388683950222,28.710937500000004
442,-1.1944751423140445,28.776041666666668
443,-1.0553055523274624,28.841145833333336
444,-1.089188631071743,28.906250000000004
445,-1.2131031193849728,28.971354166666668
446,-1.1069049792787324,29.036458333333336
447,-1.1490415451413063,29.101562500000004
448,-1.1546083620888632,29.166666666666668
449,-1.157644564306556,29.231770833333336
450,-1.2416219659774412,29.296875000000004
451,-1.0947292981423442,29.361979166666668
452,-1.1639729657765512,29.427083333333336
453,-1.164368678243465,29.492187500000004
454,-1.1384164405776658,29.557291666666668
455,-1.0629326701350739,29.622395833333336
456,-1.0326280074595207,29.687500000000004
457,-1.0322640869448114,29.752604166666668
458,-1.034734272310002,29.817708333333336
459,-1.0391498340974306,29.882812500000004
460,-0.9240426544520592,29.947916666666668
461,-1.0035331887720467,30.013020833333336
462,-1.0924762256407223,30.078125000000004
463,-1.0390311009622593,30.143229166666668
464,-1.0113589108662384,30.208333333333336
465,-1.0233935066743516,30.273437500000004
466,-0.9471357712201195,30.338541666666668
467,-0.9292251817506542,30.403645833333336
468,-0.9955193937049792,30.468750000000004
469,-0.8619392136526672,30.533854166666668
470,-0.9420824771051365,30.598958333333336
471,-0.8908234217206452,30.664062500000004
472,-0.896639517022979,30.729166666666668
473,-1.0020035065556832,30.794270833333336
474,-0.8009156972200296,30.859375000000004
475,-0.8070019398540592,30.924479166666668
476,-0.8354709678876259,30.989583333333336
477,-0.8255647701291732,31.054687500000004
478,-0.8100332845424719,31.119791666666668
479,-0.7961493844404992,31.184895833333336
480,-0.745588035078281,31.250000000000004
481,-0.6957894726218775,31.315104166666668
482,-0.6697887465380595,31.380208333333336
483,-0.6915986694205182,31.445312500000004
484,-0.6301501768193384,31.510416666666668
485,-0.7525183495691166,31.575520833333336
486,-0.6134627746190616,31.640625000000004
487,-0.7194759168286922,31.705729166666668
488,-0.542147756322291,31.770833333333336
489,-0.650603681954347,31.835937500000004
490,-0.6447772400573912,31.901041666666668
491,-0.4350743749296017,31.966145833333336
492,-0.524251006029258,32.03125
493,-0.6334527879248368,32.09635416666667
494,-0.5243989392793058,32.161458333333336
495,-0.48232657833519194,32.2265625
496,-0.4423699076016592,32.29166666666667
497,-0.3103843302517415,32.356770833333336
498,-0.4105234976093649,32.421875
499,-0.31159847163673415,32.48697916666667
500,-0.23890530639947336,32.552083333333336
501,-0.3529852409349734,32.6171875
502,-0.2563117928099929,32.68229166666667
503,-0.1798520495060604,32.747395833333336
504,-0.16967510448665807,32.8125
505,-0.19386965635604306,32.87760416666667
506,-0.03409728987874668,32.942708333333336
507,-0.09383143517498263,33.0078125
508,-0.04969741128085605,33.07291666666667
509,-0.07782057387727224,33.138020833333336
510,-0.05941822958171421,33.203125
511,-0.04067887344364993,33.26822916666667
512,0.12170967244202704,33.333333333333336
513,0.06751395355023876,33.3984375
514,0.03575453509194001,33.46354166666667
515,0.07271612615603561,33.528645833333336
516,0.15086205353097534,33.59375
517,0.11304711842927785,33.65885416666667
518,0.15360391880387428,33.723958333333336
519,0.24349962083564822,33.7890625
520,0.1391560920063306,33.85416666666667
521,0.2748059860006368,33.919270833333336
522,0.2367633666289887,33.984375
523,0.4046806654765013,34.04947916666667
524,0.21306066302687238,34.114583333333336
525,0.26324696384662727,34.1796875
526,0.38715841486668645,34.24479166666667
527,0.446033473881724,34.309895833333336
528,0.33436914724007766,34.375
529,0.5341057427676069,34.44010416666667
530,0.4898802695532274,34.505208333333336
531,0.48876290997271243,34.5703125
532,0.4764581524424049,34.63541666666667
533,0.4763692583455278,34.700520833333336
534,0.6224744906302215,34.765625
535,0.5261502835893924,34.83072916666667
536,0.5475692511438568,34.895833333333336
537,0.5538170463483689,34.9609375
538,0.6295103272041457,35.02604166666667
539,0.6035623251562312,35.091145833333336
540,0.6900945822919567,35.15625
541,0.7088329182316213,35.22135416666667
542,0.7124714445409911,35.286458333333336
543,0.6455151451808215,35.3515625
544,0.7356826737630172,35.41666666666667
545,0.7029040260594444,35.481770833333336
546,0.7479429768930815,35.546875
547,0.865164915800968,35.61197916666667
548,0.9026986206934106,35.677083333333336
549,0.8527726785473452,35.7421875
550,0.8905175754038396,35.80729166666667
551,0.7521012208173022,35.872395833333336
552,0.8873179589718752,35.9375
553,0.7886402282056412,36.00260416666667
554,0.9254122102103968,36.067708333333336
555,0.979784700284741,36.1328125
556,0.89371700921479,36.19791666666667
557,0.8845679360134122,36.263020833333336
558,0.9981772038852489,36.328125
559,0.9600988464078746,36.39322916666667
560,1.0024740309685498,36.458333333333336
561,0.9859532780521449,36.5234375
562,0.9760922199748004,36.58854166666667
563,0.9925598779681675,36.653645833333336
564,0.9235369939343666,36.71875
565,0.9509685863365025,36.78385416666667
566,1.0444060621278795,36.848958333333336
567,0.9785694354544748,36.9140625
568,1.0113360768313702,36.97916666666667
569,0.8839230888124721,37.044270833333336
570,1.0122745339262778,37.109375
571,1.0631092941023175,37.17447916666667
572,1.1396480326124714,37.239583333333336
573,1.0436331809574941,37.3046875
574,1.0229020142189709,37.36979166666667
575,1.0358441303895536,37.434895833333336
576,0.9860414918356757,37.5
577,0.9860161721301276,37.56510416666667
578,1.0447621673592002,37.630208333333336
579,0.9722352360000744,37.6953125
580,1.0137087705973298,37.76041666666667
581,1.0467865054698806,37.825520833333336
582,0.9028429660660282,37.890625
583,1.0282422107866727,37.95572916666667
584,1.025175440962423,38.020833333333336
585,1.0114510848269394,38.0859375
586,1.0412692682885685,38.15104166666667
587,1.0450744439567987,38.216145833333336
588,0.9828064129527108,38.28125
589,0.967047023440723,38.34635416666667
590,0.8418298426400471,38.411458333333336
591,0.8852132856444908,38.4765625
592,0.9956501419125009,38.54166666666667
593,0.887868944884029,38.606770833333336
594,0.8828688032477242,38.671875
595,0.8705443716276056,38.73697916666667
596,0.8694099890557544,38.802083333333336
597,0.9069325850039938,38.8671875
598,0.8517792933501884,38.93229166666667
599,0.7993450574032701,38.997395833333336
600,0.8237186907810924,39.0625
601,0.8122400052857022,39.12760416666667
602,0.9176906840140847,39.192708333333336
603,0.873428761126208,39.2578125
604,0.7068712544555986,39.32291666666667
605,0.8257936510580156,39.388020833333336
606,0.7182687166619036,39.453125
607,0.6970387691766299,39.51822916666667
608,0.7523004423068123,39.583333333333336
609,0.6492853416879695,39.6484375
610,0.70421014971504,39.71354166666667
611,0.6399902804784542,39.778645833333336
612,0.6522714967758102,39.84375
613,0.5646848908300293,39.90885416666667
614,0.6380040582452489,39.973958333333336
615,0.6738767587344202,40.0390625
616,0.48390953532039765,40.10416666666667
617,0.5309729153455155,40.169270833333336
618,0.4271591997908067,40.234375
619,0.5069902886190643,40.29947916666667
620,0.4641476564197614,40.364583333333336
621,0.5286744500001133,40.4296875
622,0.5201889917198433,40.49479166666667
623,0.37124940819710445,40.559895833333336
624,0.27514392182881975,40.625
625,0.39568940474467124,40.69010416666667
626,0.33944673652030866,40.755208333333336
627,0.41970176455603525,40.8203125
628,0.2739010866336083,40.88541666666667
629,0.24006144416405933,40.950520833333336
630,0.26150412938388556,41.015625
631,0.19368185512149166,41.08072916666667
632,0.1280777785653519,41.145833333333336
633,0.10917262358564483,41.2109375
634,0.1964709833886401,41.27604166666667
635,0.18848037552316102,41.341145833333336
636,0.08735891078524687,41.40625
637,0.05564138296633422,41.47135416666667
638,0.08478090034452423,41.536458333333336
639,0.009185036315334374,41.6015625
640,0.04952208934979892,41.66666666666667
641,-0.06338597606737811,41.731770833333336
642,-0.027466469321447605,41.796875
643,-0.08397648795483602,41.86197916666667
644,-0.05774639184831812,41.927083333333336
645,-0.08910667640827846,41.9921875
646,-0.23475265136642193,42.05729166666667
647,-0.1269692278309472,42.122395833333336
648,-0.08905514723006382,42.1875
649,-0.17456439103751256,42.25260416666667
650,-0.30806136255750527,42.317708333333336
651,-0.38305726972666443,42.3828125
652,-0.2114032425443091,42.44791666666667
653,-0.3529377145123512,42.513020833333336
654,-0.25389938307073556,42.578125
655,-0.3065909128016747,42.64322916666667
656,-0.3452653676574424,42.708333333333336
657,-0.42861127695779994,42.7734375
658,-0.47421982465684903,42.83854166666667
659,-0.5319139701833847,42.903645833333336
660,-0.36530654349068686,42.96875
661,-0.5132148858282846,43.03385416666667
662,-0.4567217620155147,43.098958333333336
663,-0.5289091053503856,43.1640625
664,-0.53505189944251,43.22916666666667
665,-0.5584069972886384,43.294270833333336
666,-0.5652352565373664,43.359375
667,-0.6358106961331269,43.42447916666667
668,-0.670295486348898,43.489583333333336
669,-0.5560461812753341,43.5546875
670,-0.628190750292375,43.61979166666667
671,-0.5616554693683607,43.684895833333336
672,-0.6875635597583325,43.75
673,-0.6651337311775615,43.81510416666667
674,-0.6512894209035345,43.880208333333336
675,-0.732592352574755,43.9453125
676,-0.7645347530845548,44.01041666666667
677,-0.7582293536177033,44.075520833333336
678,-0.7252752799127156,44.140625
679,-0.7306458746995432,44.20572916666667
680,-0.7242117695032511,44.270833333333336
681,-0.7527789734701938,44.3359375
682,-0.8602995027983357,44.40104166666667
683,-0.8157644365386789,44.466145833333336
684,-0.8665460886411375,44.53125
685,-0.914159254451576,44.59635416666667
686,-0.9325735914198979,44.661458333333336
687,-0.8192207693582617,44.7265625
688,-0.8996451741419772,44.79166666666667
689,-0.9229566018904611,44.856770833333336
690,-0.8067526050374909,44.921875
691,-0.9269483192681125,44.98697916666667
692,-0.870002723087379,45.052083333333336
693,-0.8693780892598774,45.1171875
694,-0.8886030569062818,45.18229166666667
695,-0.8922625112701874,45.247395833333336
696,-0.9265135500989,45.3125
697,-0.9163308454417924,45.37760416666667
698,-0.8589826508396367,45.442708333333336
699,-0.8748686136759475,45.5078125
700,-0.8792419678393266,45.57291666666667
701,-0.9950987890195421,45.638020833333336
702,-0.958898223678385,45.703125
703,-0.9390393679804381,45.76822916666667
704,-0.9662166209022438,45.833333333333336
705,-0.9032396823369974,45.8984375
706,-0.9245421602451839,45.96354166666667
707,-0.884064012235028,46.028645833333336
708,-0.8927915334407981,46.09375
709,-0.8676333620798367,46.15885416666667
710,-0.9812857731969232,46.223958333333336
711,-0.9184837548109542,46.2890625
712,-1.0066980511687251,46.35416666666667
713,-0.9561411033797733,46.419270833333336
714,-0.8538248706148799,46.484375
715,-0.8314938567217464,46.54947916666667
716,-0.8204586148398088,46.614583333333336
717,-0.8098869447538126,46.6796875
718,-0.9056793008658173,46.74479166666667
719,-0.8938940077772838,46.809895833333336
720,-0.8977377006560884,46.875
721,-0.8237187016362555,46.94010416666667
722,-0.8540928249862614,47.005208333333336
723,-0.7307300933532003,47.0703125
724,-0.7634493507968314,47.13541666666667
725,-0.8621195759577087,47.200520833333336
726,-0.795405390473836,47.265625
727,-0.7721298493046885,47.33072916666667
728,-0.8562005754094314,47.395833333333336
729,-0.7050375010618395,47.4609375
730,-0.7132674840745873,47.52604166666667
731,-0.6898546260257318,47.591145833333336
732,-0.7083625773217362,47.65625
733,-0.691864915987099,47.72135416666667
734,-0.668285825554755,47.786458333333336
735,-0.7012684240998697,47.8515625
736,-0.6871058147424233,47.91666666666667
737,-0.5518717436353526,47.981770833333336
738,-0.5127015948590558,48.046875
739,-0.6284654069873727,48.11197916666667
740,-0.5149321814519029,48.177083333333336
741,-0.5294517227486262,48.2421875
742,-0.667043173432914,48.30729166666667
743,-0.5116710428992016,48.372395833333336
744,-0.5155043365700593,48.4375
745,-0.566963803631998,48.50260416666667
746,-0.5087584574857867,48.567708333333336
747,-0.5288783082948404,48.6328125
748,-0.5251203384244078,48.69791666666667
749,-0.41744762299443977,48.763020833333336
750,-0.34081747026211867,48.828125
751,-0.4302555573843091,48.89322916666667
752,-0.36089576393985767,48.958333333333336
753,-0.2656040294012195,49.0234375
754,-0.23587117436999414,49.08854166666667
755,-0.24248892790716758,49.153645833333336
756,-0.31593520425273247,49.21875
757,-0.24074124957963589,49.28385416666667
758,-0.2759969160475284,49.348958333333336
759,-0.1880898688829883,49.4140625
760,-0.15889643753438376,49.47916666666667
761,-0.11313946246758329,49.544270833333336
762,-0.10586597011270284,49.609375
763,-0.16310815523431982,49.67447916666667
764,-0.12577127835329663,49.739583333333336
765,-0.1079158100957375,49.8046875
766,-0.011233613268601422,49.86979166666667
767,0.002402244410803075,49.934895833333336
768,-0.02748680646367913,50.0
769,0.10637620321930638,50.06510416666667
770,-0.019167812047994337,50.130208333333336
771,0.057694577004473474,50.19531250000001
772,0.13013820866668063,50.26041666666667
773,0.07527129864949397,50.325520833333336
774,0.20113829673174122,50.39062500000001
775,0.10004974349189401,50.45572916666667
776,0.12277468825993477,50.520833333333336
777,0.22561777877612257,50.58593750000001
778,0.20188256282205955,50.65104166666667
779,0.2656583408884908,50.716145833333336
780,0.2605780543448687,50.78125000000001
781,0.2324751481322368,50.84635416666667
782,0.32578622818069247,50.911458333333336
783,0.3419074873407226,50.97656250000001
784,0.3392627609151106,51.04166666666667
785,0.2656131510544312,51.106770833333336
786,0.3340191869762959,51.17187500000001
787,0.39989068636186903,51.23697916666667
788,0.4145300904751085,51.302083333333336
789,0.3508216645431631,51.36718750000001
790,0.5103353013998563,51.43229166666667
791,0.4842328066383374,51.497395833333336
792,0.47962189826161883,51.56250000000001
793,0.6057757945009461,51.62760416666667
794,0.5109481182399658,51.692708333333336
795,0.5185777369483384,51.75781250000001
796,0.4989255444496334,51.82291666666667
797,0.47982679686160673,51.888020833333336
798,0.518423189419947,51.95312500000001
799,0.6248591327659556,52.01822916666667
800,0.6510811280716308,52.083333333333336
801,0.6680684146609576,52.14843750000001
802,0.7287089932266587,52.21354166666667
803,0.5130518179118954,52.278645833333336
804,0.6466699324977577,52.34375000000001
805,0.723865950060792,52.40885416666667
806,0.7260653735372907,52.473958333333336
807,0.7000486479872784,52.53906250000001
808,0.7496645740186344,52.60416666666667
809,0.7229071207639923,52.669270833333336
810,0.7388948879618004,52.73437500000001
811,0.7222150400284115,52.79947916666667
812,0.7424275526859117,52.864583333333336
813,0.8486389791914892,52.92968750000001
814,0.8266488603580321,52.99479166666667
815,0.7647908224597874,53.059895833333336
816,0.7463595507280325,53.12500000000001
817,0.7967281277645725,53.19010416666667
818,0.8074123510172114,53.255208333333336
819,0.8855097054390698,53.32031250000001
820,0.7869281726094327,53.38541666666667
821,0.9074264284270576,53.450520833333336
822,0.8203393106028398,53.51562500000001
823,0.8492358493455687,53.58072916666667
824,0.9038803252973667,53.645833333333336
825,0.8471687193961634,53.71093750000001
826,0.9454617832820784,53.77604166666667
827,0.9370720101978258,53.841145833333336
828,0.792321381566845,53.90625000000001
829,0.8529184190573451,53.97135416666667
830,0.8159307062906724,54.036458333333336
831,0.8540395901088248,54.10156250000001
832,0.8340194391601908,54.16666666666667
833,0.8644794543223802,54.231770833333336
834,0.8444518194748508,54.29687500000001
835,0.8853859594058449,54.36197916666667
836,0.8621468339349609,54.427083333333336
837,0.8672834477535246,54.49218750000001
838,0.7887715866690155,54.55729166666667
839,0.8750154518360304,54.622395833333336
840,0.8858821006982968,54.68750000000001
841,0.8891100986142274,54.75260416666667
842,0.8346973271159873,54.817708333333336
843,0.7911614832637506,54.88281250000001
844,0.7948726999601196,54.94791666666667
845,0.8642026305492887,55.013020833333336
846,0.8112247246990578,55.07812500000001
847,0.7867720449376681,55.14322916666667
848,0.8583429426857258,55.208333333333336
849,0.7845951074781435,55.27343750000001
850,0.7810159603313069,55.33854166666667
851,0.7354007320792476,55.403645833333336
852,0.8497995172644061,55.46875000000001
853,0.8227197424733445,55.53385416666667
854,0.7676095983552278,55.598958333333336
855,0.7840632038127829,55.66406250000001
856,0.7224479759781308,55.72916666666667
857,0.7933474179742392,55.794270833333336
858,0.6904747537033182,55.85937500000001
859,0.6631337494565239,55.92447916666667
860,0.670451702151809,55.989583333333336
861,0.6722360667599219,56.05468750000001
862,0.6437911792390608,56.11979166666667
863,0.5771761096880298,56.184895833333336
864,0.6065585174899124,56.25000000000001
865,0.5863361273965018,56.31510416666667
866,0.591910274253101,56.380208333333336
867,0.5261967883329044,56.44531250000001
868,0.5391814510667722,56.51041666666667
869,0.5264159767686628,56.575520833333336
870,0.489252522788,56.64062500000001
871,0.5118138788860465,56.70572916666667
872,0.5050106383734453,56.770833333333336
873,0.4800761044456759,56.83593750000001
874,0.37721520092777194,56.90104166666667
875,0.4205180379785837,56.966145833333336
876,0.37817432936709333,57.03125000000001
877,0.4311106886635554,57.09635416666667
878,0.3858104928467522,57.161458333333336
879,0.28689385204991863,57.22656250000001
880,0.3392899971536847,57.29166666666667
881,0.2918191082461295,57.356770833333336
882,0.294020163958157,57.42187500000001
883,0.29188306261552127,57.48697916666667
884,0.22550416899974743,57.552083333333336
885,0.2482823213977582,57.61718750000001
886,0.17539176334252887,57.68229166666667
887,0.21084641278073113,57.747395833333336
888,0.284776586064118,57.81250000000001
889,0.1371466814021103,57.87760416666667
890,0.07986437634251857,57.942708333333336
891,0.08081843804275547,58.00781250000001
892,0.07266534942201903,58.07291666666667
893,0.16299221245325154,58.138020833333336
894,0.03953952872114281,58.20312500000001
895,-0.010951456672388527,58.26822916666667
896,-0.03682909444615048,58.333333333333336
897,0.005551754264915907,58.39843750000001
898,-0.008287243731615664,58.46354166666667
899,-0.03835730604167716,58.528645833333336
900,-0.0674334141420717,58.59375000000001
901,-0.1714341909205714,58.65885416666667
902,-0.08905049849280618,58.723958333333336
903,-0.08039781277121738,58.78906250000001
904,-0.18633442639690578,58.85416666666667
905,-0.2784538928471485,58.919270833333336
906,-0.15581950642756862,58.98437500000001
907,-0.2391509553608621,59.04947916666667
908,-0.2545166801994676,59.114583333333336
909,-0.21030769114720815,59.17968750000001
910,-0.25197944165651354,59.24479166666667
911,-0.25569418447772035,59.309895833333336
912,-0.3168095910111962,59.37500000000001
913,-0.35227939516841544,59.44010416666667
914,-0.36991357159669036,59.505208333333336
915,-0.41037091264332176,59.57031250000001
916,-0.42945425229476203,59.63541666666667
917,-0.4426628658208382,59.700520833333336
918,-0.39552137760838474,59.76562500000001
919,-0.5187525943274951,59.83072916666667
920,-0.49937700494018433,59.895833333333336
921,-0.4997365695381325,59.96093750000001
922,-0.5331662421321448,60.02604166666667
923,-0.5447245746951666,60.091145833333336
924,-0.5450605882482773,60.15625000000001
925,-0.6010052560027584,60.22135416666667
926,-0.5924444890767155,60.286458333333336
927,-0.6607657015436715,60.35156250000001
928,-0.6754218330725734,60.41666666666667
929,-0.5940358908701094,60.481770833333336
930,-0.6162004673264659,60.54687500000001
931,-0.6117737746267851,60.61197916666667
932,-0.6917049240339849,60.677083333333336
933,-0.6666880382154989,60.74218750000001
934,-0.72820166407617,60.80729166666667
935,-0.7059139636627274,60.872395833333336
936,-0.6593431815207159,60.93750000000001
937,-0.6055593204669518,61.00260416666667
938,-0.6941727260387468,61.067708333333336
939,-0.7152385890102263,61.13281250000001
940,-0.7570430930029983,61.19791666666667
941,-0.7769660868112005,61.263020833333336
942,-0.7471813027298154,61.32812500000001
943,-0.7413317832876604,61.39322916666667
944,-0.8654556911238139,61.458333333333336
945,-0.8139919501876199,61.52343750000001
946,-0.83737522136101,61.58854166666667
947,-0.8361014937960939,61.653645833333336
948,-0.8430953554438058,61.71875000000001
949,-0.8288783101754011,61.78385416666667
950,-0.822460008896969,61.848958333333336
951,-0.8974141647360789,61.91406250000001
952,-0.8416250129254159,61.97916666666667
953,-0.9223587583824392,62.044270833333336
954,-0.8590322876128946,62.10937500000001
955,-0.8406976451442606,62.17447916666667
956,-0.7860912687050293,62.239583333333336
957,-0.8388575393955013,62.30468750000001
958,-0.8893540606005054,62.36979166666667
959,-0.9294666244233849,62.434895833333336
960,-0.883414934572345,62.50000000000001
961,-0.8386016653433519,62.56510416666667
962,-0.8422459237782746,62.630208333333336
963,-0.8381555035762533,62.69531250000001
964,-0.8658191982854687,62.76041666666667
965,-0.8755823760182275,62.825520833333336
966,-0.8331186505667493,62.89062500000001
967,-0.8451940706212276,62.95572916666667
968,-0.7981243142108507,63.020833333333336
969,-0.8894924244967273,63.08593750000001
970,-0.8777777734677609,63.15104166666667
971,-0.8473329746759247,63.216145833333336
972,-0.8137940818616118,63.28125000000001
973,-0.7602872331013473,63.34635416666667
974,-0.7612305405712906,63.411458333333336
975,-0.8044740526959916,63.47656250000001
976,-0.810270881333977,63.54166666666667
977,-0.8670976092570338,63.606770833333336
978,-0.7397959139390158,63.67187500000001
979,-0.7661114580443483,63.73697916666667
980,-0.7555282129527298,63.802083333333336
981,-0.7737066590734869,63.86718750000001
982,-0.7569269057400234,63.93229166666667
983,-0.7494462043922313,63.997395833333336
984,-0.6894149807937291,64.0625
985,-0.6515306661252452,64.12760416666667
986,-0.6979273136069282,64.19270833333334
987,-0.6845466839507179,64.2578125
988,-0.7324028326150988,64.32291666666667
989,-0.6944550689872521,64.38802083333334
990,-0.6264308411577645,64.453125
991,-0.7206142321432105,64.51822916666667
992,-0.573908550290846,64.58333333333334
993,-0.6430527909887841,64.6484375
994,-0.6211278776790536,64.71354166666667
995,-0.5648812197246068,64.77864583333334
996,-0.5523306192690182,64.84375
997,-0.5439387653374722,64.90885416666667
998,-0.5726555858847622,64.97395833333334
999,-0.582509043847007,65.0390625
1000,-0.5765538936368098,65.10416666666667
1001,-0.528578334873877,65.16927083333334
1002,-0.37826434974367557,65.234375
1003,-0.4704147584248119,65.29947916666667
1004,-0.45314845745453064,65.36458333333334
1005,-0.380099903877594,65.4296875
1006,-0.34441039644992866,65.49479166666667
1007,-0.35397154811081244,65.55989583333334
1008,-0.3260550984615429,65.625
1009,-0.3256307943692476,65.69010416666667
1010,-0.32759093779468695,65.75520833333334
1011,-0.23712248484757106,65.8203125
1012,-0.3010719977081974,65.88541666666667
1013,-0.17726243364424524,65.95052083333334
1014,-0.2439715039148045,66.015625
1015,-0.12919439201803945,66.08072916666667
1016,-0.1592085960939255,66.14583333333334
1017,-0.17183394264875884,66.2109375
1018,-0.11628680077492883,66.27604166666667
1019,-0.1485635064184639,66.34114583333334
1020,-0.033591644342460356,66.40625
1021,-0.071387189384638,66.47135416666667
1022,-0.03547491237322892,66.53645833333334
1023,0.07005372140870539,66.6015625
1024,-0.014619807070503843,66.66666666666667
1025,0.03883693124099555,66.73177083333334
1026,-0.0012663901604536376,66.796875
1027,0.1498145866956725,66.86197916666667
1028,0.16201508477261878,66.92708333333334
1029,0.14333256352663656,66.9921875
1030,0.12680071516995475,67.05729166666667
1031,0.1596544381053059,67.12239583333334
1032,0.20293655579092176,67.1875
1033,0.1352727114414668,67.25260416666667
1034,0.20571985641876034,67.31770833333334
1035,0.28359841388605955,67.3828125
1036,0.19114208281536008,67.44791666666667
1037,0.375947304155835,67.51302083333334
1038,0.3562063189689128,67.578125
1039,0.3382905927218278,67.64322916666667
1040,0.36270871882521555,67.70833333333334
1041,0.3360003470696709,67.7734375
1042,0.26436867292981525,67.83854166666667
1043,0.43011803473662263,67.90364583333334
1044,0.3564042099429067,67.96875
1045,0.5253572712474164,68.03385416666667
1046,0.4012137364096501,68.09895833333334
1047,0.5031679396723632,68.1640625
1048,0.5039102099417672,68.22916666666667
1049,0.5318240370465208,68.29427083333334
1050,0.5526031591421383,68.359375
1051,0.5574914708374131,68.42447916666667
1052,0.5704592577833952,68.48958333333334
1053,0.5827615940407168,68.5546875
1054,0.6074953945550398,68.61979166666667
1055,0.6228345669394206,68.68489583333334
1056,0.5740641083209079,68.75
1057,0.6336112573371755,68.81510416666667
1058,0.6724784649577057,68.88020833333334
1059,0.6428880713647553,68.9453125
1060,0.6715833916951626,69.01041666666667
1061,0.6943468352410195,69.07552083333334
1062,0.6942684428319383,69.140625
1063,0.7698770941744935,69.20572916666667
1064,0.8041185825496274,69.27083333333334
1065,0.8466596381959353,69.3359375
1066,0.7578379035526592,69.40104166666667
1067,0.7559740252623733,69.46614583333334
1068,0.8166832464964658,69.53125
1069,0.7769332496758179,69.59635416666667
1070,0.7904318291930811,69.66145833333334
1071,0.8246115200368618,69.7265625
1072,0.8260287138716231,69.79166666666667
1073,0.8911446882504348,69.85677083333334
1074,0.7869520342775387,69.921875
1075,0.7668752589028174,69.98697916666667
1076,0.8774276248070059,70.05208333333334
1077,0.8804141334811569,70.1171875
1078,0.8768076179984068,70.18229166666667
1079,0.9075837412488141,70.24739583333334
1080,0.8218667832534141,70.3125
1081,0.8962750251857114,70.37760416666667
1082,0.9279270177320667,70.44270833333334
1083,0.840920677925545,70.5078125
1084,0.9119169708354483,70.57291666666667
1085,0.9532765699493432,70.63802083333334
1086,0.9193020345515912,70.703125
1087,0.9541287538692063,70.76822916666667
1088,0.9563576335124923,70.83333333333334
1089,0.9218721016628654,70.8984375
1090,0.8777891088947348,70.96354166666667
1091,0.9088014017764054,71.02864583333334
1092,0.9168626098567519,71.09375
1093,0.8873118784274469,71.15885416666667
1094,0.8872254398162651,71.22395833333334
1095,0.9095071762434406,71.2890625
1096,0.8932247978192525,71.35416666666667
1097,0.9077476361394536,71.41927083333334
1098,0.8925258773175067,71.484375
1099,0.8811982995824723,71.54947916666667
1100,0.8603104716741461,71.61458333333334
1101,0.8769782857350206,71.6796875
1102,0.9188980941753416,71.74479166666667
1103,0.9475703338372947,71.80989583333334
1104,0.8962416894546177,71.875
1105,0.8120423885526451,71.94010416666667
1106,0.8337704963883497,72.00520833333334
1107,0.7864072090535137,72.0703125
1108,0.7346300939438375,72.13541666666667
1109,0.7671385032414433,72.20052083333334
1110,0.8362288766721188,72.265625
1111,0.8427764386406801,72.33072916666667
1112,0.7774663826326309,72.39583333333334
1113,0.7618073950626844,72.4609375
1114,0.7045337590275458,72.52604166666667
1115,0.7622805199740896,72.59114583333334
1116,0.7040473272615473,72.65625
1117,0.6684317448420193,72.72135416666667
1118,0.7250353470995399,72.78645833333334
1119,0.6714890136813062,72.8515625
1120,0.6333729907510731,72.91666666666667
1121,0.7049026369035656,72.98177083333334
1122,0.7139049668008883,73.046875
1123,0.5008914311087193,73.11197916666667
1124,0.6160941982958407,73.17708333333334
1125,0.6097656473774327,73.2421875
1126,0.6548741884382484,73.30729166666667
1127,0.5461168156752981,73.37239583333334
1128,0.5126026944222672,73.4375
1129,0.49008980527420026,73.50260416666667
1130,0.46084324521406905,73.56770833333334
1131,0.459870441842327,73.6328125
1132,0.44942243132803356,73.69791666666667
1133,0.347795075339357,73.76302083333334
1134,0.3846292153297549,73.828125
1135,0.41798362908890935,73.89322916666667
1136,0.34702808316202005,73.95833333333334
1137,0.3481208774336023,74.0234375
1138,0.23853825474320595,74.08854166666667
1139,0.26974526173523117,74.15364583333334
1140,0.2672430111030054,74.21875
1141,0.2567059319277684,74.28385416666667
1142,0.24919125508500378,74.34895833333334
1143,0.1690722514539279,74.4140625
1144,0.23891589706309302,74.47916666666667
1145,0.17938525184586815,74.54427083333334
1146,0.22063895364737485,74.609375
1147,0.10571523903993882,74.67447916666667
1148,0.13715014535487796,74.73958333333334
1149,0.024436268516370232,74.8046875
1150,0.05781810394429607,74.86979166666667
1151,-0.006198102874910345,74.93489583333334
1152,0.03259132835043047,75.0
1153,0.044502277144205855,75.06510416666667
1154,-0.04428211080524983,75.13020833333334
1155,-0.01864821471563151,75.1953125
1156,-0.08566359816488052,75.26041666666667
1157,-0.13678334333642048,75.32552083333334
1158,-0.13270134308362577,75.390625
1159,-0.10577908054194522,75.45572916666667
1160,-0.15323360192225602,75.52083333333334
1161,-0.22790362575464757,75.5859375
1162,-0.29552393893703494,75.65104166666667
1163,-0.3268487453375204,75.71614583333334
1164,-0.38843006887481696,75.78125
1165,-0.31378027361841143,75.84635416666667
1166,-0.36863270010437643,75.91145833333334
1167,-0.4174011496829949,75.9765625
1168,-0.39767236780087234,76.04166666666667
1169,-0.41028444814639425,76.10677083333334
1170,-0.39311543509267144,76.171875
1171,-0.4322441578500207,76.23697916666667
1172,-0.45563592728771013,76.30208333333334
1173,-0.5152025456314119,76.3671875
1174,-0.5375395727197962,76.43229166666667
1175,-0.555689616196761,76.49739583333334
1176,-0.6848780051612685,76.5625
1177,-0.573365477714612,76.62760416666667
1178,-0.5662304513431303,76.69270833333334
1179,-0.6143430761214711,76.7578125
1180,-0.5969294137520792,76.82291666666667
1181,-0.6207800967864766,76.88802083333334
1182,-0.5810036105190511,76.953125
1183,-0.7520654514845163,77.01822916666667
1184,-0.7443398116078225,77.08333333333334
1185,-0.6731692063612796,77.1484375
1186,-0.7699096269491755,77.21354166666667
1187,-0.7095295252385012,77.27864583333334
1188,-0.78799986715328,77.34375
1189,-0.7917577939871893,77.40885416666667
1190,-0.7979590424683295,77.47395833333334
1191,-0.7522485712030705,77.5390625
1192,-0.8328636995997195,77.60416666666667
1193,-0.8713598974705791,77.66927083333334
1194,-0.8380521179808837,77.734375
1195,-0.8925784361172646,77.79947916666667
1196,-0.8910566019100452,77.86458333333334
1197,-0.8840868079286784,77.9296875
1198,-0.8793595792379867,77.99479166666667
1199,-0.9484168372452091,78.05989583333334
1200,-0.9153079199213625,78.125
1201,-0.8738614371014106,78.19010416666667
1202,-0.9254655689319092,78.25520833333334
1203,-0.8844692528569293,78.3203125
1204,-0.9701602225771685,78.38541666666667
1205,-1.031947542927614,78.45052083333334
1206,-1.011537008050726,78.515625
1207,-0.9662844947711164,78.58072916666667
1208,-1.0228511117072172,78.64583333333334
1209,-0.9604492596723953,78.7109375
1210,-1.0432402863226662,78.77604166666667
1211,-0.9763310529117372,78.84114583333334
1212,-0.9172206152353803,78.90625
1213,-0.9725444377011283,78.97135416666667
1214,-1.0033048725668918,79.03645833333334
1215,-0.963619279134941,79.1015625
1216,-0.9271838811093621,79.16666666666667
1217,-0.9771237474676298,79.23177083333334
1218,-1.0380438886688224,79.296875
1219,-1.0070053783607265,79.36197916666667
1220,-1.0210689912155009,79.42708333333334
1221,-1.0398071397689934,79.4921875
1222,-0.9827205716570078,79.55729166666667
1223,-1.0296376984908873,79.62239583333334
1224,-1.022061656181579,79.6875
1225,-0.9940665155671881,79.75260416666667
1226,-0.9603631847527494,79.81770833333334
1227,-0.959769516389386,79.8828125
1228,-0.9086611890269718,79.94791666666667
1229,-0.9031176482674835,80.01302083333334
1230,-0.953500321812951,80.078125
1231,-0.9802423697922498,80.14322916666667
1232,-0.9608087934712098,80.20833333333334
1233,-0.9434004577474336,80.2734375
1234,-0.8592419104731208,80.33854166666667
1235,-0.9928940652461488,80.40364583333334
1236,-0.8600085084679364,80.46875
1237,-0.8250389980815017,80.53385416666667
1238,-0.9215530702272408,80.59895833333334
1239,-0.8903985593711967,80.6640625
1240,-0.8256634929347657,80.72916666666667
1241,-0.8625301914225094,80.79427083333334
1242,-0.794420230670641,80.859375
1243,-0.8040593260496048,80.92447916666667
1244,-0.8122167740253381,80.98958333333334
1245,-0.7869294797370824,81.0546875
1246,-0.7145218189116797,81.11979166666667
1247,-0.7253018167089967,81.18489583333334
1248,-0.7927346540752214,81.25
1249,-0.7569732787023091,81.31510416666667
1250,-0.682131564072828,81.38020833333334
1251,-0.6627095025725651,81.4453125
1252,-0.6337870401986385,81.51041666666667
1253,-0.6775305007743514,81.57552083333334
1254,-0.5127766846699506,81.640625
1255,-0.643269801155916,81.70572916666667
1256,-0.5477426361806963,81.77083333333334
1257,-0.5658224611293249,81.8359375
1258,-0.5114019443031684,81.90104166666667
1259,-0.5648239594603983,81.96614583333334
1260,-0.4604501264868078,82.03125
1261,-0.45944507125763256,82.09635416666667
1262,-0.3958973234033954,82.16145833333334
1263,-0.24459019238059512,82.2265625
1264,-0.37157311424821493,82.29166666666667
1265,-0.34297215571209305,82.35677083333334
1266,-0.2359845918456717,82.421875
1267,-0.21356478541006732,82.48697916666667
1268,-0.3259726292967387,82.55208333333334
1269,-0.18058969746484266,82.6171875
1270,-0.28570725486663395,82.68229166666667
1271,-0.23055640190783486,82.74739583333334
1272,-0.30288386492827746,82.8125
1273,-0.2314404209778047,82.87760416666667
1274,-0.14062415333391226,82.94270833333334
1275,-0.148468486093964,83.0078125
1276,-0.208857917001216,83.07291666666667
1277,-0.06903667778347648,83.13802083333334
1278,-0.13046880846517364,83.203125
1279,-0.1109911443627909,83.26822916666667
1280,-0.0008515769104492866,83.33333333333334
1281,0.027231524875712277,83.3984375
1282,0.08358273959819457,83.46354166666667
1283,0.14191004780161962,83.52864583333334
1284,0.09349764809963228,83.59375
1285,0.11914073837143017,83.65885416666667
1286,0.17861592325730236,83.72395833333334
1287,0.19776478790022992,83.7890625
1288,0.2646392536113721,83.85416666666667
1289,0.26032702827606585,83.91927083333334
1290,0.29556778049289273,83.984375
1291,0.2308517972583991,84.04947916666667
1292,0.29778769266438415,84.11458333333334
1293,0.3737772510214608,84.1796875
1294,0.33407816451759137,84.24479166666667
1295,0.3255086846652937,84.30989583333334
1296,0.3725085081633376,84.375
1297,0.343817390313027,84.44010416666667
1298,0.41051248069925417,84.50520833333334
1299,0.48370086744298224,84.5703125
1300,0.5175648755016491,84.63541666666667
1301,0.519209028006392,84.70052083333334
1302,0.5232567281159504,84.765625
1303,0.5408925690631418,84.83072916666667
1304,0.5819749688774154,84.89583333333334
1305,0.6484183531116273,84.9609375
1306,0.6172229575198401,85.02604166666667
1307,0.610085371490509,85.09114583333334
1308,0.7399826881636257,85.15625
1309,0.6472485098695551,85.22135416666667
1310,0.7091789372314414,85.28645833333334
1311,0.8021893845593571,85.3515625
1312,0.7170959989690696,85.41666666666667
1313,0.7863829297690967,85.48177083333334
1314,0.8181070558241931,85.546875
1315,0.831427324745732,85.61197916666667
1316,0.8615944258318802,85.67708333333334
1317,0.8074285194632306,85.7421875
1318,0.8294795200209709,85.80729166666667
1319,0.8714075319277712,85.87239583333334
1320,0.7905070617877491,85.9375
1321,0.8459915855875244,86.00260416666667
1322,0.9462349112490719,86.06770833333334
1323,1.0096843368317632,86.1328125
1324,0.8859809159648762,86.19791666666667
1325,1.0081051079213612,86.26302083333334
1326,1.0500124722640987,86.328125
1327,1.0062468390116608,86.39322916666667
1328,1.0470000041160132,86.45833333333334
1329,1.0512650490366142,86.5234375
1330,1.0737887969272903,86.58854166666667
1331,1.0556953959582092,86.65364583333334
1332,0.924623973250688,86.71875
1333,0.938637194221607,86.78385416666667
1334,1.0021707748817263,86.84895833333334
1335,1.1552854735562226,86.9140625
1336,1.033125356209044,86.97916666666667
1337,1.1166644703598132,87.04427083333334
1338,1.1410246871693654,87.109375
1339,1.1329174128823076,87.17447916666667
1340,0.957848120134994,87.23958333333334
1341,1.0104053146079883,87.3046875
1342,1.0074051514770965,87.36979166666667
1343,1.1383119768250627,87.43489583333334
1344,1.0163027314438478,87.5
1345,1.0693545459405334,87.56510416666667
1346,1.1321667174262142,87.63020833333334
1347,1.070956189677592,87.6953125
1348,1.1893932242596892,87.76041666666667
1349,1.0786880529028338,87.82552083333334
1350,1.050772630733115,87.890625
1351,1.0480657972081289,87.95572916666667
1352,1.0703871665335534,88.02083333333334
1353,1.0072889768145703,88.0859375
1354,1.013024561468716,88.15104166666667
1355,1.0555775709023725,88.21614583333334
1356,1.0069491204415213,88.28125
1357,1.0102507718359235,88.34635416666667
1358,1.056075870214495,88.41145833333334
1359,1.0049659977958092,88.4765625
1360,1.0189479410928943,88.54166666666667
1361,1.0735400124183814,88.60677083333334
1362,1.0468683718988996,88.671875
1363,0.963250617742074,88.73697916666667
1364,1.0526901956516457,88.80208333333334
1365,1.0241608443470098,88.8671875
1366,0.9505035561111106,88.93229166666667
1367,0.9759402626284965,88.99739583333334
1368,0.8856026099186369,89.0625
1369,0.956495059401346,89.12760416666667
1370,0.8037192422432681,89.19270833333334
1371,0.8862323935711742,89.2578125
1372,0.8076870580565547,89.32291666666667
1373,0.8559049829837923,89.38802083333334
1374,0.8156787158121218,89.453125
1375,0.914549128143618,89.51822916666667
1376,0.9215999862216938,89.58333333333334
1377,0.7890249605829479,89.6484375
1378,0.8366071353043109,89.71354166666667
1379,0.6686167696846151,89.77864583333334
1380,0.7170240854282306,89.84375
1381,0.6899136992452778,89.90885416666667
1382,0.6900544972195451,89.97395833333334
1383,0.7514440303156954,90.0390625
1384,0.5908949331802406,90.10416666666667
1385,0.628160666585047,90.16927083333334
1386,0.5490413537945273,90.234375
1387,0.4948459200585565,90.29947916666667
1388,0.5052447334053312,90.36458333333334
1389,0.45144378103361155,90.4296875
1390,0.4822192795987576,90.49479166666667
1391,0.4235249142272886,90.55989583333334
1392,0.503242254447527,90.625
1393,0.45164882720893196,90.69010416666667
1394,0.4512056759372945,90.75520833333334
1395,0.3008046557256242,90.8203125
1396,0.23296478611627827,90.88541666666667
1397,0.292351797026407,90.95052083333334
1398,0.2692926728023344,91.015625
1399,0.1797640313407504,91.08072916666667
1400,0.20480133899789238,91.14583333333334
1401,0.1141655184313186,91.2109375
1402,0.20607795453170316,91.27604166666667
1403,0.055723739188440494,91.34114583333334
1404,0.04309290284229053,91.40625
1405,0.1436315572626997,91.47135416666667
1406,0.04605426148098169,91.53645833333334
1407,-0.045000651821259466,91.6015625
1408,0.10532725220179844,91.66666666666667
1409,-0.06150983242246634,91.73177083333334
1410,-0.0827221361683276,91.796875
1411,-0.12722487203420302,91.86197916666667
1412,-0.11108905396376147,91.92708333333334
1413,-0.2019717738440514,91.9921875
1414,-0.20427770090776357,92.05729166666667
1415,-0.20298985245318327,92.12239583333334
1416,-0.2786182306022992,92.1875
1417,-0.2080569281456138,92.25260416666667
1418,-0.3810046486108442,92.31770833333334
1419,-0.27928432808409387,92.3828125
1420,-0.33987759358853586,92.44791666666667
1421,-0.26317534139190674,92.51302083333334
1422,-0.3324015907713958,92.578125
1423,-0.41728671184764893,92.64322916666667
1424,-0.38101697384524114,92.70833333333334
1425,-0.5112291261246258,92.7734375
1426,-0.480287438626069,92.83854166666667
1427,-0.42063215123041986,92.90364583333334
1428,-0.5380876335688429,92.96875
1429,-0.5313743468600279,93.03385416666667
1430,-0.4725398978496511,93.09895833333334
1431,-0.5632946836963086,93.1640625
1432,-0.6727958749801994,93.22916666666667
1433,-0.7493549367316998,93.29427083333334
1434,-0.681782511634222,93.359375
1435,-0.7144231796711673,93.42447916666667
1436,-0.7022825928799146,93.48958333333334
1437,-0.657649211229876,93.5546875
1438,-0.7332363459854989,93.61979166666667
1439,-0.8086481818425778,93.68489583333334
1440,-0.8250710936496979,93.75
1441,-0.9320590827012524,93.81510416666667
1442,-0.8060354895876244,93.88020833333334
1443,-0.8705846398801014,93.9453125
1444,-0.8383962520910304,94.01041666666667
1445,-0.8800668930783657,94.07552083333334
1446,-0.9320507151865989,94.140625
1447,-0.9548220338215079,94.20572916666667
1448,-1.0619861250938605,94.27083333333334
1449,-1.0509303691361584,94.3359375
1450,-0.9620712672383035,94.40104166666667
1451,-1.0362181317894017,94.46614583333334
1452,-1.002908443987367,94.53125
1453,-1.0020220301763165,94.59635416666667
1454,-1.053952128248117,94.66145833333334
1455,-1.1222100287998504,94.7265625
1456,-1.084832988403382,94.79166666666667
1457,-1.0253119600908744,94.85677083333334
1458,-1.0168408738267198,94.921875
1459,-1.0517264643962567,94.98697916666667
1460,-1.0892850631641113,95.05208333333334
1461,-1.1154186161468829,95.1171875
1462,-1.0428477661935807,95.18229166666667
1463,-1.0179507038100966,95.24739583333334
1464,-1.255691584608081,95.3125
1465,-1.1990807345370817,95.37760416666667
1466,-1.033725563939233,95.44270833333334
1467,-1.0685751355692101,95.5078125
1468,-1.126105192890968,95.57291666666667
1469,-1.122077607618385,95.63802083333334
1470,-1.0796213738030234,95.703125
1471,-1.1459573896587825,95.76822916666667
1472,-1.2137960385678204,95.83333333333334
1473,-1.133579956751799,95.8984375
1474,-1.1660706459544343,95.96354166666667
1475,-1.1204806697465588,96.02864583333334
1476,-1.165884517409286,96.09375
1477,-1.130584586536744,96.15885416666667
1478,-1.1696241882155312,96.22395833333334
1479,-1.166676606071127,96.2890625
1480,-1.1281771939363874,96.35416666666667
1481,-1.0998246677377879,96.41927083333334
1482,-1.0752193611816827,96.484375
1483,-1.090904828305541,96.54947916666667
1484,-1.169742985030568,96.61458333333334
1485,-1.1308854192283522,96.6796875
1486,-1.0239340498580687,96.74479166666667
1487,-1.031644992792317,96.80989583333334
1488,-1.1107895816295925,96.875
1489,-1.0890236301434968,96.94010416666667
1490,-0.9513058966185202,97.00520833333334
1491,-0.9985442231153645,97.0703125
1492,-1.000129886724413,97.13541666666667
1493,-1.061045562853396,97.20052083333334
1494,-0.9399313418139635,97.265625
1495,-0.9901976283549452,97.33072916666667
1496,-0.966570100458797,97.39583333333334
1497,-0.9888982384242208,97.4609375
1498,-0.9885541441169198,97.52604166666667
1499,-0.9881188291511854,97.59114583333334
1500,-0.8238049806749288,97.65625
1501,-0.8376451614612693,97.72135416666667
1502,-0.784346587258803,97.78645833333334
1503,-0.8357761401463683,97.8515625
1504,-0.7418964430187613,97.91666666666667
1505,-0.6807245566657827,97.98177083333334
1506,-0.6685635324146554,98.046875
1507,-0.6822145911489488,98.11197916666667
1508,-0.6606228752779659,98.17708333333334
1509,-0.7594245816623967,98.2421875
1510,-0.5718737834876199,98.30729166666667
1511,-0.7160914381026989,98.37239583333334
1512,-0.6355155413300869,98.4375
1513,-0.584794225610377,98.50260416666667
1514,-0.6329085776547237,98.56770833333334
1515,-0.6324146460498986,98.6328125
1516,-0.509371349708216,98.69791666666667
1517,-0.48131136305531114,98.76302083333334
1518,-0.47442468709805563,98.828125
1519,-0.44396274631835886,98.89322916666667
1520,-0.46430118245554075,98.95833333333334
1521,-0.5024910874805782,99.0234375
1522,-0.31493093797023075,99.08854166666667
1523,-0.3169446208663301,99.15364583333334
1524,-0.387434379685999,99.21875
1525,-0.33942396339253106,99.28385416666667
1526,-0.260135647002642,99.34895833333334
1527,-0.19978304204256858,99.4140625
1528,-0.31201036422280054,99.47916666666667
1529,-0.19937772618097108,99.54427083333334
1530,-0.14961184266021332,99.609375
1531,-0.17931759209067255,99.67447916666667
1532,-0.16932202907292762,99.73958333333334
1533,-0.06394312733155072,99.8046875
1534,-0.048765781208622454,99.86979166666667
1535,0.002036785160080212,99.93489583333334
1536,0.004064859240834354,100.0
1537,0.06919970896412762,100.06510416666667
1538,0.14318644254026333,100.13020833333334
1539,0.141254373317056,100.19531250000001
1540,0.11701553806508416,100.26041666666667
1541,0.19240704672009365,100.32552083333334
1542,0.16898407882100772,100.39062500000001
1543,0.25683532394431713,100.45572916666667
1544,0.2068071030610581,100.52083333333334
1545,0.1972040913335479,100.58593750000001
1546,0.23988749660258155,100.65104166666667
1547,0.21555368118673818,100.71614583333334
1548,0.3524785536988156,100.78125000000001
1549,0.3427297332073116,100.84635416666667
1550,0.4746007425866577,100.91145833333334
1551,0.4184185051291413,100.97656250000001
1552,0.3295639189294253,101.04166666666667
1553,0.4160696747894955,101.10677083333334
1554,0.47463026349658055,101.17187500000001
1555,0.6009021859107573,101.23697916666667
1556,0.6092354650678783,101.30208333333334
1557,0.6004241145400064,101.36718750000001
1558,0.5842698956235943,101.43229166666667
1559,0.6552870070603184,101.49739583333334
1560,0.678636124546615,101.56250000000001
1561,0.6984306704212723,101.62760416666667
1562,0.7273228661138078,101.69270833333334
1563,0.649121293525735,101.75781250000001
1564,0.7059271907112523,101.82291666666667
1565,0.7595367536587284,101.88802083333334
1566,0.6699125806017545,101.95312500000001
1567,0.7694309684545713,102.01822916666667
1568,0.7758339985747984,102.08333333333334
1569,0.7494296661321573,102.14843750000001
1570,0.8750102318946519,102.21354166666667
1571,0.824405260015635,102.27864583333334
1572,0.8662496794380894,102.34375000000001
1573,0.8414730424881476,102.40885416666667
1574,0.8591624135748555,102.47395833333334
1575,0.8664735226891462,102.53906250000001
1576,0.9367192047289101,102.60416666666667
1577,0.9541618891495449,102.66927083333334
1578,1.0497461893011875,102.73437500000001
1579,1.0904075924905374,102.79947916666667
1580,0.9849969847960669,102.86458333333334
1581,0.9666120957205914,102.92968750000001
1582,1.0694678084906954,102.99479166666667
1583,1.016607310851029,103.05989583333334
1584,1.0757885237649494,103.12500000000001
1585,1.0115718573033587,103.19010416666667
1586,1.086673860011403,103.25520833333334
1587,1.1030835954766567,103.32031250000001
1588,1.1655412813433481,103.38541666666667
1589,1.0433059849370494,103.45052083333334
1590,1.0696508285705375,103.51562500000001
1591,1.1094549199253352,103.58072916666667
1592,1.1388225649902113,103.64583333333334
1593,1.1805266473369878,103.71093750000001
1594,1.074125850479744,103.77604166666667
1595,1.1435539728683963,103.84114583333334
1596,1.077496242355787,103.90625000000001
1597,1.1211572177006968,103.97135416666667
1598,1.2285001341290127,104.03645833333334
1599,1.1512700435471477,104.10156250000001
1600,1.1471886949457875,104.16666666666667
1601,1.1052145705453225,104.23177083333334
1602,1.1408483420635878,104.29687500000001
1603,1.1599537866228715,104.36197916666667
1604,1.113917207745456,104.42708333333334
1605,1.0945342314821727,104.49218750000001
1606,1.1156390290964704,104.55729166666667
1607,1.130615669289975,104.62239583333334
1608,1.0079379501611057,104.68750000000001
1609,1.1556700217250453,104.75260416666667
1610,1.0807950898758447,104.81770833333334
1611,1.0498169676389657,104.88281250000001
1612,1.0347774822308409,104.94791666666667
1613,1.010629545503631,105.01302083333334
1614,1.020061132882018,105.07812500000001
1615,1.0936797656050117,105.14322916666667
1616,1.0073119690593164,105.20833333333334
1617,1.0237766362700118,105.27343750000001
1618,1.1200665581210396,105.33854166666667
1619,0.8631349794281008,105.40364583333334
1620,0.9583096558608162,105.46875000000001
1621,0.864802954475262,105.53385416666667
1622,1.031377454362355,105.59895833333334
1623,0.8894216591097704,105.66406250000001
1624,0.9691072967218732,105.72916666666667
1625,0.933165128040532,105.79427083333334
1626,0.8680205684037356,105.85937500000001
1627,0.8523302217639055,105.92447916666667
1628,0.8255266925369718,105.98958333333334
1629,0.8869406221934306,106.05468750000001
1630,0.900717332289028,106.11979166666667
1631,0.7480343498267774,106.18489583333334
1632,0.8772225099743947,106.25000000000001
1633,0.7289531412615121,106.31510416666667
1634,0.7448134209404174,106.38020833333334
1635,0.7491824353378399,106.44531250000001
1636,0.5951496610260122,106.51041666666667
1637,0.6867771564713696,106.57552083333334
1638,0.7257537516920337,106.64062500000001
1639,0.56694772016384,106.70572916666667
1640,0.6530182542307672,106.77083333333334
1641,0.6213822294884264,106.83593750000001
1642,0.5439452240036908,106.90104166666667
1643,0.5502387291476127,106.96614583333334
1644,0.49203353297579605,107.03125000000001
1645,0.4273528484693999,107.09635416666667
1646,0.49821960839018414,107.16145833333334
1647,0.46449465581733,107.22656250000001
1648,0.38621120448508667,107.29166666666667
1649,0.4244068299468937,107.35677083333334
1650,0.39473495386930435,107.42187500000001
1651,0.2968088888470184,107.48697916666667
1652,0.3515067629655575,107.55208333333334
1653,0.2993105388244314,107.61718750000001
1654,0.2710098864040052,107.68229166666667
1655,0.24302690931663626,107.74739583333334
1656,0.230689073397466,107.81250000000001
1657,0.17093739600086935,107.87760416666667
1658,0.10600298847446074,107.94270833333334
1659,0.21347333992359085,108.00781250000001
1660,0.13196277696815276,108.07291666666667
1661,0.09538738389211876,108.13802083333334
1662,0.03754308592654437,108.20312500000001
1663,0.006998027193869843,108.26822916666667
1664,0.023614884759079132,108.33333333333334
1665,-0.07105982509877262,108.39843750000001
1666,-0.13434875230936602,108.46354166666667
1667,-0.057219793143084494,108.52864583333334
1668,-0.0015431117089955589,108.59375000000001
1669,-0.1194718395918298,108.65885416666667
1670,-0.19180587824845632,108.72395833333334
1671,-0.12103817476382847,108.78906250000001
1672,-0.28498314976501316,108.85416666666667
1673,-0.2735553636683469,108.91927083333334
1674,-0.2265914118659646,108.98437500000001
1675,-0.38226749375012564,109.04947916666667
1676,-0.2841109384545095,109.11458333333334
1677,-0.2917319491620476,109.17968750000001
1678,-0.4380480843216401,109.24479166666667
1679,-0.3868928856806667,109.30989583333334
1680,-0.4354013664013955,109.37500000000001
1681,-0.45634982576602534,109.44010416666667
1682,-0.3340191880103392,109.50520833333334
1683,-0.5545657112918094,109.57031250000001
1684,-0.5213494261841985,109.63541666666667
1685,-0.589831189398709,109.70052083333334
1686,-0.600055889469267,109.76562500000001
1687,-0.5322371423544003,109.83072916666667
1688,-0.6353175877279933,109.89583333333334
1689,-0.6173343922972574,109.96093750000001
1690,-0.6491597829333796,110.02604166666667
1691,-0.673118544387414,110.09114583333334
1692,-0.736713978623085,110.15625000000001
1693,-0.6973786472057956,110.22135416666667
1694,-0.7389440396372564,110.28645833333334
1695,-0.7198846699501309,110.35156250000001
1696,-0.8270923625735976,110.41666666666667
1697,-0.7601136264360685,110.48177083333334
1698,-0.9105252156061281,110.54687500000001
1699,-0.8682214201744793,110.61197916666667
1700,-0.8126131519549221,110.67708333333334
1701,-0.8514946295239961,110.74218750000001
1702,-0.8491120085981034,110.80729166666667
1703,-0.7698731946689596,110.87239583333334
1704,-0.8598320315892265,110.93750000000001
1705,-0.9517696788812597,111.00260416666667
1706,-0.9560663852076879,111.06770833333334
1707,-0.9655767920145487,111.13281250000001
1708,-0.9504431774575101,111.19791666666667
1709,-0.9402655847747109,111.26302083333334
1710,-1.0058346955990736,111.32812500000001
1711,-0.9714126529696115,111.39322916666667
1712,-0.946777237289663,111.45833333333334
1713,-1.0867466733664488,111.52343750000001
1714,-0.983641925136683,111.58854166666667
1715,-1.0245632570618577,111.65364583333334
1716,-1.0926040203406684,111.71875000000001
1717,-1.017136215266938,111.78385416666667
1718,-1.0615647996641857,111.84895833333334
1719,-1.0589899656619024,111.91406250000001
1720,-1.0705370390461268,111.97916666666667
1721,-0.9567752758835298,112.04427083333334
1722,-1.0677607682152175,112.10937500000001
1723,-1.0284064246993938,112.17447916666667
1724,-0.9608340934889864,112.23958333333334
1725,-1.0813888371370493,112.30468750000001
1726,-1.0052109029101823,112.36979166666667
1727,-1.0567771170416396,112.43489583333334
1728,-1.0543782423600505,112.50000000000001
1729,-1.0453337184692681,112.56510416666667
1730,-1.0447949091863329,112.63020833333334
1731,-1.0661782393520136,112.69531250000001
1732,-1.1508914296895838,112.76041666666667
1733,-1.0878250707337205,112.82552083333334
1734,-1.0300297428416767,112.89062500000001
1735,-1.0753861782078673,112.95572916666667
1736,-1.0693153750777122,113.02083333333334
1737,-1.0913314442699804,113.08593750000001
1738,-1.0439799920679333,113.15104166666667
1739,-0.9637752822606657,113.21614583333334
1740,-0.9067024213222632,113.28125000000001
1741,-1.1010242557893153,113.34635416666667
1742,-1.1186525790532051,113.41145833333334
1743,-0.9389158326049563,113.47656250000001
1744,-0.9638655053322476,113.54166666666667
1745,-0.9540498044848215,113.60677083333334
1746,-0.9949343097244985,113.67187500000001
1747,-0.9094278023468729,113.73697916666667
1748,-0.9701345436103235,113.80208333333334
1749,-1.0054067453446116,113.86718750000001
1750,-0.9261825470889457,113.93229166666667
1751,-0.8168822912662581,113.99739583333334
1752,-0.8848972430507605,114.06250000000001
1753,-0.750875876086687,114.12760416666667
1754,-0.8733935078117778,114.19270833333334
1755,-0.8388516500418257,114.25781250000001
1756,-0.8679692906642201,114.32291666666667
1757,-0.8104771027250949,114.38802083333334
1758,-0.667511107149064,114.45312500000001
1759,-0.7658895282312606,114.51822916666667
1760,-0.6947645649914814,114.58333333333334
1761,-0.7150621072233404,114.64843750000001
1762,-0.6442785222588718,114.71354166666667
1763,-0.7200563884906386,114.77864583333334
1764,-0.6875928654621738,114.84375000000001
1765,-0.6640958068153471,114.90885416666667
1766,-0.6030503777609134,114.97395833333334
1767,-0.6041767268270568,115.03906250000001
1768,-0.592263773203176,115.10416666666667
1769,-0.42883707205996796,115.16927083333334
1770,-0.4928290215798051,115.23437500000001
1771,-0.47204375744828514,115.29947916666667
1772,-0.48570557412116044,115.36458333333334
1773,-0.5022080041862741,115.42968750000001
1774,-0.3653096274488308,115.49479166666667
1775,-0.5253089561895059,115.55989583333334
1776,-0.3929235663664296,115.62500000000001
1777,-0.3931088161304857,115.69010416666667
1778,-0.29653998869988235,115.75520833333334
1779,-0.3232289242241847,115.82031250000001
1780,-0.39563968305725716,115.88541666666667
1781,-0.24818728441231655,115.95052083333334
1782,-0.2187407467690826,116.01562500000001
1783,-0.18638766954640693,116.08072916666667
1784,-0.18404331923201445,116.14583333333334
1785,-0.1633966265833215,116.21093750000001
1786,-0.11124854277351552,116.27604166666667
1787,-0.07140210071877306,116.34114583333334
1788,-0.04342797534018371,116.40625000000001
1789,-0.11527846144000718,116.47135416666667
1790,0.014357564040001883,116.53645833333334
1791,-0.005786719469425712,116.60156250000001
1792,0.024463369896255104,116.66666666666667
1793,0.11736521788497677,116.73177083333334
1794,0.05679472221396026,116.79687500000001
1795,0.06680965657194712,116.86197916666667
1796,0.14716086611928464,116.92708333333334
1797,0.16882337826429777,116.99218750000001
1798,0.1425341612924571,117.05729166666667
1799,0.2150155876964416,117.12239583333334
1800,0.18656406256568048,117.18750000000001
1801,0.2873989271604197,117.25260416666667
1802,0.24802727998576668,117.31770833333334
1803,0.269050851129101,117.38281250000001
1804,0.2560452259846705,117.44791666666667
1805,0.25924537261982833,117.51302083333334
1806,0.3083820200992473,117.57812500000001
1807,0.32290112831690515,117.64322916666667
1808,0.4024274739215695,117.70833333333334
1809,0.3964674278743166,117.77343750000001
1810,0.33777909468078265,117.83854166666667
1811,0.4405314748484626,117.90364583333334
1812,0.4173005526611477,117.96875000000001
1813,0.48800528796827397,118.03385416666667
1814,0.5140332808896162,118.09895833333334
1815,0.5415302835863117,118.16406250000001
1816,0.5780287188483216,118.22916666666667
1817,0.5750603051104509,118.29427083333334
1818,0.5368734237240742,118.35937500000001
1819,0.5641115864263955,118.42447916666667
1820,0.6259928166463078,118.48958333333334
1821,0.5964663548630941,118.55468750000001
1822,0.5942139522090801,118.61979166666667
1823,0.6820530250857206,118.68489583333334
1824,0.6825927910649082,118.75000000000001
1825,0.7929109058745829,118.81510416666667
1826,0.7335057220394289,118.88020833333334
1827,0.8560694214138854,118.94531250000001
1828,0.766020952079589,119.01041666666667
1829,0.7316652513820155,119.07552083333334
1830,0.9045898074542801,119.14062500000001
1831,0.7357113525303309,119.20572916666667
1832,0.836520837351006,119.27083333333334
1833,0.8866102054228702,119.33593750000001
1834,0.8486030731614045,119.40104166666667
1835,0.840332802837945,119.46614583333334
1836,0.9517743962785985,119.53125000000001
1837,0.9682575971972797,119.59635416666667
1838,0.938235909737376,119.66145833333334
1839,0.9341752649378817,119.72656250000001
1840,0.935881434540272,119.79166666666667
1841,0.9564463705963233,119.85677083333334
1842,0.9174855848161948,119.92187500000001
1843,0.940878474632985,119.98697916666667
1844,0.9327722358219463,120.05208333333334
1845,0.923947193006616,120.11718750000001
1846,1.0550595464028267,120.18229166666667
1847,0.8627911533529818,120.24739583333334
1848,1.001963803403232,120.31250000000001
1849,0.9859003540849854,120.37760416666667
1850,0.9444053133135288,120.44270833333334
1851,0.9948580483654912,120.50781250000001
1852,1.0125125780766804,120.57291666666667
1853,1.0271760150031204,120.63802083333334
1854,0.9814187541115054,120.70312500000001
1855,0.9523306597770314,120.76822916666667
1856,0.9146361827029248,120.83333333333334
1857,1.0301490846501633,120.89843750000001
1858,0.9218262433514262,120.96354166666667
1859,0.938182425450418,121.02864583333334
1860,0.9557376815766644,121.09375000000001
1861,1.0281649621015874,121.15885416666667
1862,0.8717832429247867,121.22395833333334
1863,0.9919019825459926,121.28906250000001
1864,1.0426086796107876,121.35416666666667
1865,0.9108499049331403,121.41927083333334
1866,0.9064964378957425,121.48437500000001
1867,0.9579074713851868,121.54947916666667
1868,0.8901596528780129,121.61458333333334
1869,0.9087390051346566,121.67968750000001
1870,0.8402285750500449,121.74479166666667
1871,0.8948271459128297,121.80989583333334
1872,0.9327650579734723,121.87500000000001
1873,0.9055602668761539,121.94010416666667
1874,0.9222035325224908,122.00520833333334
1875,0.8577410665222069,122.07031250000001
1876,0.8098145520919549,122.13541666666667
1877,0.8583176480082562,122.20052083333334
1878,0.8520109372196535,122.26562500000001
1879,0.7840467544836487,122.33072916666667
1880,0.8696823915086642,122.39583333333334
1881,0.7099412188157878,122.46093750000001
1882,0.6287040111757248,122.52604166666667
1883,0.8041205749714567,122.59114583333334
1884,0.6652642957435211,122.65625000000001
1885,0.7759966241819017,122.72135416666667
1886,0.6345381686107402,122.78645833333334
1887,0.6257241445262423,122.85156250000001
1888,0.7202692596249128,122.91666666666667
1889,0.6787222286928066,122.98177083333334
1890,0.637687542112432,123.04687500000001
1891,0.6062789979971034,123.11197916666667
1892,0.6463942400966036,123.17708333333334
1893,0.6503885971063784,123.24218750000001
1894,0.5192228419283061,123.30729166666667
1895,0.5060590116397483,123.37239583333334
1896,0.4493987086023023,123.43750000000001
1897,0.4516806669968593,123.50260416666667
1898,0.4704621781905812,123.56770833333334
1899,0.523192954245844,123.63281250000001
1900,0.41846515013504104,123.69791666666667
1901,0.40240710734791524,123.76302083333334
1902,0.5018541710587054,123.82812500000001
1903,0.3223441493438233,123.89322916666667
1904,0.45588012013243245,123.95833333333334
1905,0.37064652632461775,124.02343750000001
1906,0.29639705658532667,124.08854166666667
1907,0.3260900239151401,124.15364583333334
1908,0.22915401441061373,124.21875000000001
1909,0.20548193349280958,124.28385416666667
1910,0.2306170258243384,124.34895833333334
1911,0.2523765706673147,124.41406250000001
1912,0.09329276250408135,124.47916666666667
1913,0.22563482470726476,124.54427083333334
1914,0.12480099247193586,124.60937500000001
1915,0.14698453206349424,124.67447916666667
1916,0.1303273726691151,124.73958333333334
1917,-0.03737739922989496,124.80468750000001
1918,-0.055816091366813564,124.86979166666667
1919,0.06134002781784062,124.93489583333334
1920,0.013450034788479974,125.00000000000001
1921,0.05422234059964027,125.06510416666667
1922,0.020240411122688564,125.13020833333334
1923,-0.10601738911180385,125.19531250000001
1924,-0.15785299715844767,125.26041666666667
1925,-0.18411751475531749,125.32552083333334
1926,-0.20576439546783284,125.39062500000001
1927,-0.11959147287872485,125.45572916666667
1928,-0.1222750743712256,125.52083333333334
1929,-0.2502882077664363,125.58593750000001
1930,-0.16750607783610708,125.65104166666667
1931,-0.24885763083220147,125.71614583333334
1932,-0.19341133735926364,125.78125000000001
1933,-0.2898949373363992,125.84635416666667
1934,-0.31378055806908317,125.91145833333334
1935,-0.34297699431124695,125.97656250000001
1936,-0.3519175436156658,126.04166666666667
1937,-0.38633493761140314,126.10677083333334
1938,-0.4302538275334957,126.17187500000001
1939,-0.4269506832693499,126.23697916666667
1940,-0.4016830932059255,126.30208333333334
1941,-0.47614868440434,126.36718750000001
1942,-0.40398825167785657,126.43229166666667
1943,-0.5488127575114026,126.49739583333334
1944,-0.5137690036720638,126.56250000000001
1945,-0.5166714571819876,126.62760416666667
1946,-0.5462811819471621,126.69270833333334
1947,-0.5079011063461503,126.75781250000001
1948,-0.5790760245029515,126.82291666666667
1949,-0.6469050754359037,126.88802083333334
1950,-0.6191259430946011,126.95312500000001
1951,-0.6003799488871897,127.01822916666667
1952,-0.6331693600068601,127.08333333333334
1953,-0.6124337733313663,127.14843750000001
1954,-0.6657174593780028,127.21354166666667
1955,-0.7492000293898388,127.27864583333334
1956,-0.6527487040420266,127.34375000000001
1957,-0.7307882413673643,127.40885416666667
1958,-0.7908972695161562,127.47395833333334
1959,-0.7446519494511356,127.53906250000001
1960,-0.7718132292736959,127.60416666666667
1961,-0.7641177335257239,127.66927083333334
1962,-0.739316083348061,127.73437500000001
1963,-0.718712063078886,127.79947916666667
1964,-0.80675719805201,127.86458333333334
1965,-0.7505266591514086,127.92968750000001
1966,-0.8092765315750589,127.99479166666667
1967,-0.8313813975659906,128.05989583333334
1968,-0.7865073994993544,128.125
1969,-0.8142600763767948,128.19010416666669
1970,-0.8812584329597187,128.25520833333334
1971,-0.8922934216487285,128.3203125
1972,-0.8704793254966936,128.38541666666669
1973,-0.8833882194429701,128.45052083333334
1974,-0.8191361883275649,128.515625
1975,-0.9003291684230865,128.58072916666669
1976,-0.9383356309124907,128.64583333333334
1977,-0.8857134768613695,128.7109375
1978,-0.9008110971225981,128.77604166666669
1979,-0.9129867383113596,128.84114583333334
1980,-0.8687624390733255,128.90625
1981,-0.8665845412302867,128.97135416666669
1982,-0.8903620984886086,129.03645833333334
1983,-0.9122347395735908,129.1015625
1984,-0.8849360800289023,129.16666666666669
1985,-0.864873650995507,129.23177083333334
1986,-0.9161952570869356,129.296875
1987,-0.8618578127772022,129.36197916666669
1988,-0.8936911288214243,129.42708333333334
1989,-0.8797388166983199,129.4921875
1990,-0.8270697102042531,129.55729166666669
1991,-0.9418861209271188,129.62239583333334
1992,-0.8394355677223898,129.6875
1993,-0.8603651703817927,129.75260416666669
1994,-0.8089247136249569,129.81770833333334
1995,-0.9262497735945282,129.8828125
1996,-0.9322803369049188,129.94791666666669
1997,-0.8096697553352067,130.01302083333334
1998,-0.7802046462758618,130.078125
1999,-0.8077460445656138,130.14322916666669
2000,-0.8399574927860283,130.20833333333334
2001,-0.8016380831687189,130.2734375
2002,-0.7813172629845176,130.33854166666669
2003,-0.7849287072774659,130.40364583333334
2004,-0.732831260458943,130.46875
2005,-0.7296709673915033,130.53385416666669
2006,-0.7734092860283776,130.59895833333334
2007,-0.8183134499978232,130.6640625
2008,-0.8168889737498803,130.72916666666669
2009,-0.6998968257537872,130.79427083333334
2010,-0.6853485936649225,130.859375
2011,-0.7173605556828163,130.92447916666669
2012,-0.6835823219076621,130.98958333333334
2013,-0.6077076075247289,131.0546875
2014,-0.6439050951169865,131.11979166666669
2015,-0.6394183378255552,131.18489583333334
2016,-0.5874759104626489,131.25
2017,-0.7054217464657343,131.31510416666669
2018,-0.6371322331685597,131.38020833333334
2019,-0.5340092986008133,131.4453125
2020,-0.5552000425628325,131.51041666666669
2021,-0.5133478733072924,131.57552083333334
2022,-0.5657739486293863,131.640625
2023,-0.514171756573394,131.70572916666669
2024,-0.488735285292936,131.77083333333334
2025,-0.45936503103542903,131.8359375
2026,-0.5000416901640543,131.90104166666669
2027,-0.3221350981715257,131.96614583333334
2028,-0.42781035061963735,132.03125
2029,-0.315116101674436,132.09635416666669
2030,-0.32044524046006945,132.16145833333334
2031,-0.3202596753462942,132.2265625
2032,-0.35990039865290385,132.29166666666669
2033,-0.34130438097874416,132.35677083333334
2034,-0.22097049624232926,132.421875
2035,-0.25197277371368215,132.48697916666669
2036,-0.2854996093960882,132.55208333333334
2037,-0.2714697417821364,132.6171875
2038,-0.27058925095170866,132.68229166666669
2039,-0.26064374492875414,132.74739583333334
2040,-0.2256490860072735,132.8125
2041,-0.1819119433258707,132.87760416666669
2042,-0.14209246471204176,132.94270833333334
2043,-0.0774027108006844,133.0078125
2044,-0.04814290035355977,133.07291666666669
2045,-0.13518160766995468,133.13802083333334
2046,-0.03974556007807903,133.203125
2047,-0.02335954188206576,133.26822916666669
2048,-0.032938315943378184,133.33333333333334
2049,-0.016502874412128096,133.3984375
2050,0.0010289909792245212,133.46354166666669
2051,0.10655259137756372,133.52864583333334
2052,0.11300875715595991,133.59375
2053,0.10080840475806149,133.65885416666669
2054,0.006304411412716179,133.72395833333334
2055,0.18396213904629544,133.7890625
2056,0.13291443384997434,133.85416666666669
2057,0.19862244904284176,133.91927083333334
2058,0.3009644632381959,133.984375
2059,0.22834812430922685,134.04947916666669
2060,0.2242934589845933,134.11458333333334
2061,0.26114743991800404,134.1796875
2062,0.2368212672128672,134.24479166666669
2063,0.2614528028069762,134.30989583333334
2064,0.3098930816705098,134.375
2065,0.34986411871796974,134.44010416666669
2066,0.3868234012383182,134.50520833333334
2067,0.4509194750094938,134.5703125
2068,0.36887236073552554,134.63541666666669
2069,0.49406362062181797,134.70052083333334
2070,0.45610713499776684,134.765625
2071,0.4474984696292577,134.83072916666669
2072,0.40987901615873945,134.89583333333334
2073,0.45689275787500244,134.9609375
2074,0.5192048266586594,135.02604166666669
2075,0.4871177517498908,135.09114583333334
2076,0.551408089967877,135.15625
2077,0.5347609867911693,135.22135416666669
2078,0.5673417097019383,135.28645833333334
2079,0.5968051738129505,135.3515625
2080,0.6623459304021727,135.41666666666669
2081,0.5855472477945438,135.48177083333334
2082,0.712339423414955,135.546875
2083,0.7306700066070969,135.61197916666669
2084,0.6211771704280641,135.67708333333334
2085,0.5447049677222805,135.7421875
2086,0.6295164751610193,135.80729166666669
2087,0.6258133360159236,135.87239583333334
2088,0.6820907974836599,135.9375
2089,0.7117452662838213,136.00260416666669
2090,0.6798697859030723,136.06770833333334
2091,0.7648266061981753,136.1328125
2092,0.8006889460129076,136.19791666666669
2093,0.8085812958611622,136.26302083333334
2094,0.7339570396723276,136.328125
2095,0.7703048697313224,136.39322916666669
2096,0.7645935278812801,136.45833333333334
2097,0.8455728575672269,136.5234375
2098,0.9016202247306387,136.58854166666669
2099,0.8553829578757187,136.65364583333334
2100,0.8509346704273713,136.71875
2101,0.9021436523914561,136.78385416666669
2102,0.796991834529809,136.84895833333334
2103,0.8008549397103795,136.9140625
2104,0.8191388795207327,136.97916666666669
2105,0.8250803333944534,137.04427083333334
2106,0.805832471839311,137.109375
2107,0.7662422349045023,137.17447916666669
2108,0.8774467107644589,137.23958333333334
2109,0.883527340694084,137.3046875
2110,0.9077925646418677,137.36979166666669
2111,0.8039344224206267,137.43489583333334
2112,0.7328566397013073,137.5
2113,0.7455338484173377,137.56510416666669
2114,0.8957793714802645,137.63020833333334
2115,0.8675992727622824,137.6953125
2116,0.8793859593318986,137.76041666666669
2117,0.8612084474238264,137.82552083333334
2118,0.9377374292329566,137.890625
2119,0.8524405337158095,137.95572916666669
2120,0.8349807941569618,138.02083333333334
2121,0.9017472143818778,138.0859375
2122,0.7783059239535947,138.15104166666669
2123,0.8403711480069495,138.21614583333334
2124,0.8615198485897271,138.28125
2125,0.8300813930273502,138.34635416666669
2126,0.8064514686503009,138.41145833333334
2127,0.7838841349512967,138.4765625
2128,0.7806783985945861,138.54166666666669
2129,0.8416111465782535,138.60677083333334
2130,0.7152512503459135,138.671875
2131,0.7531852442112337,138.73697916666669
2132,0.7046693934647225,138.80208333333334
2133,0.7160812974946418,138.8671875
2134,0.7019751332747611,138.93229166666669
2135,0.7169617871444038,138.99739583333334
2136,0.682285165601372,139.0625
2137,0.6923786510149095,139.12760416666669
2138,0.7481206409077463,139.19270833333334
2139,0.6823552492929509,139.2578125
2140,0.6643759947101026,139.32291666666669
2141,0.6261032708028056,139.38802083333334
2142,0.6764049901660818,139.453125
2143,0.7000410807529759,139.51822916666669
2144,0.6645909300039329,139.58333333333334
2145,0.6206559862399056,139.6484375
2146,0.5631749494325051,139.71354166666669
2147,0.5875954299353087,139.77864583333334
2148,0.5396516283562848,139.84375
2149,0.4786414999711126,139.90885416666669
2150,0.5152798568610399,139.97395833333334
2151,0.48150417401462986,140.0390625
2152,0.504817423060038,140.10416666666669
2153,0.4894993529027792,140.16927083333334
2154,0.5022361329687411,140.234375
2155,0.3451191597744727,140.29947916666669
2156,0.3892816161434978,140.36458333333334
2157,0.38078268174257485,140.4296875
2158,0.42084446366741496,140.49479166666669
2159,0.2894411957445096,140.55989583333334
2160,0.3492124124207266,140.625
2161,0.3205973376320714,140.69010416666669
2162,0.28630142507502926,140.75520833333334
2163,0.32079618874164795,140.8203125
2164,0.23590928309318565,140.88541666666669
2165,0.27026428314784917,140.95052083333334
2166,0.2201214680045702,141.015625
2167,0.1314575264649302,141.08072916666669
2168,0.14366512184709554,141.14583333333334
2169,0.2570738839432943,141.2109375
2170,0.1226116432443295,141.27604166666669
2171,0.12086275280730392,141.34114583333334
2172,0.04065549559650234,141.40625
2173,-0.032229007143983114,141.47135416666669
2174,-0.03846543757324299,141.53645833333334
2175,0.06673995697666014,141.6015625
2176,0.1040172073352507,141.66666666666669
2177,-0.036384263654788224,141.73177083333334
2178,-0.08389043722783407,141.796875
2179,-0.10056053767826624,141.86197916666669
2180,-0.08243382712039345,141.92708333333334
2181,-0.09302987952826802,141.9921875
2182,-0.1482352440106813,142.05729166666669
2183,-0.16797816967190476,142.12239583333334
2184,-0.15750289427488717,142.1875
2185,-0.1329989782096796,142.25260416666669
2186,-0.16476527995652943,142.31770833333334
2187,-0.17543986659179098,142.3828125
2188,-0.2444988783505864,142.44791666666669
2189,-0.29511647984059286,142.51302083333334
2190,-0.25832078136927017,142.578125
2191,-0.26169729396613983,142.64322916666669
2192,-0.3336120236351682,142.70833333333334
2193,-0.3485773264897552,142.7734375
2194,-0.36364995376621206,142.83854166666669
2195,-0.46918893530774564,142.90364583333334
2196,-0.3880513626485572,142.96875
2197,-0.46260281599446573,143.03385416666669
2198,-0.4738797914770929,143.09895833333334
2199,-0.48817745850977645,143.1640625
2200,-0.4484341321847619,143.22916666666669
2201,-0.57624987769142,143.29427083333334
2202,-0.45838567210739695,143.359375
2203,-0.4301680301821459,143.42447916666669
2204,-0.611942148907499,143.48958333333334
2205,-0.552670397547626,143.5546875
2206,-0.5893645379997514,143.61979166666669
2207,-0.5384715015218352,143.68489583333334
2208,-0.6129182305951933,143.75
2209,-0.687644501931193,143.81510416666669
2210,-0.6313608613749411,143.88020833333334
2211,-0.7300493690303657,143.9453125
2212,-0.6406203891262191,144.01041666666669
2213,-0.7268253156445157,144.07552083333334
2214,-0.7601270791552615,144.140625
2215,-0.7095240834103218,144.20572916666669
2216,-0.6682150045572907,144.27083333333334
2217,-0.7498497204736293,144.3359375
2218,-0.7661091310610116,144.40104166666669
2219,-0.7612246141560834,144.46614583333334
2220,-0.7765017610056568,144.53125
2221,-0.77071966537757,144.59635416666669
2222,-0.8068384859123751,144.66145833333334
2223,-0.7181844151511357,144.7265625
2224,-0.8052403814569192,144.79166666666669
2225,-0.816243593091957,144.85677083333334
2226,-0.8334624194146696,144.921875
2227,-0.8774603917403746,144.98697916666669
2228,-0.8537920556890273,145.05208333333334
2229,-0.8206527939566666,145.1171875
2230,-0.8665268042795349,145.18229166666669
2231,-0.787541927625275,145.24739583333334
2232,-0.8412566052817587,145.3125
2233,-0.8145825499692956,145.37760416666669
2234,-0.8821187888223898,145.44270833333334
2235,-0.9650707425038393,145.5078125
2236,-0.792860719992294,145.57291666666669
2237,-0.9068440250688197,145.63802083333334
2238,-0.8595290519659282,145.703125
2239,-0.8322063981545389,145.76822916666669
2240,-0.8788443016024831,145.83333333333334
2241,-0.8663057847542442,145.8984375
2242,-0.8981993508273927,145.96354166666669
2243,-0.8316882234441164,146.02864583333334
2244,-0.8644427933429614,146.09375
2245,-0.8788137534801195,146.15885416666669
2246,-0.9296974290871302,146.22395833333334
2247,-0.8446812204148091,146.2890625
2248,-0.7813240919398915,146.35416666666669
2249,-0.8572844263001109,146.41927083333334
2250,-0.8910343497087075,146.484375
2251,-0.8116926160900485,146.54947916666669
2252,-0.8822884072692403,146.61458333333334
2253,-0.8651354519589985,146.6796875
2254,-0.8442608064410498,146.74479166666669
2255,-0.8557127477700585,146.80989583333334
2256,-0.7959388936967602,146.875
2257,-0.8047034925288375,146.94010416666669
2258,-0.7798947599596071,147.00520833333334
2259,-0.8462479728623425,147.0703125
2260,-0.7615810626214243,147.13541666666669
2261,-0.7596633245371005,147.20052083333334
2262,-0.7965097454683497,147.265625
2263,-0.7536689916291296,147.33072916666669
2264,-0.6879502602479918,147.39583333333334
2265,-0.654258969988938,147.4609375
2266,-0.6965971741105608,147.52604166666669
2267,-0.7103240509447237,147.59114583333334
2268,-0.7375079834996332,147.65625
2269,-0.6436701061627531,147.72135416666669
2270,-0.6720826417849782,147.78645833333334
2271,-0.7590022593852488,147.8515625
2272,-0.5936440611896291,147.91666666666669
2273,-0.6894406647944469,147.98177083333334
2274,-0.547415387438686,148.046875
2275,-0.5965133170004968,148.11197916666669
2276,-0.5281537835066168,148.17708333333334
2277,-0.44865846406786297,148.2421875
2278,-0.606597530576468,148.30729166666669
2279,-0.48553788763856903,148.37239583333334
2280,-0.5250900483364979,148.4375
2281,-0.48142848912686537,148.50260416666669
2282,-0.49213368943410224,148.56770833333334
2283,-0.4522110632944462,148.6328125
2284,-0.4705736134926884,148.69791666666669
2285,-0.49519098195735317,148.76302083333334
2286,-0.3959108029727645,148.828125
2287,-0.29066130804516105,148.89322916666669
2288,-0.39971211296216913,148.95833333333334
2289,-0.3422622182257738,149.0234375
2290,-0.33882413790205035,149.08854166666669
2291,-0.2590850916129211,149.15364583333334
2292,-0.28329920849329565,149.21875
2293,-0.2260359895441948,149.28385416666669
2294,-0.15794539201419072,149.34895833333334
2295,-0.25701782986252,149.4140625
2296,-0.1878892948481415,149.47916666666669
2297,-0.18478500746255994,149.54427083333334
2298,-0.19749025227576933,149.609375
2299,-0.05385519039281414,149.67447916666669
2300,-0.08792183767035242,149.73958333333334
2301,-0.045568084335490984,149.8046875
2302,-0.03292527095337832,149.86979166666669
2303,0.014747321529221551,149.93489583333334
2304,0.09879654329483642,150.0
2305,0.06976552984503338,150.06510416666669
2306,0.09006375148860785,150.13020833333334
2307,0.1183648879089683,150.1953125
2308,0.13047235733492402,150.26041666666669
2309,0.13069891826424923,150.32552083333334
2310,0.18923239014623236,150.390625
2311,0.10614711191171837,150.45572916666669
2312,0.21513340345078466,150.52083333333334
2313,0.2187928338972554,150.5859375
2314,0.1737727542575866,150.65104166666669
2315,0.2601036581941104,150.71614583333334
2316,0.28395342719407324,150.78125
2317,0.1631356502389966,150.84635416666669
2318,0.2548810871633288,150.91145833333334
2319,0.3573027742404267,150.9765625
2320,0.33778801210046044,151.04166666666669
2321,0.300265891310037,151.10677083333334
2322,0.363648868653071,151.171875
2323,0.47400101561274227,151.23697916666669
2324,0.5192490595475978,151.30208333333334
2325,0.45437478969688944,151.3671875
2326,0.4138565531806294,151.43229166666669
2327,0.5724090377890341,151.49739583333334
2328,0.5431222030048424,151.5625
2329,0.45649250737283914,151.62760416666669
2330,0.5516505527410199,151.69270833333334
2331,0.5585524096940552,151.7578125
2332,0.6229995034040078,151.82291666666669
2333,0.6070025986880574,151.88802083333334
2334,0.6297911383394803,151.953125
2335,0.607363572045025,152.01822916666669
2336,0.7385675519126318,152.08333333333334
2337,0.690085521028009,152.1484375
2338,0.7213766760899997,152.21354166666669
2339,0.692507098981503,152.27864583333334
2340,0.6690824509308584,152.34375
2341,0.8036822617174119,152.40885416666669
2342,0.697471636115439,152.47395833333334
2343,0.7029859906630183,152.5390625
2344,0.7891258056563226,152.60416666666669
2345,0.7911968612630496,152.66927083333334
2346,0.7231738163551427,152.734375
2347,0.7813001663435069,152.79947916666669
2348,0.7456418335124502,152.86458333333334
2349,0.7831914328150824,152.9296875
2350,0.887724669035795,152.99479166666669
2351,0.8358349020643018,153.05989583333334
2352,0.9235070931078789,153.125
2353,0.8716111761657389,153.19010416666669
2354,0.8720132690454457,153.25520833333334
2355,0.9185267128019886,153.3203125
2356,0.9497751364168221,153.38541666666669
2357,0.8888567269509874,153.45052083333334
2358,0.9601973080421139,153.515625
2359,0.9544836824605074,153.58072916666669
2360,0.9777434132879942,153.64583333333334
2361,0.9138816320694322,153.7109375
2362,0.9736951508264889,153.77604166666669
2363,0.9625327539934821,153.84114583333334
2364,0.9847427313547072,153.90625
2365,0.9183899077607667,153.97135416666669
2366,1.0225792187016443,154.03645833333334
2367,1.0117334595936476,154.1015625
2368,0.8324178480218126,154.16666666666669
2369,0.9278614972496437,154.23177083333334
2370,1.0290866268856784,154.296875
2371,0.9361489593580915,154.36197916666669
2372,0.8933908970698888,154.42708333333334
2373,0.9306940242672397,154.4921875
2374,0.9499985639073548,154.55729166666669
2375,0.879179340666348,154.62239583333334
2376,0.991144888248062,154.6875
2377,0.9759283051183415,154.75260416666669
2378,0.8899617730705013,154.81770833333334
2379,0.9980568828665547,154.8828125
2380,0.8595742560384936,154.94791666666669
2381,0.9092125446826772,155.01302083333334
2382,0.9323286634097168,155.078125
2383,0.9056964893789811,155.14322916666669
2384,0.8918644921807017,155.20833333333334
2385,0.8396950634453104,155.2734375
2386,0.8643352870643871,155.33854166666669
2387,0.863320130475697,155.40364583333334
2388,0.9031718366008302,155.46875
2389,0.7943096961916712,155.53385416666669
2390,0.7242368436239078,155.59895833333334
2391,0.8943685623582525,155.6640625
2392,0.8498525131130023,155.72916666666669
2393,0.8386249786468611,155.79427083333334
2394,0.7855933356084193,155.859375
2395,0.81113922452056,155.92447916666669
2396,0.8187688323840999,155.98958333333334
2397,0.737670524433,156.0546875
2398,0.8170249363747074,156.11979166666669
2399,0.6931256381056811,156.18489583333334
2400,0.6230508236728604,156.25
2401,0.6486790564929308,156.31510416666669
2402,0.763873841498937,156.38020833333334
2403,0.6298664266611149,156.4453125
2404,0.6595510350932197,156.51041666666669
2405,0.6126600147698549,156.57552083333334
2406,0.5684721592729176,156.640625
2407,0.5931228725753217,156.70572916666669
2408,0.4721130022723071,156.77083333333334
2409,0.5176627982173371,156.8359375
2410,0.5195135723561738,156.90104166666669
2411,0.5062829907871534,156.96614583333334
2412,0.44409989473573047,157.03125
2413,0.38006860603504855,157.09635416666669
2414,0.4825198705691452,157.16145833333334
2415,0.4519349278878046,157.2265625
2416,0.3219676817590296,157.29166666666669
2417,0.32438952394675025,157.35677083333334
2418,0.22593242349150883,157.421875
2419,0.3405228667112228,157.48697916666669
2420,0.38969140873091707,157.55208333333334
2421,0.2687919502600491,157.6171875
2422,0.22408206186977564,157.68229166666669
2423,0.16461323921741752,157.74739583333334
2424,0.13919579059053963,157.8125
2425,0.15721344402766982,157.87760416666669
2426,0.16980797778357723,157.94270833333334
2427,0.03965863295401754,158.0078125
2428,0.08104091062236557,158.07291666666669
2429,0.15266715092628647,158.13802083333334
2430,0.04082956818774606,158.203125
2431,-0.016116183922131853,158.26822916666669
2432,-0.008563440247935596,158.33333333333334
2433,-0.049286452128567186,158.3984375
2434,-0.06267951743846614,158.46354166666669
2435,-0.10092239372953075,158.52864583333334
2436,-0.11595932267459431,158.59375
2437,-0.09227462996496602,158.65885416666669
2438,-0.13061689258907389,158.72395833333334
2439,-0.20433138551047442,158.7890625
2440,-0.2869185576176744,158.85416666666669
2441,-0.26193536583525157,158.91927083333334
2442,-0.30700242006078116,158.984375
2443,-0.2415373251961194,159.04947916666669
2444,-0.28685404486529176,159.11458333333334
2445,-0.33897762584587504,159.1796875
2446,-0.3361075869911843,159.24479166666669
2447,-0.33179088200905715,159.30989583333334
2448,-0.34133639891951506,159.375
2449,-0.33160851803457164,159.44010416666669
2450,-0.3328941351191654,159.50520833333334
2451,-0.4258123873910782,159.5703125
2452,-0.45346896460783004,159.63541666666669
2453,-0.5562834884417128,159.70052083333334
2454,-0.5503799796963259,159.765625
2455,-0.4205855020691588,159.83072916666669
2456,-0.5793433145585987,159.89583333333334
2457,-0.5844113918330158,159.9609375
2458,-0.6093099951400345,160.02604166666669
2459,-0.5073841083399091,160.09114583333334
2460,-0.6594779620902169,160.15625
2461,-0.6492732552422442,160.22135416666669
2462,-0.6333865967647164,160.28645833333334
2463,-0.7152110508565029,160.3515625
2464,-0.7281297545637359,160.41666666666669
2465,-0.7262624447084975,160.48177083333334
2466,-0.8357123345234608,160.546875
2467,-0.8116329670701119,160.61197916666669
2468,-0.8385121750634652,160.67708333333334
2469,-0.806344821560092,160.7421875
2470,-0.8025627200793705,160.80729166666669
2471,-0.7971134694931067,160.87239583333334
2472,-0.7590865735193507,160.9375
2473,-0.7860500617693352,161.00260416666669
2474,-0.8191598653772315,161.06770833333334
2475,-0.9102613576216092,161.1328125
2476,-0.9137326607701716,161.19791666666669
2477,-0.9842545646197147,161.26302083333334
2478,-0.9944784496839134,161.328125
2479,-1.0193238663263913,161.39322916666669
2480,-0.9449860039537669,161.45833333333334
2481,-0.9143235352353645,161.5234375
2482,-1.0170147626950887,161.58854166666669
2483,-0.9395489329040266,161.65364583333334
2484,-1.043128102801648,161.71875
2485,-1.0116772342058953,161.78385416666669
2486,-1.028330196652481,161.84895833333334
2487,-1.0851082690738196,161.9140625
2488,-0.9860633806844437,161.97916666666669
2489,-1.0509211680098762,162.04427083333334
2490,-0.9281732605705596,162.109375
2491,-1.100607032385265,162.17447916666669
2492,-1.0558629713700223,162.23958333333334
2493,-0.9947980828141377,162.3046875
2494,-1.017249949329984,162.36979166666669
2495,-1.0207759079908376,162.43489583333334
2496,-1.0918009061880953,162.5
2497,-1.1937008624849335,162.56510416666669
2498,-0.9598512760558569,162.63020833333334
2499,-1.183331482987805,162.6953125
2500,-1.0001207452730978,162.76041666666669
2501,-1.0296243415743813,162.82552083333334
2502,-0.9224389055709186,162.890625
2503,-1.128260834124791,162.95572916666669
2504,-1.0230107041703955,163.02083333333334
2505,-0.9649404140267649,163.0859375
2506,-0.9722581593175327,163.15104166666669
2507,-1.0059691323728248,163.21614583333334
2508,-1.0112549363669072,163.28125
2509,-0.9795575060735933,163.34635416666669
2510,-1.0438106456389638,163.41145833333334
2511,-0.9211341142782584,163.4765625
2512,-0.9571794314843479,163.54166666666669
2513,-0.9925094917589155,163.60677083333334
2514,-0.9684672774389458,163.671875
2515,-1.0871546734966633,163.73697916666669
2516,-0.9467513324179007,163.80208333333334
2517,-0.972798087711042,163.8671875
2518,-0.8977392953104665,163.93229166666669
2519,-0.9186986234855387,163.99739583333334
2520,-0.9200684561533311,164.0625
2521,-0.8296372955614402,164.12760416666669
2522,-0.8127577903069245,164.19270833333334
2523,-0.9378148252192706,164.2578125
2524,-0.795520065643866,164.32291666666669
2525,-0.8200719387104286,164.38802083333334
2526,-0.7961171831008594,164.453125
2527,-0.8451003225840844,164.51822916666669
2528,-0.701833413238169,164.58333333333334
2529,-0.7517082504326656,164.6484375
2530,-0.7337374945120362,164.71354166666669
2531,-0.6809493210364446,164.77864583333334
2532,-0.7343192314186425,164.84375
2533,-0.6209675706254959,164.90885416666669
2534,-0.6782425749816416,164.97395833333334
2535,-0.5584908324380957,165.0390625
2536,-0.6556715805401349,165.10416666666669
2537,-0.5609710586229505,165.16927083333334
2538,-0.5934670408013865,165.234375
2539,-0.5208210506684418,165.29947916666669
2540,-0.6103885425065186,165.36458333333334
2541,-0.41857269774184325,165.4296875
2542,-0.4498126572638197,165.49479166666669
2543,-0.3815800392715121,165.55989583333334
2544,-0.4109310351526648,165.625
2545,-0.4274903345491139,165.69010416666669
2546,-0.29837838821446094,165.75520833333334
2547,-0.3158416302057675,165.8203125
2548,-0.23403779966325572,165.88541666666669
2549,-0.2859536011865405,165.95052083333334
2550,-0.1231683841136959,166.015625
2551,-0.20278378453013668,166.08072916666669
2552,-0.22569108280818234,166.14583333333334
2553,-0.2024971616365316,166.2109375
2554,-0.07662759819457363,166.27604166666669
2555,-0.15620939468980619,166.34114583333334
2556,-0.10232073141695772,166.40625
2557,-0.1158299258424068,166.47135416666669
2558,-0.07378794984197964,166.53645833333334
2559,0.05236148562721056,166.6015625
2560,0.02511590649142426,166.66666666666669
2561,0.12490752213629956,166.73177083333334
2562,0.17210776648223192,166.796875
2563,0.0536872435167371,166.86197916666669
2564,0.04802991437620645,166.92708333333334
2565,0.09812648996321681,166.9921875
2566,0.0842911579553892,167.05729166666669
2567,0.02621040406212012,167.12239583333334
2568,0.20580862278224105,167.1875
2569,0.2927863478848106,167.25260416666669
2570,0.3115039849453791,167.31770833333334
2571,0.28130255665246684,167.3828125
2572,0.4856572271316139,167.44791666666669
2573,0.3917488404913139,167.51302083333334
2574,0.31812107058884015,167.578125
2575,0.30428034287014705,167.64322916666669
2576,0.39638216251284764,167.70833333333334
2577,0.42780864142784497,167.7734375
2578,0.4848014721686627,167.83854166666669
2579,0.5370719573120787,167.90364583333334
2580,0.4878792686508261,167.96875
2581,0.5756366151475459,168.03385416666669
2582,0.5801319816281187,168.09895833333334
2583,0.6310792459842522,168.1640625
2584,0.6314500978526076,168.22916666666669
2585,0.6402506076108326,168.29427083333334
2586,0.6530161749301177,168.359375
2587,0.6234571305290108,168.42447916666669
2588,0.8141404848962294,168.48958333333334
2589,0.7597513909188421,168.5546875
2590,0.6993333074164403,168.61979166666669
2591,0.7429447965252441,168.68489583333334
2592,0.741921488954971,168.75
2593,0.8223834504738902,168.81510416666669
2594,0.8598474817646501,168.88020833333334
2595,0.7991583458170443,168.9453125
2596,0.8578284913394469,169.01041666666669
2597,0.7301719847278868,169.07552083333334
2598,0.8815277087553016,169.140625
2599,0.9691696844820257,169.20572916666669
2600,0.835581160986733,169.27083333333334
2601,0.7998912236548227,169.3359375
2602,0.9977221295021022,169.40104166666669
2603,0.960833867246626,169.46614583333334
2604,0.9700691925320442,169.53125
2605,0.9041717893422943,169.59635416666669
2606,1.0522480229396538,169.66145833333334
2607,0.9666389168540577,169.7265625
2608,1.0351007386995197,169.79166666666669
2609,0.9059187410503432,169.85677083333334
2610,1.0658280635788275,169.921875
2611,1.0290380092406155,169.98697916666669
2612,1.0725864442639335,170.05208333333334
2613,1.0940085244762414,170.1171875
2614,1.1205699237412565,170.18229166666669
2615,1.1311658513616114,170.24739583333334
2616,1.1057139053536542,170.3125
2617,0.9866611296208281,170.37760416666669
2618,1.1022405980289545,170.44270833333334
2619,1.098601960663507,170.5078125
2620,1.1081931177284738,170.57291666666669
2621,1.168802854694691,170.63802083333334
2622,1.1683449745954033,170.703125
2623,1.1242442808931592,170.76822916666669
2624,1.1095588347593823,170.83333333333334
2625,1.1005343737164066,170.8984375
2626,1.1749338801926972,170.96354166666669
2627,1.0620532062753605,171.02864583333334
2628,1.1625838926364054,171.09375
2629,1.0656654431722261,171.15885416666669
2630,1.143098868636714,171.22395833333334
2631,1.029157447984208,171.2890625
2632,1.1549570021271187,171.35416666666669
2633,1.1920444005139994,171.41927083333334
2634,1.0560580064898275,171.484375
2635,1.082590581601547,171.54947916666669
2636,1.061586804747478,171.61458333333334
2637,0.9326712605431845,171.6796875
2638,1.0258076143250794,171.74479166666669
2639,0.9299318164755827,171.80989583333334
2640,1.0040428109007444,171.875
2641,1.0150144478434309,171.94010416666669
2642,1.0748814221898948,172.00520833333334
2643,0.9484797034459534,172.0703125
2644,0.9970322567950747,172.13541666666669
2645,0.991532240976154,172.20052083333334
2646,0.905675725175155,172.265625
2647,0.9553289741499739,172.33072916666669
2648,0.9048066768153875,172.39583333333334
2649,0.9388719134033509,172.4609375
2650,0.8577876578563787,172.52604166666669
2651,0.7886761298956918,172.59114583333334
2652,0.9118218259720212,172.65625
2653,0.9711491387124608,172.72135416666669
2654,0.8722389018017679,172.78645833333334
2655,0.7630108234826389,172.8515625
2656,0.7785242759593369,172.91666666666669
2657,0.7637125906286486,172.98177083333334
2658,0.7143690749291268,173.046875
2659,0.7509204051793071,173.11197916666669
2660,0.7408597925721209,173.17708333333334
2661,0.5859585746642288,173.2421875
2662,0.732529512655306,173.30729166666669
2663,0.5923840838617135,173.37239583333334
2664,0.6634981514813235,173.4375
2665,0.5488968648524852,173.50260416666669
2666,0.6517720454055843,173.56770833333334
2667,0.5446956167344191,173.6328125
2668,0.5117895688042918,173.69791666666669
2669,0.5916732027693752,173.76302083333334
2670,0.46151038480773426,173.828125
2671,0.46988001921232936,173.89322916666669
2672,0.4333653258701388,173.95833333333334
2673,0.5307325110074946,174.0234375
2674,0.3863680337009114,174.08854166666669
2675,0.37015085428282435,174.15364583333334
2676,0.3604009940527129,174.21875
2677,0.3475274912637847,174.28385416666669
2678,0.31431628037661535,174.34895833333334
2679,0.17880981941759233,174.4140625
2680,0.3406747411825913,174.47916666666669
2681,0.09279841455686894,174.54427083333334
2682,0.1583703542673395,174.609375
2683,0.1517673569941069,174.67447916666669
2684,0.12488002775128264,174.73958333333334
2685,0.05155725554834146,174.8046875
2686,0.2430142632273646,174.86979166666669
2687,0.06206534969795413,174.93489583333334
2688,0.0669441618256575,175.0
2689,-0.041402563016828105,175.06510416666669
2690,-0.1021016574260053,175.13020833333334
2691,-0.17029307680827946,175.1953125
2692,-0.11397985970395905,175.26041666666669
2693,-0.13096014672982695,175.32552083333334
2694,-0.13239288858100942,175.390625
2695,-0.16285941369313006,175.45572916666669
2696,-0.29192402555465874,175.52083333333334
2697,-0.29532840024687096,175.5859375
2698,-0.2583259059977637,175.65104166666669
2699,-0.18298191220014928,175.71614583333334
2700,-0.2895391669444219,175.78125
2701,-0.35205399408685023,175.84635416666669
2702,-0.39752688530280955,175.91145833333334
2703,-0.3038850237042199,175.9765625
2704,-0.38853158420044437,176.04166666666669
2705,-0.4889772152596488,176.10677083333334
2706,-0.4690145901477236,176.171875
2707,-0.5470355020851895,176.23697916666669
2708,-0.6415870968605314,176.30208333333334
2709,-0.5935488644412641,176.3671875
2710,-0.5785749281995397,176.43229166666669
2711,-0.6156680000728494,176.49739583333334
2712,-0.598451504769301,176.5625
2713,-0.681367447330154,176.62760416666669
2714,-0.7018508687453292,176.69270833333334
2715,-0.7312981218961301,176.7578125
2716,-0.7029385081285381,176.82291666666669
2717,-0.6586041882306433,176.88802083333334
2718,-0.7733038300750913,176.953125
2719,-0.8041410558734148,177.01822916666669
2720,-0.8172211760803814,177.08333333333334
2721,-0.9541761410309303,177.1484375
2722,-0.9339629943441687,177.21354166666669
2723,-0.8110622820611768,177.27864583333334
2724,-0.8906229804486082,177.34375
2725,-1.0448110485726096,177.40885416666669
2726,-0.9761694814387545,177.47395833333334
2727,-1.0218520546483394,177.5390625
2728,-0.9365001232997697,177.60416666666669
2729,-1.0988860688689535,177.66927083333334
2730,-0.9682587851337136,177.734375
2731,-0.977478227344578,177.79947916666669
2732,-1.014268875218652,177.86458333333334
2733,-0.9555008233198723,177.9296875
2734,-1.0350694685914785,177.99479166666669
2735,-1.1248721035885874,178.05989583333334
2736,-0.991706352437982,178.125
2737,-0.9874386610363074,178.19010416666669
2738,-1.1344524609104036,178.25520833333334
2739,-0.9921265125061183,178.3203125
2740,-1.2063789918840764,178.38541666666669
2741,-1.0967571391660482,178.45052083333334
2742,-1.188305232846948,178.515625
2743,-1.1778276207462013,178.58072916666669
2744,-1.0893420776150782,178.64583333333334
2745,-1.1262101641710736,178.7109375
2746,-1.0740068721729328,178.77604166666669
2747,-1.111632943113523,178.84114583333334
2748,-1.2180767926785385,178.90625
2749,-1.0765754684446618,178.97135416666669
2750,-1.1079691585932543,179.03645833333334
2751,-1.1171779449608406,179.1015625
2752,-1.1541832435942962,179.16666666666669
2753,-1.1036038963565165,179.23177083333334
2754,-1.2521041750939663,179.296875
2755,-1.0615891980355008,179.36197916666669
2756,-1.0921098835769256,179.42708333333334
2757,-1.070411317538044,179.4921875
2758,-1.1612550504588437,179.55729166666669
2759,-1.1453275059530976,179.62239583333334
2760,-1.0839869823923596,179.6875
2761,-1.1234978841884338,179.75260416666669
2762,-0.9854606545965117,179.81770833333334
2763,-1.0384470195238344,179.8828125
2764,-1.161937864307472,179.94791666666669
2765,-1.075360658094053,180.01302083333334
2766,-1.0460964485373254,180.078125
2767,-1.0533689934150936,180.14322916666669
2768,-0.9630459471749229,180.20833333333334
2769,-1.022806406565686,180.2734375
2770,-0.9381006012623693,180.33854166666669
2771,-1.039221370717529,180.40364583333334
2772,-1.0650282518560665,180.46875
2773,-0.9820966903045829,180.53385416666669
2774,-0.949018489429577,180.59895833333334
2775,-1.0367405191215253,180.6640625
2776,-0.8947781119307601,180.72916666666669
2777,-0.8790551261591742,180.79427083333334
2778,-1.0052878759489983,180.859375
2779,-0.9762180924993616,180.92447916666669
2780,-0.8370705574500238,180.98958333333334
2781,-0.7630865596795685,181.0546875
2782,-0.9380393509549462,181.11979166666669
2783,-0.8110270235364608,181.18489583333334
2784,-0.8199129715980841,181.25
2785,-0.7828595029532861,181.31510416666669
2786,-0.739957702046389,181.38020833333334
2787,-0.712465382814365,181.4453125
2788,-0.7624884501776622,181.51041666666669
2789,-0.7461105109011337,181.57552083333334
2790,-0.7456557489269282,181.640625
2791,-0.7059940415641311,181.70572916666669
2792,-0.5537300552289762,181.77083333333334
2793,-0.5326401334156367,181.8359375
2794,-0.6029100745527803,181.90104166666669
2795,-0.4974736293380687,181.96614583333334
2796,-0.4189679830112158,182.03125
2797,-0.4982170399679677,182.09635416666669
2798,-0.4265318455477465,182.16145833333334
2799,-0.4577400329627676,182.2265625
2800,-0.5244527364531006,182.29166666666669
2801,-0.42565738743499193,182.35677083333334
2802,-0.39996261393657495,182.421875
2803,-0.31107963496030294,182.48697916666669
2804,-0.3160838113332647,182.55208333333334
2805,-0.3019029235643675,182.6171875
2806,-0.1654690944328626,182.68229166666669
2807,-0.29864263522743545,182.74739583333334
2808,-0.21297245891251643,182.8125
2809,-0.13421827426155908,182.87760416666669
2810,-0.0725071002851213,182.94270833333334
2811,-0.17368380510859321,183.0078125
2812,-0.08961088077383919,183.07291666666669
2813,-0.08285555701739103,183.13802083333334
2814,-0.053084820163461784,183.203125
2815,-0.012597598513964707,183.26822916666669
2816,-0.0026538173666718866,183.33333333333334
2817,-0.02792663870599994,183.3984375
2818,0.08926731122935791,183.46354166666669
2819,0.07781584797084753,183.52864583333334
2820,0.07348818630990171,183.59375
2821,0.14580966596046263,183.65885416666669
2822,0.23113997250378115,183.72395833333334
2823,0.20736027872969864,183.7890625
2824,0.24734939237132153,183.85416666666669
2825,0.2276913960726423,183.91927083333334
2826,0.27694542415956275,183.984375
2827,0.2936427535682892,184.04947916666669
2828,0.309894456565658,184.11458333333334
2829,0.3178674707480843,184.1796875
2830,0.3748462533334947,184.24479166666669
2831,0.4027660590155839,184.30989583333334
2832,0.5341372540405911,184.375
2833,0.4195942208898285,184.44010416666669
2834,0.5170937988148759,184.50520833333334
2835,0.4696158818014865,184.5703125
2836,0.5251199598180144,184.63541666666669
2837,0.5399073813459808,184.70052083333334
2838,0.7132140474508377,184.765625
2839,0.6734420643234745,184.83072916666669
2840,0.64878881315908,184.89583333333334
2841,0.5769846960816629,184.9609375
2842,0.6574869134708108,185.02604166666669
2843,0.705257121966173,185.09114583333334
2844,0.6414421761414926,185.15625
2845,0.7815240405917249,185.22135416666669
2846,0.644752662544907,185.28645833333334
2847,0.7666568341671214,185.3515625
2848,0.6413181902935943,185.41666666666669
2849,0.7457055640748009,185.48177083333334
2850,0.8685018907204348,185.546875
2851,0.8098737600634794,185.61197916666669
2852,0.835434693563776,185.67708333333334
2853,0.8291153174145175,185.7421875
2854,0.8530439653794124,185.80729166666669
2855,0.9264342414713216,185.87239583333334
2856,0.9794538396862096,185.9375
2857,0.9872509084939313,186.00260416666669
2858,0.8995363790741769,186.06770833333334
2859,1.0341212076496775,186.1328125
2860,0.8513816408527694,186.19791666666669
2861,0.9320442541164745,186.26302083333334
2862,0.9427025161038877,186.328125
2863,0.955825613999341,186.39322916666669
2864,1.0662481894522506,186.45833333333334
2865,1.1450200299854478,186.5234375
2866,0.9767073336233609,186.58854166666669
2867,0.9732936748869964,186.65364583333334
2868,1.1171690883424121,186.71875
2869,1.0304572858109293,186.78385416666669
2870,1.0253841424790038,186.84895833333334
2871,1.1181843187203706,186.9140625
2872,1.1755885122914351,186.97916666666669
2873,1.2330314902152935,187.04427083333334
2874,1.0973107267788773,187.109375
2875,1.1429669264435907,187.17447916666669
2876,1.208823272616666,187.23958333333334
2877,1.074644170206777,187.3046875
2878,1.0450578493349258,187.36979166666669
2879,1.1537207135282401,187.43489583333334
2880,1.048128241476528,187.5
2881,1.1211079982009962,187.56510416666669
2882,1.1282631027580792,187.63020833333334
2883,1.1098535993807257,187.6953125
2884,1.0702414423897082,187.76041666666669
2885,1.1302687594404186,187.82552083333334
2886,1.1184187608571516,187.890625
2887,1.1241752486321466,187.95572916666669
2888,1.074052123703954,188.02083333333334
2889,1.0331354213693922,188.0859375
2890,1.118885607599085,188.15104166666669
2891,1.073109469270215,188.21614583333334
2892,1.0647011393114725,188.28125
2893,1.120678695212761,188.34635416666669
2894,1.0236828017378852,188.41145833333334
2895,0.9428588488629353,188.4765625
2896,0.9617836422877155,188.54166666666669
2897,1.0774744186118292,188.60677083333334
2898,1.00510007256105,188.671875
2899,0.9851353500786263,188.73697916666669
2900,0.9777742489221164,188.80208333333334
2901,0.8648949752112579,188.8671875
2902,0.9393816094954723,188.93229166666669
2903,0.9281021145271138,188.99739583333334
2904,0.9218565283319495,189.0625
2905,0.8618349675513794,189.12760416666669
2906,0.9105740275708292,189.19270833333334
2907,0.7575647588103723,189.2578125
2908,0.8649983101057472,189.32291666666669
2909,0.9350813320230625,189.38802083333334
2910,0.8506381715340033,189.453125
2911,0.7815792620685333,189.51822916666669
2912,0.6791314780926746,189.58333333333334
2913,0.8083554111972008,189.6484375
2914,0.666358576437459,189.71354166666669
2915,0.6683006469101727,189.77864583333334
2916,0.6887634833549452,189.84375
2917,0.6568698484883735,189.90885416666669
2918,0.6546862995244385,189.97395833333334
2919,0.6688440447496519,190.0390625
2920,0.6474566300026662,190.10416666666669
2921,0.4904307917929042,190.16927083333334
2922,0.533439904039776,190.234375
2923,0.5389433162820222,190.29947916666669
2924,0.47053808704470945,190.36458333333334
2925,0.4677320545226302,190.4296875
2926,0.5066322924076114,190.49479166666669
2927,0.45286060122876426,190.55989583333334
2928,0.41891223401235783,190.625
2929,0.5301770468847111,190.69010416666669
2930,0.30243439114327,190.75520833333334
2931,0.33026181739001087,190.8203125
2932,0.31420136010208793,190.88541666666669
2933,0.2527037409082594,190.95052083333334
2934,0.2405698294264766,191.015625
2935,0.1063839065964759,191.08072916666669
2936,0.13456747509681893,191.14583333333334
2937,0.07536383427801645,191.2109375
2938,0.16728759092685,191.27604166666669
2939,0.1821472177045006,191.34114583333334
2940,0.08768441382266261,191.40625
2941,0.007403186099702982,191.47135416666669
2942,0.009077951868371788,191.53645833333334
2943,0.13251694490097024,191.6015625
2944,0.04482188635250292,191.66666666666669
2945,-0.07596146467195958,191.73177083333334
2946,-0.08589441005736473,191.796875
2947,-0.13874368012219385,191.86197916666669
2948,-0.08302868189523673,191.92708333333334
2949,-0.16837488320281735,191.9921875
2950,-0.0571659482316794,192.05729166666669
2951,-0.115585782477452,192.12239583333334
2952,-0.22844714064549615,192.1875
2953,-0.26283119563461477,192.25260416666669
2954,-0.2070182624180817,192.31770833333334
2955,-0.22707578564426953,192.3828125
2956,-0.24267857374045618,192.44791666666669
2957,-0.3059055539747133,192.51302083333334
2958,-0.3100006999250138,192.578125
2959,-0.34967617864545825,192.64322916666669
2960,-0.35112999044501286,192.70833333333334
2961,-0.4137336402914206,192.7734375
2962,-0.4977474618449526,192.83854166666669
2963,-0.5792413121859911,192.90364583333334
2964,-0.5035579280508562,192.96875
2965,-0.39308447227948323,193.03385416666669
2966,-0.5211942602733802,193.09895833333334
2967,-0.6053422398543798,193.1640625
2968,-0.5001482092406893,193.22916666666669
2969,-0.5522830986530141,193.29427083333334
2970,-0.631740951974101,193.359375
2971,-0.6322216147552923,193.42447916666669
2972,-0.7410283758401723,193.48958333333334
2973,-0.5171846078232358,193.5546875
2974,-0.741148957123289,193.61979166666669
2975,-0.6479301895836879,193.68489583333334
2976,-0.6861661624649051,193.75
2977,-0.7710652676462477,193.81510416666669
2978,-0.7297162127180542,193.88020833333334
2979,-0.7124507195903316,193.9453125
2980,-0.7647967235843502,194.01041666666669
2981,-0.7252536390359158,194.07552083333334
2982,-0.8562139339646658,194.140625
2983,-0.8555749413853996,194.20572916666669
2984,-0.8430058988194181,194.27083333333334
2985,-0.8366328370083874,194.3359375
2986,-0.9149888104041983,194.40104166666669
2987,-0.9462580670589307,194.46614583333334
2988,-0.9200708864451757,194.53125
2989,-0.8980209174672363,194.59635416666669
2990,-0.8141954022333077,194.66145833333334
2991,-0.8696714794180377,194.7265625
2992,-0.9937201013724326,194.79166666666669
2993,-0.9806068970898458,194.85677083333334
2994,-1.0700498102190719,194.921875
2995,-0.9383082588523147,194.98697916666669
2996,-0.9938584955303423,195.05208333333334
2997,-0.9514175421700919,195.1171875
2998,-1.0019655862919372,195.18229166666669
2999,-0.9101511672932352,195.24739583333334
3000,-0.9917179254301685,195.3125
3001,-0.9811257154941632,195.37760416666669
3002,-0.9768536290556983,195.44270833333334
3003,-0.9558277442460452,195.5078125
3004,-0.9720647018435163,195.57291666666669
3005,-1.105395811044105,195.63802083333334
3006,-0.9625987102234417,195.703125
3007,-1.0603795707896437,195.76822916666669
3008,-1.0493725059512076,195.83333333333334
3009,-1.0479411774965768,195.8984375
3010,-0.9491991030669407,195.96354166666669
3011,-1.038077214289346,196.02864583333334
3012,-1.0490165508414078,196.09375
3013,-0.9645094181932123,196.15885416666669
3014,-1.0679330937588287,196.22395833333334
3015,-0.9405283184170498,196.2890625
3016,-0.9710468537494413,196.35416666666669
3017,-1.0166367994760468,196.41927083333334
3018,-1.0381646545031094,196.484375
3019,-0.9822874453838956,196.54947916666669
3020,-1.0159357658327814,196.61458333333334
3021,-0.9495941058089074,196.6796875
3022,-0.9500609134145601,196.74479166666669
3023,-0.9492399555328978,196.80989583333334
3024,-0.9730985270220317,196.875
3025,-1.0121716854013543,196.94010416666669
3026,-0.9718496258863536,197.00520833333334
3027,-0.8774672962279966,197.0703125
3028,-0.8324524395087789,197.13541666666669
3029,-0.8477688179710733,197.20052083333334
3030,-0.8460342354723592,197.265625
3031,-0.8088111298345175,197.33072916666669
3032,-0.866554605339515,197.39583333333334
3033,-0.8757556482328727,197.4609375
3034,-0.7979214424738161,197.52604166666669
3035,-0.8574068912639446,197.59114583333334
3036,-0.7724997979461585,197.65625
3037,-0.7190951630341365,197.72135416666669
3038,-0.7308220369663054,197.78645833333334
3039,-0.7171996713391625,197.8515625
3040,-0.782098726019651,197.91666666666669
3041,-0.7074979025307312,197.98177083333334
3042,-0.6280693057740325,198.046875
3043,-0.6857178422192552,198.11197916666669
3044,-0.611227627381065,198.17708333333334
3045,-0.6220582727999129,198.2421875
3046,-0.581677171436894,198.30729166666669
3047,-0.5253562333553607,198.37239583333334
3048,-0.5449851877544718,198.4375
3049,-0.5136997940898994,198.50260416666669
3050,-0.5181135458374238,198.56770833333334
3051,-0.4681329580685079,198.6328125
3052,-0.402984848736083,198.69791666666669
3053,-0.4776148617221235,198.76302083333334
3054,-0.4153708248258406,198.828125
3055,-0.4451484566359118,198.89322916666669
3056,-0.437833896422986,198.95833333333334
3057,-0.3234276887055219,199.0234375
3058,-0.2892587472824311,199.08854166666669
3059,-0.37674551963468783,199.15364583333334
3060,-0.32991040639587843,199.21875
3061,-0.26378485782873523,199.28385416666669
3062,-0.24238848101147112,199.34895833333334
3063,-0.23488931847453096,199.4140625
3064,-0.22185060668875178,199.47916666666669
3065,-0.1969654794387412,199.54427083333334
3066,-0.18733475062503518,199.609375
3067,-0.06150396003809313,199.67447916666669
3068,-0.12223298349861804,199.73958333333334
3069,-0.025307039292529348,199.8046875
3070,-0.10319026071301593,199.86979166666669
3071,-0.07130640858887322,199.93489583333334
3072,0.002678329052333611,200.0
3073,-0.027145171371026493,200.06510416666669
3074,0.070670481159441,200.13020833333334
3075,0.07440726719408877,200.19531250000003
3076,0.055471536017279194,200.26041666666669
3077,0.1198511870190902,200.32552083333334
3078,0.24851026762136014,200.39062500000003
3079,0.20117273758363596,200.45572916666669
3080,0.24750111510760028,200.52083333333334
3081,0.2774709364167495,200.58593750000003
3082,0.24369752429372052,200.65104166666669
3083,0.2104082876864141,200.71614583333334
3084,0.34210839472056753,200.78125000000003
3085,0.24448692513876744,200.84635416666669
3086,0.23965775834405026,200.91145833333334
3087,0.36581544817542483,200.97656250000003
3088,0.38228251773775695,201.04166666666669
3089,0.35035834124842247,201.10677083333334
3090,0.4165690855929744,201.17187500000003
3091,0.485070746182763,201.23697916666669
3092,0.3951387747608383,201.30208333333334
3093,0.4292569336705004,201.36718750000003
3094,0.3885480697591268,201.43229166666669
3095,0.4929135508737786,201.49739583333334
3096,0.6064063456210822,201.56250000000003
3097,0.5494856570415213,201.62760416666669
3098,0.4518969169631056,201.69270833333334
3099,0.5990600629968718,201.75781250000003
3100,0.6612171857181566,201.82291666666669
3101,0.631219752141385,201.88802083333334
3102,0.5938617921200643,201.95312500000003
3103,0.636687949204184,202.01822916666669
3104,0.7101378514924043,202.08333333333334
3105,0.6492721520829939,202.14843750000003
3106,0.7102560697325088,202.21354166666669
3107,0.6964333154914467,202.27864583333334
3108,0.7277638813158573,202.34375000000003
3109,0.7391685329500515,202.40885416666669
3110,0.8306187898214648,202.47395833333334
3111,0.8172311852594116,202.53906250000003
3112,0.7789194890762748,202.60416666666669
3113,0.7856439242123585,202.66927083333334
3114,0.7802267348658699,202.73437500000003
3115,0.8085839409691638,202.79947916666669
3116,0.8272845094809052,202.86458333333334
3117,0.8628009831345974,202.92968750000003
3118,0.8166404788653235,202.99479166666669
3119,0.8593553815520206,203.05989583333334
3120,0.8315575785809437,203.12500000000003
3121,0.8758130074855517,203.19010416666669
3122,0.8875503292988348,203.25520833333334
3123,0.9574185107603934,203.32031250000003
3124,0.8823118164553371,203.38541666666669
3125,0.9158335253852996,203.45052083333334
3126,0.9006299007173778,203.51562500000003
3127,0.9241342657571067,203.58072916666669
3128,0.8705002232975324,203.64583333333334
3129,0.9077158588505821,203.71093750000003
3130,0.9400279038997863,203.77604166666669
3131,0.9753469593436555,203.84114583333334
3132,0.9741460621935855,203.90625000000003
3133,0.9746390237779319,203.97135416666669
3134,0.8940269463758342,204.03645833333334
3135,0.9091528901581241,204.10156250000003
3136,0.8620261175396211,204.16666666666669
3137,0.8890290608555012,204.23177083333334
3138,0.9007226629047901,204.29687500000003
3139,0.9208212419663616,204.36197916666669
3140,0.9390947033403352,204.42708333333334
3141,0.9153205233725398,204.49218750000003
3142,1.031556400565273,204.55729166666669
3143,0.9141248279406727,204.62239583333334
3144,0.8737524480034006,204.68750000000003
3145,0.9651435545313726,204.75260416666669
3146,0.9386980067718161,204.81770833333334
3147,0.9610763710929968,204.88281250000003
3148,0.8473216498635133,204.94791666666669
3149,0.8875965324010165,205.01302083333334
3150,0.8324058136408333,205.07812500000003
3151,0.8606112634908539,205.14322916666669
3152,0.9105015275897211,205.20833333333334
3153,0.772892828173598,205.27343750000003
3154,0.8030308479570737,205.33854166666669
3155,0.8180618378599037,205.40364583333334
3156,0.790305904503329,205.46875000000003
3157,0.7783650913482822,205.53385416666669
3158,0.8205214081255292,205.59895833333334
3159,0.7904437986553411,205.66406250000003
3160,0.7549322632556545,205.72916666666669
3161,0.734704771676377,205.79427083333334
3162,0.6945686920675022,205.85937500000003
3163,0.7067365407595142,205.92447916666669
3164,0.7384357438929023,205.98958333333334
3165,0.7257339554488939,206.05468750000003
3166,0.6388186024066284,206.11979166666669
3167,0.6322255873734706,206.18489583333334
3168,0.639113154573685,206.25000000000003
3169,0.5969962150206944,206.31510416666669
3170,0.6737918787771973,206.38020833333334
3171,0.5964205352564175,206.44531250000003
3172,0.5646010158004016,206.51041666666669
3173,0.6088144088071408,206.57552083333334
3174,0.5831790974103185,206.64062500000003
3175,0.49881118910899264,206.70572916666669
3176,0.4884510869794669,206.77083333333334
3177,0.5081599602462259,206.83593750000003
3178,0.5383726137015602,206.90104166666669
3179,0.37801315697003546,206.96614583333334
3180,0.38459566195206685,207.03125000000003
3181,0.39593673855949335,207.09635416666669
3182,0.45631932928335345,207.16145833333334
3183,0.39283710428309093,207.22656250000003
3184,0.3124506434317294,207.29166666666669
3185,0.3492708904021698,207.35677083333334
3186,0.2785138593223505,207.42187500000003
3187,0.21401497225700672,207.48697916666669
3188,0.27293038992865615,207.55208333333334
3189,0.2278931649053939,207.61718750000003
3190,0.18508097269677862,207.68229166666669
3191,0.17596253967443837,207.74739583333334
3192,0.2475660261102367,207.81250000000003
3193,0.15430305707947628,207.87760416666669
3194,0.11303285615751672,207.94270833333334
3195,0.14509937251738378,208.00781250000003
3196,0.14356519930199607,208.07291666666669
3197,0.12939207659100474,208.13802083333334
3198,0.011425412759785758,208.20312500000003
3199,0.09858682192816474,208.26822916666669
3200,-0.06915675245073459,208.33333333333334
3201,-0.024490428655070867,208.39843750000003
3202,-0.03601429461650744,208.46354166666669
3203,-0.08355621685547093,208.52864583333334
3204,-0.17412379048762122,208.59375000000003
3205,-0.0865298905599524,208.65885416666669
3206,-0.13700275509883664,208.72395833333334
3207,-0.17820170208169692,208.78906250000003
3208,-0.20945168031693223,208.85416666666669
3209,-0.1762735838206842,208.91927083333334
3210,-0.19900597394183966,208.98437500000003
3211,-0.3152829223293092,209.04947916666669
3212,-0.30504312043568726,209.11458333333334
3213,-0.30283762661663133,209.17968750000003
3214,-0.3214142498025547,209.24479166666669
3215,-0.2865156610403818,209.30989583333334
3216,-0.32446810132067866,209.37500000000003
3217,-0.3539449684213436,209.44010416666669
3218,-0.3622857744022302,209.50520833333334
3219,-0.3880295076025032,209.57031250000003
3220,-0.41638000059620944,209.63541666666669
3221,-0.4168534762140811,209.70052083333334
3222,-0.44470334748311136,209.76562500000003
3223,-0.5324543021030457,209.83072916666669
3224,-0.5258278706107418,209.89583333333334
3225,-0.5099132799890228,209.96093750000003
3226,-0.5861173787148287,210.02604166666669
3227,-0.5693941203334583,210.09114583333334
3228,-0.5376022880266285,210.15625000000003
3229,-0.5517845083953077,210.22135416666669
3230,-0.6187821644192408,210.28645833333334
3231,-0.5958820795132665,210.35156250000003
3232,-0.6210409841672789,210.41666666666669
3233,-0.6294539897353906,210.48177083333334
3234,-0.5835025602098027,210.54687500000003
3235,-0.7881602486191083,210.61197916666669
3236,-0.6459476922015914,210.67708333333334
3237,-0.6266554011547897,210.74218750000003
3238,-0.7413919150683885,210.80729166666669
3239,-0.6982556717700147,210.87239583333334
3240,-0.7563187633420091,210.93750000000003
3241,-0.8007756207394372,211.00260416666669
3242,-0.7531085566058275,211.06770833333334
3243,-0.7413640485865252,211.13281250000003
3244,-0.7259288562218403,211.19791666666669
3245,-0.7806057607474506,211.26302083333334
3246,-0.827516714670213,211.32812500000003
3247,-0.7409467254071247,211.39322916666669
3248,-0.7823802561566092,211.45833333333334
3249,-0.778411103325373,211.52343750000003
3250,-0.8092247945183096,211.58854166666669
3251,-0.8878248791109238,211.65364583333334
3252,-0.8649814518708959,211.71875000000003
3253,-0.8224900781982971,211.78385416666669
3254,-0.8633559284665686,211.84895833333334
3255,-0.857861683864569,211.91406250000003
3256,-0.9129754356049887,211.97916666666669
3257,-0.8733174435971984,212.04427083333334
3258,-0.8708780639132133,212.10937500000003
3259,-0.8301668048222995,212.17447916666669
3260,-0.7881857510248391,212.23958333333334
3261,-0.9061154094099211,212.30468750000003
3262,-0.9054140026450397,212.36979166666669
3263,-0.8476074227749169,212.43489583333334
3264,-0.7968160245189242,212.50000000000003
3265,-0.8421949880326762,212.56510416666669
3266,-0.9298187561204909,212.63020833333334
3267,-0.8530506323981786,212.69531250000003
3268,-0.869476333466154,212.76041666666669
3269,-0.8810337656163963,212.82552083333334
3270,-0.8877400545036138,212.89062500000003
3271,-0.7919448180803156,212.95572916666669
3272,-0.8412538971746639,213.02083333333334
3273,-0.8865758986735837,213.08593750000003
3274,-0.8734566358393937,213.15104166666669
3275,-0.8440977323233742,213.21614583333334
3276,-0.8568514220130671,213.28125000000003
3277,-0.8265018346546448,213.34635416666669
3278,-0.8378848939023583,213.41145833333334
3279,-0.8179533535464729,213.47656250000003
3280,-0.7753683921728736,213.54166666666669
3281,-0.8095754866326615,213.60677083333334
3282,-0.7445938351552995,213.67187500000003
3283,-0.7652019712756667,213.73697916666669
3284,-0.7215623500978743,213.80208333333334
3285,-0.7287753136633709,213.86718750000003
3286,-0.714534322605041,213.93229166666669
3287,-0.7333684710872519,213.99739583333334
3288,-0.6917271914035801,214.06250000000003
3289,-0.7340353976980932,214.12760416666669
3290,-0.7205445555770813,214.19270833333334
3291,-0.6595782880802523,214.25781250000003
3292,-0.7198929526582722,214.32291666666669
3293,-0.7023238305560282,214.38802083333334
3294,-0.6245327156036813,214.45312500000003
3295,-0.6447710051397573,214.51822916666669
3296,-0.7542945393781587,214.58333333333334
3297,-0.5250194344498709,214.64843750000003
3298,-0.5757440787628686,214.71354166666669
3299,-0.5674061920318354,214.77864583333334
3300,-0.454759034311382,214.84375000000003
3301,-0.6228007103177854,214.90885416666669
3302,-0.5643740470837136,214.97395833333334
3303,-0.4230238842079376,215.03906250000003
3304,-0.47662315611301437,215.10416666666669
3305,-0.4725339759099486,215.16927083333334
3306,-0.47904607451166675,215.23437500000003
3307,-0.42852155651570273,215.29947916666669
3308,-0.3555886180623599,215.36458333333334
3309,-0.34977200867219,215.42968750000003
3310,-0.44234522106603186,215.49479166666669
3311,-0.4667862188621704,215.55989583333334
3312,-0.3389439348331252,215.62500000000003
3313,-0.29474614308299396,215.69010416666669
3314,-0.2688495527155674,215.75520833333334
3315,-0.2264825587881422,215.82031250000003
3316,-0.2795657935402906,215.88541666666669
3317,-0.2531538866008635,215.95052083333334
3318,-0.25581351982967454,216.01562500000003
3319,-0.18153472992059913,216.08072916666669
3320,-0.14436990571665514,216.14583333333334
3321,-0.161340211071023,216.21093750000003
3322,-0.18294271564990278,216.27604166666669
3323,-0.08850880696267836,216.34114583333334
3324,-0.10064371270191062,216.40625000000003
3325,-0.05412730631852591,216.47135416666669
3326,-0.058765820057527667,216.53645833333334
3327,0.03522913330912178,216.60156250000003
3328,-0.08244760867176933,216.66666666666669
3329,-0.005646211280369116,216.73177083333334
3330,0.0749310014412733,216.79687500000003
3331,0.12135309077569226,216.86197916666669
3332,0.06330282319577987,216.92708333333334
3333,0.06544227658737077,216.99218750000003
3334,0.09007709395614065,217.05729166666669
3335,0.10530914680317356,217.12239583333334
3336,0.1928850382429819,217.18750000000003
3337,0.16392416087990958,217.25260416666669
3338,0.22990911183706234,217.31770833333334
3339,0.2957616262462739,217.38281250000003
3340,0.3623155989319932,217.44791666666669
3341,0.3105112170447802,217.51302083333334
3342,0.34813900367350703,217.57812500000003
3343,0.31798711485812925,217.64322916666669
3344,0.3812594365907191,217.70833333333334
3345,0.35798614570427334,217.77343750000003
3346,0.3802986411580294,217.83854166666669
3347,0.41082927739160335,217.90364583333334
3348,0.4021967713534019,217.96875000000003
3349,0.4936071397123186,218.03385416666669
3350,0.4261882055085433,218.09895833333334
3351,0.43831555161056074,218.16406250000003
3352,0.47611463895223544,218.22916666666669
3353,0.4776537142735508,218.29427083333334
3354,0.5291917745104161,218.35937500000003
3355,0.48983528653279623,218.42447916666669
3356,0.676890709787139,218.48958333333334
3357,0.5468218267666942,218.55468750000003
3358,0.5606655649313491,218.61979166666669
3359,0.6307142776926336,218.68489583333334
3360,0.6330638608558039,218.75000000000003
3361,0.6502560525802564,218.81510416666669
3362,0.6899628819013083,218.88020833333334
3363,0.6514710285851036,218.94531250000003
3364,0.6381218925139774,219.01041666666669
3365,0.6774067247064917,219.07552083333334
3366,0.776473359477212,219.14062500000003
3367,0.6882358925397939,219.20572916666669
3368,0.7440722034882353,219.27083333333334
3369,0.7568759588167862,219.33593750000003
3370,0.8151508865914288,219.40104166666669
3371,0.7173228228571669,219.46614583333334
3372,0.7114332384958525,219.53125000000003
3373,0.7898642268917178,219.59635416666669
3374,0.792933993833515,219.66145833333334
3375,0.7928009967616998,219.72656250000003
3376,0.7670232455252406,219.79166666666669
3377,0.7940737368288612,219.85677083333334
3378,0.8686944441765112,219.92187500000003
3379,0.8359248885726875,219.98697916666669
3380,0.8177041328187165,220.05208333333334
3381,0.8099813244083837,220.11718750000003
3382,0.820654511033723,220.18229166666669
3383,0.8821525140501241,220.24739583333334
3384,0.8154989629733213,220.31250000000003
3385,0.9509235072622784,220.37760416666669
3386,0.7845469140792465,220.44270833333334
3387,0.8487704618791497,220.50781250000003
3388,0.9158609482606238,220.57291666666669
3389,0.8410293595733571,220.63802083333334
3390,0.8963553945775834,220.70312500000003
3391,0.8730302712317111,220.76822916666669
3392,0.890494824572316,220.83333333333334
3393,0.8213569359206931,220.89843750000003
3394,0.848265258073452,220.96354166666669
3395,0.8534712527997971,221.02864583333334
3396,0.9200597178880136,221.09375000000003
3397,0.8776387930672288,221.15885416666669
3398,0.9375063531305188,221.22395833333334
3399,0.8400013709253645,221.28906250000003
3400,0.9124320005159515,221.35416666666669
3401,0.8320184054466707,221.41927083333334
3402,0.7885749042278871,221.48437500000003
3403,0.7940649008435774,221.54947916666669
3404,0.8319728679268683,221.61458333333334
3405,0.7989215659397861,221.67968750000003
3406,0.7749834916962162,221.74479166666669
3407,0.7689533700208625,221.80989583333334
3408,0.8463199438607425,221.87500000000003
3409,0.7443330037255846,221.94010416666669
3410,0.7697730361567163,222.00520833333334
3411,0.8168220866366925,222.07031250000003
3412,0.6544479120207396,222.13541666666669
3413,0.7229975603853318,222.20052083333334
3414,0.6991196720594001,222.26562500000003
3415,0.7670333348855315,222.33072916666669
3416,0.7722247935292618,222.39583333333334
3417,0.6992405833445047,222.46093750000003
3418,0.6647717927718946,222.52604166666669
3419,0.7483334052109807,222.59114583333334
3420,0.7015121855330952,222.65625000000003
3421,0.7255871246311973,222.72135416666669
3422,0.6007630858331782,222.78645833333334
3423,0.6316209841058229,222.85156250000003
3424,0.6503170798370707,222.91666666666669
3425,0.5928914518470373,222.98177083333334
3426,0.5858244853779896,223.04687500000003
3427,0.5608495228801974,223.11197916666669
3428,0.6203336735046536,223.17708333333334
3429,0.5460042887493698,223.24218750000003
3430,0.5807421566380667,223.30729166666669
3431,0.40879693680962764,223.37239583333334
3432,0.49842483651740643,223.43750000000003
3433,0.46902432474882516,223.50260416666669
3434,0.4470414502815808,223.56770833333334
3435,0.39478423151285547,223.63281250000003
3436,0.42164807483420524,223.69791666666669
3437,0.4001730376217164,223.76302083333334
3438,0.36379910933352994,223.82812500000003
3439,0.3767688087206823,223.89322916666669
3440,0.32541988291568924,223.95833333333334
3441,0.2811884630864304,224.02343750000003
3442,0.2933608596368803,224.08854166666669
3443,0.2563532514551287,224.15364583333334
3444,0.395775513816653,224.21875000000003
3445,0.21890706929780793,224.28385416666669
3446,0.21673514343014744,224.34895833333334
3447,0.20660469567766976,224.41406250000003
3448,0.17661415986492954,224.47916666666669
3449,0.10012984077434982,224.54427083333334
3450,0.12412336120376534,224.60937500000003
3451,0.10570756442997772,224.67447916666669
3452,0.12008032344811248,224.73958333333334
3453,0.08763430928514314,224.80468750000003
3454,0.039102178811231174,224.86979166666669
3455,0.10982935177276103,224.93489583333334
3456,0.00818737641774368,225.00000000000003
3457,-0.043801885901069655,225.06510416666669
3458,-0.0005273362584250655,225.13020833333334
3459,-0.06744808996868064,225.19531250000003
3460,-0.0481824380406851,225.26041666666669
3461,-0.1119705798108509,225.32552083333334
3462,-0.12485348746417256,225.39062500000003
3463,-0.1691395843176981,225.45572916666669
3464,-0.24317258016514653,225.52083333333334
3465,-0.20557407170225944,225.58593750000003
3466,-0.21841686025755097,225.65104166666669
3467,-0.20827679973188118,225.71614583333334
3468,-0.4187136425475729,225.78125000000003
3469,-0.22391956513528077,225.84635416666669
3470,-0.20966125393260257,225.91145833333334
3471,-0.306345228078838,225.97656250000003
3472,-0.38421537945458184,226.04166666666669
3473,-0.3388608785864227,226.10677083333334
3474,-0.3451443267433949,226.17187500000003
3475,-0.4424435546544009,226.23697916666669
3476,-0.42901277449188463,226.30208333333334
3477,-0.4895905774521818,226.36718750000003
3478,-0.4611753040644762,226.43229166666669
3479,-0.5618213915012419,226.49739583333334
3480,-0.4953170966996489,226.56250000000003
3481,-0.5170494681497647,226.62760416666669
3482,-0.5168088903168884,226.69270833333334
3483,-0.5435505149127742,226.75781250000003
3484,-0.5861597477917959,226.82291666666669
3485,-0.5078362397830343,226.88802083333334
3486,-0.5807809933067641,226.95312500000003
3487,-0.5869931926707753,227.01822916666669
3488,-0.692528820308029,227.08333333333334
3489,-0.6111160268218747,227.14843750000003
3490,-0.6186348794015111,227.21354166666669
3491,-0.595270052079743,227.27864583333334
3492,-0.8084292259182847,227.34375000000003
3493,-0.7213798926255085,227.40885416666669
3494,-0.7687950024511234,227.47395833333334
3495,-0.7272766287588226,227.53906250000003
3496,-0.7560942558746253,227.60416666666669
3497,-0.7911153242240199,227.66927083333334
3498,-0.7109358580182399,227.73437500000003
3499,-0.7765124597342375,227.79947916666669
3500,-0.7568075089329029,227.86458333333334
3501,-0.8327364087337893,227.92968750000003
3502,-0.876218930238725,227.99479166666669
3503,-0.8176511083765947,228.05989583333334
3504,-0.8758846125664116,228.12500000000003
3505,-0.7766505944797227,228.19010416666669
3506,-0.9175002479512386,228.25520833333334
3507,-0.8174796973470366,228.32031250000003
3508,-0.8414436086273566,228.38541666666669
3509,-0.910864569826074,228.45052083333334
3510,-0.8441191744431473,228.51562500000003
3511,-0.9576681343108422,228.58072916666669
3512,-0.9066069610786093,228.64583333333334
3513,-0.8304432575726477,228.71093750000003
3514,-0.866779491053105,228.77604166666669
3515,-0.9331896641814778,228.84114583333334
3516,-0.8336549935462629,228.90625000000003
3517,-0.8782324082738273,228.97135416666669
3518,-0.9239088522079348,229.03645833333334
3519,-0.909604493679689,229.10156250000003
3520,-0.9379523811259602,229.16666666666669
3521,-0.8806335484343327,229.23177083333334
3522,-0.9217113335272795,229.29687500000003
3523,-0.8653805624890794,229.36197916666669
3524,-0.980131089267765,229.42708333333334
3525,-0.8748333022043489,229.49218750000003
3526,-0.9038122750695019,229.55729166666669
3527,-0.9851219044671052,229.62239583333334
3528,-0.8697581018740456,229.68750000000003
3529,-0.9709491181565183,229.75260416666669
3530,-0.9127577528044778,229.81770833333334
3531,-0.9837825716110568,229.88281250000003
3532,-0.9080880802007797,229.94791666666669
3533,-0.9144019402664424,230.01302083333334
3534,-0.8520147274163938,230.07812500000003
3535,-0.7694851927735822,230.14322916666669
3536,-0.8652874647159385,230.20833333333334
3537,-0.804616173260586,230.27343750000003
3538,-0.8510371758853618,230.33854166666669
3539,-0.7896950198793165,230.40364583333334
3540,-0.8213359264660851,230.46875000000003
3541,-0.8272957593861993,230.53385416666669
3542,-0.730497987784538,230.59895833333334
3543,-0.7065991747302353,230.66406250000003
3544,-0.7968624031428838,230.72916666666669
3545,-0.7136722825387114,230.79427083333334
3546,-0.7043882517492026,230.85937500000003
3547,-0.6858313470705114,230.92447916666669
3548,-0.7143403957190912,230.98958333333334
3549,-0.727916464737329,231.05468750000003
3550,-0.6774766700248365,231.11979166666669
3551,-0.7644155422299858,231.18489583333334
3552,-0.7286945987250341,231.25000000000003
3553,-0.5711101255392095,231.31510416666669
3554,-0.5776651614458154,231.38020833333334
3555,-0.6046590016223488,231.44531250000003
3556,-0.6254924694289798,231.51041666666669
3557,-0.5221616030438758,231.57552083333334
3558,-0.5342716753238944,231.64062500000003
3559,-0.559815068553252,231.70572916666669
3560,-0.547447412676848,231.77083333333334
3561,-0.4585012877601176,231.83593750000003
3562,-0.520852358020878,231.90104166666669
3563,-0.48934685972230374,231.96614583333334
3564,-0.41669875662015243,232.03125000000003
3565,-0.39409545655186695,232.09635416666669
3566,-0.48142164589879877,232.16145833333334
3567,-0.37127110985747835,232.22656250000003
3568,-0.36021443625151794,232.29166666666669
3569,-0.3379037416486415,232.35677083333334
3570,-0.2928746467156135,232.42187500000003
3571,-0.24346999794651475,232.48697916666669
3572,-0.32955702077956495,232.55208333333334
3573,-0.2045378031046436,232.61718750000003
3574,-0.1670937848309475,232.68229166666669
3575,-0.19277305726717017,232.74739583333334
3576,-0.21045966391894663,232.81250000000003
3577,-0.17605354789449376,232.87760416666669
3578,-0.11320128809268414,232.94270833333334
3579,-0.13930393980727354,233.00781250000003
3580,-0.09336233363739027,233.07291666666669
3581,-0.11079788813174907,233.13802083333334
3582,-0.008844069336771917,233.20312500000003
3583,-0.048521153935222966,233.26822916666669
3584,-0.015856841711435875,233.33333333333334
3585,0.06583134573858883,233.39843750000003
3586,0.1107392011483961,233.46354166666669
3587,0.028167164343844423,233.52864583333334
3588,0.05903245501200221,233.59375000000003
3589,0.16200603985549025,233.65885416666669
3590,0.13027404890787397,233.72395833333334
3591,0.1959538048040845,233.78906250000003
3592,0.16640122169609065,233.85416666666669
3593,0.20961289326130078,233.91927083333334
3594,0.2526052176633644,233.98437500000003
3595,0.19661008577179992,234.04947916666669
3596,0.32716136417695707,234.11458333333334
3597,0.36084502740421387,234.17968750000003
3598,0.32297685695536565,234.24479166666669
3599,0.38838493815486547,234.30989583333334
3600,0.2735466973868446,234.37500000000003
3601,0.47295029312200076,234.44010416666669
3602,0.4243480079024127,234.50520833333334
3603,0.4400333526883731,234.57031250000003
3604,0.381474511163415,234.63541666666669
3605,0.49170143165728786,234.70052083333334
3606,0.5482083313022342,234.76562500000003
3607,0.5339341273973349,234.83072916666669
3608,0.592844082042784,234.89583333333334
3609,0.525631935411382,234.96093750000003
3610,0.47705231604407417,235.02604166666669
3611,0.6056365886560415,235.09114583333334
3612,0.6231853242987833,235.15625000000003
3613,0.6107295830721329,235.22135416666669
3614,0.6387524205414014,235.28645833333334
3615,0.6114055069626275,235.35156250000003
3616,0.7701814405932186,235.41666666666669
3617,0.7001599697122607,235.48177083333334
3618,0.7031011804529801,235.54687500000003
3619,0.7156224955473927,235.61197916666669
3620,0.7675171564031349,235.67708333333334
3621,0.7736199415889286,235.74218750000003
3622,0.8511471315998195,235.80729166666669
3623,0.7713290003427778,235.87239583333334
3624,0.8390089945951152,235.93750000000003
3625,0.7385066733880175,236.00260416666669
3626,0.8549434984038872,236.06770833333334
3627,0.8910012642161609,236.13281250000003
3628,0.8655859625654784,236.19791666666669
3629,0.843648516332855,236.26302083333334
3630,0.8826844569502061,236.32812500000003
3631,0.9678240308000705,236.39322916666669
3632,0.8814118822976664,236.45833333333334
3633,0.971835152761391,236.52343750000003
3634,0.9559705565919451,236.58854166666669
3635,1.003006685579361,236.65364583333334
3636,0.998444642851692,236.71875000000003
3637,0.9857594087305801,236.78385416666669
3638,0.9434489555583508,236.84895833333334
3639,0.9733055350812533,236.91406250000003
3640,1.0750331448709651,236.97916666666669
3641,0.9400591318785338,237.04427083333334
3642,1.083287077385105,237.10937500000003
3643,1.0314276677049918,237.17447916666669
3644,0.9238231258480792,237.23958333333334
3645,1.0524776626916665,237.30468750000003
3646,1.0477445158909835,237.36979166666669
3647,0.9336857374943388,237.43489583333334
3648,0.9968091364353209,237.50000000000003
3649,0.9261272683889492,237.56510416666669
3650,1.0336192619978224,237.63020833333334
3651,0.9900217308626661,237.69531250000003
3652,1.0656624516413287,237.76041666666669
3653,1.0659587297199893,237.82552083333334
3654,0.9654632793919815,237.89062500000003
3655,0.9672002407206823,237.95572916666669
3656,1.064780598631748,238.02083333333334
3657,1.008156705178247,238.08593750000003
3658,1.0493133617583894,238.15104166666669
3659,0.9732448458549025,238.21614583333334
3660,0.982650291177677,238.28125000000003
3661,1.019994870476192,238.34635416666669
3662,0.9072632361798513,238.41145833333334
3663,0.9326716713203684,238.47656250000003
3664,0.9264252026083019,238.54166666666669
3665,0.9709229664992717,238.60677083333334
3666,0.8347664340113291,238.67187500000003
3667,0.9253298674222878,238.73697916666669
3668,0.9112015789761682,238.80208333333334
3669,0.8184567321037176,238.86718750000003
3670,0.9340839627962407,238.93229166666669
3671,0.9136948097296393,238.99739583333334
3672,0.891669151620165,239.06250000000003
3673,0.7850025082182055,239.12760416666669
3674,0.7767803170395655,239.19270833333334
3675,0.8156234039834299,239.25781250000003
3676,0.784359146128082,239.32291666666669
3677,0.8006225271439498,239.38802083333334
3678,0.7932496314306303,239.45312500000003
3679,0.7499075007904146,239.51822916666669
3680,0.7492067669446497,239.58333333333334
3681,0.641528580876468,239.64843750000003
3682,0.7389889068023942,239.71354166666669
3683,0.6572177679286485,239.77864583333334
3684,0.5530977687337626,239.84375000000003
3685,0.5911377072870005,239.90885416666669
3686,0.6315897437454479,239.97395833333334
3687,0.6797294369996791,240.03906250000003
3688,0.5624499320242358,240.10416666666669
3689,0.5434746941800118,240.16927083333334
3690,0.5914450763630223,240.23437500000003
3691,0.5491911969278498,240.29947916666669
3692,0.44013570859598977,240.36458333333334
3693,0.46245521762921155,240.42968750000003
3694,0.46119689127538605,240.49479166666669
3695,0.44556195672023086,240.55989583333334
3696,0.3013549274871149,240.62500000000003
3697,0.3852280608585239,240.69010416666669
3698,0.45801768544057747,240.75520833333334
3699,0.3357603860617213,240.82031250000003
3700,0.27958749974497815,240.88541666666669
3701,0.22625672494668994,240.95052083333334
3702,0.21141939995639322,241.01562500000003
3703,0.24869137436669236,241.08072916666669
3704,0.14760123036773645,241.14583333333334
3705,0.1631796611414686,241.21093750000003
3706,0.11910781210280325,241.27604166666669
3707,0.16523825899418312,241.34114583333334
3708,0.20971414878763614,241.40625000000003
3709,0.08425961082973549,241.47135416666669
3710,0.05913820382748731,241.53645833333334
3711,-0.004861515461129888,241.60156250000003
3712,0.012524689510442855,241.66666666666669
3713,-0.08472743714654975,241.73177083333334
3714,-0.05525181603516664,241.79687500000003
3715,-0.04430154883104183,241.86197916666669
3716,-0.09913704342813419,241.92708333333334
3717,-0.05311693516070478,241.99218750000003
3718,-0.2013856689483405,242.05729166666669
3719,-0.1809372386076879,242.12239583333334
3720,-0.22855435372740945,242.18750000000003
3721,-0.29246723773720684,242.25260416666669
3722,-0.2185683109099457,242.31770833333334
3723,-0.28017380299628025,242.38281250000003
3724,-0.33241791394033554,242.44791666666669
3725,-0.2872520439360671,242.51302083333334
3726,-0.4154043246943912,242.57812500000003
3727,-0.42613086163364144,242.64322916666669
3728,-0.4327771229335865,242.70833333333334
3729,-0.40328919087076126,242.77343750000003
3730,-0.4569656035246033,242.83854166666669
3731,-0.4137063581797571,242.90364583333334
3732,-0.48358431112983663,242.96875000000003
3733,-0.5920678084915356,243.03385416666669
3734,-0.5769376953852662,243.09895833333334
3735,-0.6152723288958432,243.16406250000003
3736,-0.6257932098862287,243.22916666666669
3737,-0.597001048582996,243.29427083333334
3738,-0.6658716821794544,243.35937500000003
3739,-0.5880470748246582,243.42447916666669
3740,-0.632768247765484,243.48958333333334
3741,-0.7182321858604456,243.55468750000003
3742,-0.7163973345329047,243.61979166666669
3743,-0.7152902397875489,243.68489583333334
3744,-0.7329780966614651,243.75000000000003
3745,-0.7884021408415982,243.81510416666669
3746,-0.7750299349643107,243.88020833333334
3747,-0.8251362417207175,243.94531250000003
3748,-0.856808543804465,244.01041666666669
3749,-0.9505953226858737,244.07552083333334
3750,-0.7901700629666583,244.14062500000003
3751,-0.930119854075976,244.20572916666669
3752,-0.9358639923814801,244.27083333333334
3753,-0.9636648626207229,244.33593750000003
3754,-0.920018309862433,244.40104166666669
3755,-1.0322615518130784,244.46614583333334
3756,-0.9334174340071001,244.53125000000003
3757,-0.9732306992683455,244.59635416666669
3758,-0.8766064623812089,244.66145833333334
3759,-1.072929622991115,244.72656250000003
3760,-1.065706222732316,244.79166666666669
3761,-1.0858288926154365,244.85677083333334
3762,-1.023343354433431,244.92187500000003
3763,-1.0359612697140148,244.98697916666669
3764,-1.051111157606449,245.05208333333334
3765,-0.9473820236353871,245.11718750000003
3766,-1.0947150029054569,245.18229166666669
3767,-1.0138445913357297,245.24739583333334
3768,-0.9591252870360034,245.31250000000003
3769,-1.0732577937522463,245.37760416666669
3770,-1.0391311263477825,245.44270833333334
3771,-1.1372778246162492,245.50781250000003
3772,-1.1829559222847916,245.57291666666669
3773,-1.0759567660292408,245.63802083333334
3774,-1.095595320223196,245.70312500000003
3775,-1.1255331432388014,245.76822916666669
3776,-1.0621333982560814,245.83333333333334
3777,-1.0942175478986473,245.89843750000003
3778,-1.094471862930237,245.96354166666669
3779,-1.018029544830659,246.02864583333334
3780,-1.0688332617050404,246.09375000000003
3781,-1.051237810140265,246.15885416666669
3782,-1.1017149961975852,246.22395833333334
3783,-1.1688036922161034,246.28906250000003
3784,-1.1489203621298605,246.35416666666669
3785,-1.0394734441494011,246.41927083333334
3786,-1.1129691544053955,246.48437500000003
3787,-1.0521830436894255,246.54947916666669
3788,-0.9996827567197797,246.61458333333334
3789,-1.0533048923989117,246.67968750000003
3790,-1.079966234022557,246.74479166666669
3791,-1.0235341196485492,246.80989583333334
3792,-1.103292166506675,246.87500000000003
3793,-1.000344034682972,246.94010416666669
3794,-1.0222172884474217,247.00520833333334
3795,-1.016060818542945,247.07031250000003
3796,-0.9741328624805009,247.13541666666669
3797,-1.0230452574069875,247.20052083333334
3798,-0.8343877405332067,247.26562500000003
3799,-0.9521380767881246,247.33072916666669
3800,-0.899280889002527,247.39583333333334
3801,-0.8587621099165454,247.46093750000003
3802,-0.854479757152529,247.52604166666669
3803,-0.8971280697740573,247.59114583333334
3804,-0.9274311019176873,247.65625000000003
3805,-0.857757051481732,247.72135416666669
3806,-0.732542424770017,247.78645833333334
3807,-0.8212661831616537,247.85156250000003
3808,-0.7739034964014105,247.91666666666669
3809,-0.7987637647588444,247.98177083333334
3810,-0.7183703022367096,248.04687500000003
3811,-0.7394212920215626,248.11197916666669
3812,-0.727642063924859,248.17708333333334
3813,-0.7942166647129814,248.24218750000003
3814,-0.5640256058823859,248.30729166666669
3815,-0.6589064497032715,248.37239583333334
3816,-0.6356633305785563,248.43750000000003
3817,-0.5809744721113578,248.50260416666669
3818,-0.6133452247890461,248.56770833333334
3819,-0.5355990238232082,248.63281250000003
3820,-0.5762580529365944,248.69791666666669
3821,-0.4640191726653828,248.76302083333334
3822,-0.4896106703736404,248.82812500000003
3823,-0.5898404660332061,248.89322916666669
3824,-0.4084420960368724,248.95833333333334
3825,-0.41090009077399237,249.02343750000003
3826,-0.3959226370370762,249.08854166666669
3827,-0.4188812435916568,249.15364583333334
3828,-0.30890225374045227,249.21875000000003
3829,-0.22683411041949222,249.28385416666669
3830,-0.21763844760851392,249.34895833333334
3831,-0.2614233810479586,249.41406250000003
3832,-0.24447143932704046,249.47916666666669
3833,-0.1346728380509686,249.54427083333334
3834,-0.10265861465326058,249.60937500000003
3835,-0.08370241340311631,249.67447916666669
3836,-0.13638197197553847,249.73958333333334
3837,-0.1388279976530664,249.80468750000003
3838,0.018118746070895322,249.86979166666669
3839,-0.03293165059456705,249.93489583333334
3840,0.006066891577142587,250.00000000000003
3841,-0.0220401797178869,250.06510416666669
3842,0.1324225387950499,250.13020833333334
3843,0.037566183654775466,250.19531250000003
3844,0.09592798158047411,250.26041666666669
3845,0.20242623835139473,250.32552083333334
3846,0.25663588771093265,250.39062500000003
3847,0.2278131796282736,250.45572916666669
3848,0.2808838778303219,250.52083333333334
3849,0.27644602799028756,250.58593750000003
3850,0.20696108557463633,250.65104166666669
3851,0.29176927133920316,250.71614583333334
3852,0.4283675046180772,250.78125000000003
3853,0.33648030885154123,250.84635416666669
3854,0.3079895560240226,250.91145833333334
3855,0.33786696404184746,250.97656250000003
3856,0.4142557252371362,251.04166666666669
3857,0.4380164843582301,251.10677083333334
3858,0.6685370374465838,251.17187500000003
3859,0.5760688393461175,251.23697916666669
3860,0.5779900737180611,251.30208333333334
3861,0.5417027946559698,251.36718750000003
3862,0.6013059946380781,251.43229166666669
3863,0.6091973122659499,251.49739583333334
3864,0.5441460319325059,251.56250000000003
3865,0.6702499140917334,251.62760416666669
3866,0.6383150899696286,251.69270833333334
3867,0.7881968117038791,251.75781250000003
3868,0.7074816499363659,251.82291666666669
3869,0.7975814305368221,251.88802083333334
3870,0.835424270309563,251.95312500000003
3871,0.8121296945088358,252.01822916666669
3872,0.7379185972306912,252.08333333333334
3873,0.8501132872160468,252.14843750000003
3874,0.8542718192146285,252.21354166666669
3875,0.858983619076329,252.27864583333334
3876,0.8437479254377807,252.34375000000003
3877,0.8708404635429062,252.40885416666669
3878,0.874560062006038,252.47395833333334
3879,0.9013833853906607,252.53906250000003
3880,0.9550709893063982,252.60416666666669
3881,1.0473006356749985,252.66927083333334
3882,1.0011237530126038,252.73437500000003
3883,0.9984434211802014,252.79947916666669
3884,1.138585105161038,252.86458333333334
3885,1.004186798753802,252.92968750000003
3886,1.0592990334757784,252.99479166666669
3887,1.0469900256173181,253.05989583333334
3888,1.084359057010403,253.12500000000003
3889,1.0956267472606893,253.19010416666669
3890,1.0276729301461878,253.25520833333334
3891,1.15423842061843,253.32031250000003
3892,1.0783918686730918,253.38541666666669
3893,1.0494202799900914,253.45052083333334
3894,1.1286331334440816,253.51562500000003
3895,1.0362574568216296,253.58072916666669
3896,1.0759060083085765,253.64583333333334
3897,1.0891461958533273,253.71093750000003
3898,1.2364597401584694,253.77604166666669
3899,1.025605259019856,253.84114583333334
3900,1.0420705745198335,253.90625000000003
3901,1.1070334739812466,253.97135416666669
3902,1.2240731501651159,254.03645833333334
3903,1.0989138488500338,254.10156250000003
3904,1.126940353704041,254.16666666666669
3905,1.0641376434456735,254.23177083333334
3906,1.0300675281414733,254.29687500000003
3907,1.126892252892388,254.36197916666669
3908,1.0812312464571534,254.42708333333334
3909,1.0557316342283554,254.49218750000003
3910,1.136040016424439,254.55729166666669
3911,1.1575317741648692,254.62239583333334
3912,1.023930463647077,254.68750000000003
3913,1.1228765254850035,254.75260416666669
3914,1.0919995772771078,254.81770833333334
3915,1.041345957401685,254.88281250000003
3916,1.1288304431473484,254.94791666666669
3917,1.1516539229810274,255.01302083333334
3918,1.1076451406791268,255.07812500000003
3919,1.0782273136315248,255.14322916666669
3920,1.0719066930724488,255.20833333333334
3921,1.2525255169482212,255.27343750000003
3922,1.032089771187888,255.33854166666669
3923,1.0091185505844744,255.40364583333334
3924,1.076538672725881,255.46875000000003
3925,1.1021794762476687,255.53385416666669
3926,0.9167262836926455,255.59895833333334
3927,1.0368489609069698,255.66406250000003
3928,0.8861819821888269,255.72916666666669
3929,0.924363142891141,255.79427083333334
3930,0.8392250298266366,255.85937500000003
3931,0.8535038973799953,255.92447916666669
3932,0.8118980520183771,255.98958333333334
3933,0.8215210524939234,256.0546875
3934,0.7858162997228342,256.1197916666667
3935,0.7653909182302447,256.18489583333337
3936,0.7696577658372323,256.25
3937,0.6914547926764486,256.3151041666667
3938,0.8279924887385746,256.38020833333337
3939,0.7036505086137483,256.4453125
3940,0.6763003221246652,256.5104166666667
3941,0.6694100239906514,256.57552083333337
3942,0.6218628230520322,256.640625
3943,0.5818504700149822,256.7057291666667
3944,0.6514500048486505,256.77083333333337
3945,0.608337292965695,256.8359375
3946,0.5846287636799739,256.9010416666667
3947,0.5959434940424495,256.96614583333337
3948,0.5089300807501257,257.03125
3949,0.48324003282188777,257.0963541666667
3950,0.46485885577163166,257.16145833333337
3951,0.42770317841825123,257.2265625
3952,0.4095303773131858,257.2916666666667
3953,0.476112457058215,257.35677083333337
3954,0.43210056543691605,257.421875
3955,0.3803448962174879,257.4869791666667
3956,0.3671225619846656,257.55208333333337
3957,0.3105147668222972,257.6171875
3958,0.27250166758653954,257.6822916666667
3959,0.33180826015077536,257.74739583333337
3960,0.2527477765124886,257.8125
3961,0.15072567190954164,257.8776041666667
3962,0.15538923598035317,257.94270833333337
3963,0.19802555725965879,258.0078125
3964,0.19984820142945178,258.0729166666667
3965,0.1006110974708589,258.13802083333337
3966,0.06839308444666707,258.203125
3967,-0.00895831700003337,258.2682291666667
3968,-0.08976062727674965,258.33333333333337
3969,-0.07912343706248863,258.3984375
3970,-0.01615916524815627,258.4635416666667
3971,-0.1860814867959291,258.52864583333337
3972,-0.1379903215382597,258.59375
3973,-0.21122015163452484,258.6588541666667
3974,-0.225975994537338,258.72395833333337
3975,-0.2506370076603072,258.7890625
3976,-0.19760574263872774,258.8541666666667
3977,-0.2593167451549923,258.91927083333337
3978,-0.26727234468217764,258.984375
3979,-0.2765673700662055,259.0494791666667
3980,-0.3165504934131613,259.11458333333337
3981,-0.44527504087004643,259.1796875
3982,-0.3898036851842965,259.2447916666667
3983,-0.4454812593206917,259.30989583333337
3984,-0.4204888333449628,259.375
3985,-0.49409943832892345,259.4401041666667
3986,-0.5161349900520321,259.50520833333337
3987,-0.6037755799881344,259.5703125
3988,-0.6155895142000293,259.6354166666667
3989,-0.5326422623184288,259.70052083333337
3990,-0.6085058749755535,259.765625
3991,-0.612614486839239,259.8307291666667
3992,-0.6528740360362909,259.89583333333337
3993,-0.7775568575488513,259.9609375
3994,-0.6993496473822667,260.0260416666667
3995,-0.6918385978616688,260.09114583333337
3996,-0.7489811368780555,260.15625
3997,-0.6677618662546023,260.2213541666667
3998,-0.7812088647070238,260.28645833333337
3999,-0.8628588402793631,260.3515625
4000,-0.7398507549205625,260.4166666666667
4001,-0.7486249428725408,260.48177083333337
4002,-0.7710691765106372,260.546875
4003,-0.852064195991817,260.6119791666667
4004,-0.9330067039724549,260.67708333333337
4005,-0.847530790561892,260.7421875
4006,-0.9703619585045055,260.8072916666667
4007,-0.8607540095174417,260.87239583333337
4008,-0.9788991063506571,260.9375
4009,-0.9925142988256802,261.0026041666667
4010,-1.0360581384099152,261.06770833333337
4011,-0.9040499287116835,261.1328125
4012,-0.9663068470411172,261.1979166666667
4013,-0.9739749119450556,261.26302083333337
4014,-1.053437243861677,261.328125
4015,-0.9154676521774147,261.3932291666667
4016,-1.066440380739638,261.45833333333337
4017,-1.0104372209058148,261.5234375
4018,-1.0863693573196427,261.5885416666667
4019,-1.060692508860974,261.65364583333337
4020,-1.1006029429125286,261.71875
4021,-1.1022391379693073,261.7838541666667
4022,-1.1100396705364388,261.84895833333337
4023,-1.1417579274726302,261.9140625
4024,-1.199382065820879,261.9791666666667
4025,-1.0981990870042546,262.04427083333337
4026,-1.2050434532596956,262.109375
4027,-1.1697261650550288,262.1744791666667
4028,-1.1268741359250383,262.23958333333337
4029,-1.0515532966547079,262.3046875
4030,-1.1030910418812567,262.3697916666667
4031,-1.1341628501941732,262.43489583333337
4032,-1.1097755159831568,262.5
4033,-1.067790351644536,262.5651041666667
4034,-1.0516876383581604,262.63020833333337
4035,-1.248392778465281,262.6953125
4036,-1.083330552723164,262.7604166666667
4037,-1.059645729488967,262.82552083333337
4038,-1.0324771721882002,262.890625
4039,-1.1542370347931203,262.9557291666667
4040,-1.0863264192008715,263.02083333333337
4041,-1.0767753078916398,263.0859375
4042,-1.050326858468771,263.1510416666667
4043,-1.101916974189786,263.21614583333337
4044,-1.0407674389867712,263.28125
4045,-1.0402513764575227,263.3463541666667
4046,-1.1507987329406897,263.41145833333337
4047,-1.045363380047298,263.4765625
4048,-1.0907963900747808,263.5416666666667
4049,-0.9990517673275223,263.60677083333337
4050,-0.9830279331069418,263.671875
4051,-0.9973895981161668,263.7369791666667
4052,-1.074013241557687,263.80208333333337
4053,-1.016017825054168,263.8671875
4054,-0.9664279091785039,263.9322916666667
4055,-0.9394935639610441,263.99739583333337
4056,-0.9994660810404312,264.0625
4057,-0.9242317969361299,264.1276041666667
4058,-0.7814837361521018,264.19270833333337
4059,-0.8494250957552263,264.2578125
4060,-0.8483125527104253,264.3229166666667
4061,-0.9857620036361473,264.38802083333337
4062,-0.7597583815821055,264.453125
4063,-0.7534785356174974,264.5182291666667
4064,-0.6935917049734719,264.58333333333337
4065,-0.7160326169717005,264.6484375
4066,-0.779526868714703,264.7135416666667
4067,-0.6756670509274506,264.77864583333337
4068,-0.8406980800508206,264.84375
4069,-0.6451109294865599,264.9088541666667
4070,-0.7443945759998624,264.97395833333337
4071,-0.6667006887714277,265.0390625
4072,-0.5785556243358682,265.1041666666667
4073,-0.5726842837734628,265.16927083333337
4074,-0.6270590730444445,265.234375
4075,-0.5482969616463285,265.2994791666667
4076,-0.5288800894493869,265.36458333333337
4077,-0.48826213387542505,265.4296875
4078,-0.5625756702635439,265.4947916666667
4079,-0.4131116090819854,265.55989583333337
4080,-0.4117710410784813,265.625
4081,-0.48881945361385265,265.6901041666667
4082,-0.41202709945382854,265.75520833333337
4083,-0.29871244616306286,265.8203125
4084,-0.2641183647304068,265.8854166666667
4085,-0.3282706294199298,265.95052083333337
4086,-0.140559742716571,266.015625
4087,-0.20760552476890168,266.0807291666667
4088,-0.22819611970022244,266.14583333333337
4089,-0.22785284704851946,266.2109375
4090,-0.18515913254372113,266.2760416666667
4091,-0.10988656833046176,266.34114583333337
4092,-0.13764864425754716,266.40625
4093,-0.1070592385959169,266.4713541666667
4094,-0.06084865264527205,266.53645833333337
4095,0.005753486789680075,266.6015625
4096,-0.03625334155761482,266.6666666666667
4097,0.15102854625291415,266.73177083333337
4098,0.0282982809518707,266.796875
4099,0.045062092811603394,266.8619791666667
4100,0.05853651980772201,266.92708333333337
4101,0.07487280402694432,266.9921875
4102,0.17429763218881722,267.0572916666667
4103,0.2468042284027951,267.12239583333337
4104,0.179069517469356,267.1875
4105,0.21356055586188344,267.2526041666667
4106,0.2822318204794266,267.31770833333337
4107,0.15495866017979357,267.3828125
4108,0.3180462049323985,267.4479166666667
4109,0.38547348316582036,267.51302083333337
4110,0.3611937819555597,267.578125
4111,0.4737551925726396,267.6432291666667
4112,0.34400995443605836,267.70833333333337
4113,0.35775315440357974,267.7734375
4114,0.4214053637872704,267.8385416666667
4115,0.5126584322679228,267.90364583333337
4116,0.554004713899384,267.96875
4117,0.5847439702232615,268.0338541666667
4118,0.5384502323240564,268.09895833333337
4119,0.5489276354393539,268.1640625
4120,0.6097529032587939,268.2291666666667
4121,0.7059863394117497,268.29427083333337
4122,0.6574860476397062,268.359375
4123,0.6669349773413444,268.4244791666667
4124,0.765409862731945,268.48958333333337
4125,0.8071736317937123,268.5546875
4126,0.6889767945512645,268.6197916666667
4127,0.6986313838059859,268.68489583333337
4128,0.745550306702175,268.75
4129,0.812994050700386,268.8151041666667
4130,0.7799736885622118,268.88020833333337
4131,0.7656346906297299,268.9453125
4132,0.8259026592384653,269.0104166666667
4133,0.8447109773090432,269.07552083333337
4134,0.7607638062016265,269.140625
4135,0.872390033738966,269.2057291666667
4136,0.8660615404768837,269.27083333333337
4137,0.9869572801994645,269.3359375
4138,0.8828452524849074,269.4010416666667
4139,0.9710634970326661,269.46614583333337
4140,0.9252787824663232,269.53125
4141,0.8776506018611026,269.5963541666667
4142,1.0331944524381251,269.66145833333337
4143,0.9259279736460355,269.7265625
4144,0.9561513927704912,269.7916666666667
4145,1.0212521520914466,269.85677083333337
4146,1.038520894776882,269.921875
4147,1.0911522386656647,269.9869791666667
4148,0.9859810825590014,270.05208333333337
4149,1.0667271907754834,270.1171875
4150,0.9474100556562038,270.1822916666667
4151,1.0723889834407834,270.24739583333337
4152,1.068061844977084,270.3125
4153,1.1012575895629118,270.3776041666667
4154,1.0544311379952627,270.44270833333337
4155,1.0706935695938946,270.5078125
4156,1.0382437587776978,270.5729166666667
4157,1.0258027621927266,270.63802083333337
4158,0.9843052401514115,270.703125
4159,1.02849484617844,270.7682291666667
4160,1.0802421734909144,270.83333333333337
4161,1.0113889218068661,270.8984375
4162,1.0580633961309711,270.9635416666667
4163,1.0931993976809924,271.02864583333337
4164,1.0069740649587076,271.09375
4165,1.027470771757504,271.1588541666667
4166,1.1345840652370238,271.22395833333337
4167,1.0394193197835346,271.2890625
4168,0.9426581454686589,271.3541666666667
4169,0.9965216411165928,271.41927083333337
4170,0.914797922592442,271.484375
4171,1.1476526319181901,271.5494791666667
4172,0.9605243584743928,271.61458333333337
4173,1.0091321050318984,271.6796875
4174,0.9859666193394018,271.7447916666667
4175,0.9526143641379492,271.80989583333337
4176,1.005482973605306,271.875
4177,1.1056151196436321,271.9401041666667
4178,0.8950860799094078,272.00520833333337
4179,0.9523244664884087,272.0703125
4180,0.9848759983070855,272.1354166666667
4181,0.8615351831572006,272.20052083333337
4182,0.9038990229165365,272.265625
4183,0.8864725839737138,272.3307291666667
4184,0.9146098217643224,272.39583333333337
4185,0.8371923210053275,272.4609375
4186,0.950995456921885,272.5260416666667
4187,0.7881698152986355,272.59114583333337
4188,0.7367974037190589,272.65625
4189,0.7963215294724421,272.7213541666667
4190,0.7322956338839692,272.78645833333337
4191,0.7411989036456957,272.8515625
4192,0.6827391036725499,272.9166666666667
4193,0.7465159223402006,272.98177083333337
4194,0.5904043819347232,273.046875
4195,0.6777728839143478,273.1119791666667
4196,0.7302167049430605,273.17708333333337
4197,0.609694261557409,273.2421875
4198,0.5257087117696264,273.3072916666667
4199,0.6447352230663695,273.37239583333337
4200,0.4601682864984674,273.4375
4201,0.5183894848995664,273.5026041666667
4202,0.47398996059382925,273.56770833333337
4203,0.5483863465859368,273.6328125
4204,0.5539673047752302,273.6979166666667
4205,0.3686752992502624,273.76302083333337
4206,0.44027016048506423,273.828125
4207,0.4967003801270478,273.8932291666667
4208,0.3507087211149811,273.95833333333337
4209,0.3394169775824083,274.0234375
4210,0.3712093560604222,274.0885416666667
4211,0.24798572717283235,274.15364583333337
4212,0.29173334529799955,274.21875
4213,0.34635981202589233,274.2838541666667
4214,0.23475887538704424,274.34895833333337
4215,0.18946081669919412,274.4140625
4216,0.1266913694282082,274.4791666666667
4217,0.1994798777637302,274.54427083333337
4218,0.16143975687875467,274.609375
4219,0.14413480612775192,274.6744791666667
4220,0.09517083405207077,274.73958333333337
4221,0.01885008798024805,274.8046875
4222,0.03213060255414534,274.8697916666667
4223,0.01989478273737512,274.93489583333337
4224,-0.026803409380396225,275.0
4225,0.0018524562682688506,275.0651041666667
4226,-0.0370489698614677,275.13020833333337
4227,-0.01731508048378031,275.1953125
4228,-0.05640340892633489,275.2604166666667
4229,-0.0464727660758084,275.32552083333337
4230,-0.11474184543837918,275.390625
4231,-0.21385959340021082,275.4557291666667
4232,-0.18581181262497518,275.52083333333337
4233,-0.3278367736654624,275.5859375
4234,-0.2977863979704062,275.6510416666667
4235,-0.33364503372779264,275.71614583333337
4236,-0.20167360303565357,275.78125
4237,-0.24852603006152754,275.8463541666667
4238,-0.28867614913921097,275.91145833333337
4239,-0.3592017244876665,275.9765625
4240,-0.3812304766700853,276.0416666666667
4241,-0.28168309944111336,276.10677083333337
4242,-0.44791623252758556,276.171875
4243,-0.5068439774243533,276.2369791666667
4244,-0.4531911440371341,276.30208333333337
4245,-0.44030432926843305,276.3671875
4246,-0.48927472891218204,276.4322916666667
4247,-0.49406883685023306,276.49739583333337
4248,-0.5420776852648265,276.5625
4249,-0.5757644666268396,276.6276041666667
4250,-0.5767112469283558,276.69270833333337
4251,-0.5335902649875396,276.7578125
4252,-0.6116275804074089,276.8229166666667
4253,-0.7345799540166463,276.88802083333337
4254,-0.5598407157915546,276.953125
4255,-0.690118705174335,277.0182291666667
4256,-0.6689579781538939,277.08333333333337
4257,-0.7208678405983773,277.1484375
4258,-0.8176247844425111,277.2135416666667
4259,-0.7028097459335324,277.27864583333337
4260,-0.7755429012470593,277.34375
4261,-0.7335748204126162,277.4088541666667
4262,-0.8570180543884427,277.47395833333337
4263,-0.7676446703798316,277.5390625
4264,-0.7910371976234276,277.6041666666667
4265,-0.7957286025238626,277.66927083333337
4266,-0.8801638623927851,277.734375
4267,-0.835978573976053,277.7994791666667
4268,-0.8409328829963945,277.86458333333337
4269,-0.8067822360597474,277.9296875
4270,-0.8985800914334253,277.9947916666667
4271,-0.8962329555839164,278.05989583333337
4272,-0.9653576299786992,278.125
4273,-0.8699850353721086,278.1901041666667
4274,-0.9220989716998178,278.25520833333337
4275,-0.9598225946755048,278.3203125
4276,-1.0348629221868015,278.3854166666667
4277,-0.9245065417253506,278.45052083333337
4278,-0.9243471242474038,278.515625
4279,-0.9554825807471833,278.5807291666667
4280,-0.9823299918231132,278.64583333333337
4281,-0.9398368678936085,278.7109375
4282,-1.0567277757264415,278.7760416666667
4283,-0.8869495545485067,278.84114583333337
4284,-0.876731089005685,278.90625
4285,-0.9753300112862421,278.9713541666667
4286,-0.9012762539111335,279.03645833333337
4287,-0.9919047301343931,279.1015625
4288,-0.9425999877646137,279.1666666666667
4289,-0.9418496884399865,279.23177083333337
4290,-0.9449588481721196,279.296875
4291,-0.9501901575016651,279.3619791666667
4292,-0.9869833851206065,279.42708333333337
4293,-1.017251943479735,279.4921875
4294,-1.0107197930379437,279.5572916666667
4295,-0.8820161358271945,279.62239583333337
4296,-0.9331907602386829,279.6875
4297,-0.8441837277126245,279.7526041666667
4298,-0.9386174190706355,279.81770833333337
4299,-0.9927287107507353,279.8828125
4300,-0.8110260469264016,279.9479166666667
4301,-0.9409250479416386,280.01302083333337
4302,-0.9145601136813122,280.078125
4303,-0.8525717514664011,280.1432291666667
4304,-0.9045005384974562,280.20833333333337
4305,-0.9373612419058691,280.2734375
4306,-0.8957622616793914,280.3385416666667
4307,-0.8890697559242208,280.40364583333337
4308,-0.8466058174605998,280.46875
4309,-0.8232583811739881,280.5338541666667
4310,-0.7908243300975029,280.59895833333337
4311,-0.7777953973157551,280.6640625
4312,-0.772955275294108,280.7291666666667
4313,-0.7872102101828448,280.79427083333337
4314,-0.7922816726146171,280.859375
4315,-0.7513749506054422,280.9244791666667
4316,-0.6681243692884269,280.98958333333337
4317,-0.7448621625344068,281.0546875
4318,-0.575247675502024,281.1197916666667
4319,-0.7312690965958789,281.18489583333337
4320,-0.6982928263952685,281.25
4321,-0.6531643562769563,281.3151041666667
4322,-0.5937542358620618,281.38020833333337
4323,-0.6817890802348457,281.4453125
4324,-0.6194469427597419,281.5104166666667
4325,-0.48282618647707554,281.57552083333337
4326,-0.5193590107791826,281.640625
4327,-0.49637389242480495,281.7057291666667
4328,-0.5179441356416776,281.77083333333337
4329,-0.4918628423189075,281.8359375
4330,-0.4847506355872214,281.9010416666667
4331,-0.4085162331395158,281.96614583333337
4332,-0.39792705301826387,282.03125
4333,-0.38573785456575727,282.0963541666667
4334,-0.3932947839651312,282.16145833333337
4335,-0.4055792895301914,282.2265625
4336,-0.3818689533065849,282.2916666666667
4337,-0.36110935477789435,282.35677083333337
4338,-0.37776436688250087,282.421875
4339,-0.3025389326099625,282.4869791666667
4340,-0.3524380362347014,282.55208333333337
4341,-0.20493812609712178,282.6171875
4342,-0.2232420369073547,282.6822916666667
4343,-0.2018714173686307,282.74739583333337
4344,-0.19207854418704948,282.8125
4345,-0.12989084460803854,282.8776041666667
4346,-0.10261383725786333,282.94270833333337
4347,0.0037516946498928243,283.0078125
4348,-0.1004439372837345,283.0729166666667
4349,0.004396730712878753,283.13802083333337
4350,0.03663080990690737,283.203125
4351,-0.0851915247483048,283.2682291666667
4352,0.03652641186771211,283.33333333333337
4353,0.035048931143536216,283.3984375
4354,0.00581313261668005,283.4635416666667
4355,0.06567934481043124,283.52864583333337
4356,0.06085720875806921,283.59375
4357,0.060910112620019274,283.6588541666667
4358,0.16261005370398207,283.72395833333337
4359,0.160154547922199,283.7890625
4360,0.0936800384327908,283.8541666666667
4361,0.1721063215230388,283.91927083333337
4362,0.259244989402307,283.984375
4363,0.20447393326070698,284.0494791666667
4364,0.28941494089759007,284.11458333333337
4365,0.2634586100851883,284.1796875
4366,0.36763615146691403,284.2447916666667
4367,0.3317267034789104,284.30989583333337
4368,0.37694680697990685,284.375
4369,0.3552580471573813,284.4401041666667
4370,0.3752145153895478,284.50520833333337
4371,0.5137689864487739,284.5703125
4372,0.46412656988112844,284.6354166666667
4373,0.44724530769705934,284.70052083333337
4374,0.5009907410024954,284.765625
4375,0.5095546136115778,284.8307291666667
4376,0.46291690096803456,284.89583333333337
4377,0.5257053736975551,284.9609375
4378,0.5239512025984946,285.0260416666667
4379,0.5134427118753532,285.09114583333337
4380,0.5804150325161685,285.15625
4381,0.5932616874859747,285.2213541666667
4382,0.6278375820122122,285.28645833333337
4383,0.5753016508268224,285.3515625
4384,0.6831202776571204,285.4166666666667
4385,0.6555171719858248,285.48177083333337
4386,0.6869689972025389,285.546875
4387,0.6965883558743944,285.6119791666667
4388,0.7229545195671607,285.67708333333337
4389,0.6412704065121387,285.7421875
4390,0.6712676402748746,285.8072916666667
4391,0.7653491117476967,285.87239583333337
4392,0.8216228238699174,285.9375
4393,0.7622466373160459,286.0026041666667
4394,0.8462614298091403,286.06770833333337
4395,0.7308961702173297,286.1328125
4396,0.8339756627811729,286.1979166666667
4397,0.7418856831089446,286.26302083333337
4398,0.8054636022262587,286.328125
4399,0.8393665760164352,286.3932291666667
4400,0.8342091021573723,286.45833333333337
4401,0.817392746436963,286.5234375
4402,0.767957924715373,286.5885416666667
4403,0.8344145936262419,286.65364583333337
4404,0.8790859405644748,286.71875
4405,0.8810984735191285,286.7838541666667
4406,0.8975216128689644,286.84895833333337
4407,0.8246521918174957,286.9140625
4408,0.8860426609018208,286.9791666666667
4409,0.8876876822090937,287.04427083333337
4410,0.8997741547720428,287.109375
4411,0.8764012664741153,287.1744791666667
4412,0.8804624240845208,287.23958333333337
4413,0.9093686307460132,287.3046875
4414,0.8729157061077552,287.3697916666667
4415,0.8817289396084181,287.43489583333337
4416,0.9409655764815305,287.5
4417,0.9104561468431025,287.5651041666667
4418,0.9437647698775941,287.63020833333337
4419,0.909124866727435,287.6953125
4420,0.9467116328622462,287.7604166666667
4421,0.8913025678094523,287.82552083333337
4422,0.9251521293283891,287.890625
4423,0.9162266324761387,287.9557291666667
4424,0.8847613292493348,288.02083333333337
4425,0.8945711774413725,288.0859375
4426,0.9179037870685164,288.1510416666667
4427,0.92488572041446,288.21614583333337
4428,0.9141573523042208,288.28125
4429,0.8473439387771067,288.3463541666667
4430,0.8399293318290217,288.41145833333337
4431,0.8026604517645879,288.4765625
4432,0.8335029500018055,288.5416666666667
4433,0.8587823645718669,288.60677083333337
4434,0.7002527892542852,288.671875
4435,0.7872229538777562,288.7369791666667
4436,0.78027581355158,288.80208333333337
4437,0.8614185436683772,288.8671875
4438,0.7200782477291889,288.9322916666667
4439,0.7988161923864463,288.99739583333337
4440,0.7293536432111664,289.0625
4441,0.7322628123685188,289.1276041666667
4442,0.6471209056774091,289.19270833333337
4443,0.7298953422470639,289.2578125
4444,0.7635324871882805,289.3229166666667
4445,0.6476325888866282,289.38802083333337
4446,0.5854165350820477,289.453125
4447,0.6807656435686991,289.5182291666667
4448,0.6211413746784805,289.58333333333337
4449,0.5876390325378387,289.6484375
4450,0.6372056543060737,289.7135416666667
4451,0.6170907598643307,289.77864583333337
4452,0.5116730342862161,289.84375
4453,0.5110702423586554,289.9088541666667
4454,0.5258046920765526,289.97395833333337
4455,0.5806150653289817,290.0390625
4456,0.4456591018308753,290.1041666666667
4457,0.4600202280820604,290.16927083333337
4458,0.45353585433314997,290.234375
4459,0.33879560377383544,290.2994791666667
4460,0.406979460716509,290.36458333333337
4461,0.332784067323487,290.4296875
4462,0.45070492333985174,290.4947916666667
4463,0.3172437149561569,290.55989583333337
4464,0.3253735903085763,290.625
4465,0.3707975094757777,290.6901041666667
4466,0.23072924494976524,290.75520833333337
4467,0.18490442015455683,290.8203125
4468,0.2479605366558232,290.8854166666667
4469,0.1809856148146442,290.95052083333337
4470,0.1990541854413903,291.015625
4471,0.17962250721793374,291.0807291666667
4472,0.25774231244828033,291.14583333333337
4473,0.07718881341813152,291.2109375
4474,0.12847709495522427,291.2760416666667
4475,0.08357265249874367,291.34114583333337
4476,0.028266482940700857,291.40625
4477,0.130295770908723,291.4713541666667
4478,0.01971203191269945,291.53645833333337
4479,-0.011099113497491443,291.6015625
4480,-0.012418699417929818,291.6666666666667
4481,-0.051685901024217294,291.73177083333337
4482,0.01907029882674207,291.796875
4483,-0.09217442317428966,291.8619791666667
4484,-0.10027764440845084,291.92708333333337
4485,-0.08403235582092197,291.9921875
4486,-0.19015544747441684,292.0572916666667
4487,-0.1285613657080459,292.12239583333337
4488,-0.18133882646451313,292.1875
4489,-0.2819318804762392,292.2526041666667
4490,-0.18407344735371764,292.31770833333337
4491,-0.1501341698234411,292.3828125
4492,-0.3148618456561056,292.4479166666667
4493,-0.25776640628950476,292.51302083333337
4494,-0.2885574322340712,292.578125
4495,-0.3441729400475779,292.6432291666667
4496,-0.279127773475655,292.70833333333337
4497,-0.38710446992959,292.7734375
4498,-0.4330993698193471,292.8385416666667
4499,-0.35537687113380795,292.90364583333337
4500,-0.34824787580902633,292.96875
4501,-0.3857963528345617,293.0338541666667
4502,-0.46176541985662917,293.09895833333337
4503,-0.4005154147962219,293.1640625
4504,-0.47552797986228024,293.2291666666667
4505,-0.5228191725376818,293.29427083333337
4506,-0.5694110227306377,293.359375
4507,-0.597593726478348,293.4244791666667
4508,-0.5050833623520313,293.48958333333337
4509,-0.527249932835931,293.5546875
4510,-0.6285269860695516,293.6197916666667
4511,-0.5369418545675398,293.68489583333337
4512,-0.5665993380024559,293.75
4513,-0.6437999062874066,293.8151041666667
4514,-0.6672835688865019,293.88020833333337
4515,-0.6275835241880737,293.9453125
4516,-0.6672742653870056,294.0104166666667
4517,-0.684757834369591,294.07552083333337
4518,-0.7297434687203781,294.140625
4519,-0.737259160395385,294.2057291666667
4520,-0.7425490774304574,294.27083333333337
4521,-0.696594665404966,294.3359375
4522,-0.7031481345333186,294.4010416666667
4523,-0.7465253542340073,294.46614583333337
4524,-0.8441887382753034,294.53125
4525,-0.7933625668667555,294.5963541666667
4526,-0.8178691859163226,294.66145833333337
4527,-0.7559060930439432,294.7265625
4528,-0.7922278224236733,294.7916666666667
4529,-0.8220663528343547,294.85677083333337
4530,-0.8768188206219206,294.921875
4531,-0.875707530045098,294.9869791666667
4532,-0.8694023700534029,295.05208333333337
4533,-0.8082055379389607,295.1171875
4534,-0.7154036078640434,295.1822916666667
4535,-0.8573303398186203,295.24739583333337
4536,-0.8256767867751987,295.3125
4537,-0.8011716363164013,295.3776041666667
4538,-0.8210768687080092,295.44270833333337
4539,-0.9104985465589447,295.5078125
4540,-0.9370495285255185,295.5729166666667
4541,-0.8571356648144325,295.63802083333337
4542,-0.8287734747813393,295.703125
4543,-0.8858981917049887,295.7682291666667
4544,-0.8817215254347491,295.83333333333337
4545,-0.8516811054051442,295.8984375
4546,-0.8870867426273342,295.9635416666667
4547,-0.8436591802245225,296.02864583333337
4548,-0.84616291006493,296.09375
4549,-0.8740991405003986,296.1588541666667
4550,-0.6918931900546446,296.22395833333337
4551,-0.8925287246346247,296.2890625
4552,-0.8371764899484458,296.3541666666667
4553,-0.8686201530431493,296.41927083333337
4554,-0.8809450466464096,296.484375
4555,-0.8774140719565655,296.5494791666667
4556,-0.7551093835578645,296.61458333333337
4557,-0.7537094337622331,296.6796875
4558,-0.8633522290535902,296.7447916666667
4559,-0.7951415365848253,296.80989583333337
4560,-0.7901877160850492,296.875
4561,-0.8550054839845931,296.9401041666667
4562,-0.8294712967510685,297.00520833333337
4563,-0.7837611148019498,297.0703125
4564,-0.7732771105249812,297.1354166666667
4565,-0.8124620882524156,297.20052083333337
4566,-0.7653894887801157,297.265625
4567,-0.7297430102385758,297.3307291666667
4568,-0.6878078856902885,297.39583333333337
4569,-0.7004656957959134,297.4609375
4570,-0.6547128734036068,297.5260416666667
4571,-0.683266414644722,297.59114583333337
4572,-0.5669878202694882,297.65625
4573,-0.6333190098830425,297.7213541666667
4574,-0.7051770224187633,297.78645833333337
4575,-0.6209119430650772,297.8515625
4576,-0.6364323753866045,297.9166666666667
4577,-0.6191887534408775,297.98177083333337
4578,-0.5752724392523173,298.046875
4579,-0.55682308849111,298.1119791666667
4580,-0.6168539548544613,298.17708333333337
4581,-0.48790958165995774,298.2421875
4582,-0.4897678898951319,298.3072916666667
4583,-0.5183702978380449,298.37239583333337
4584,-0.4911433107753764,298.4375
4585,-0.4802738324472124,298.5026041666667
4586,-0.39157732202359274,298.56770833333337
4587,-0.36764723969972085,298.6328125
4588,-0.4087076673554248,298.6979166666667
4589,-0.46020289620512445,298.76302083333337
4590,-0.4295938685673179,298.828125
4591,-0.38869921936467355,298.8932291666667
4592,-0.34293087748428275,298.95833333333337
4593,-0.30204004007863294,299.0234375
4594,-0.26854994825039014,299.0885416666667
4595,-0.2334759484647155,299.15364583333337
4596,-0.2325803657761476,299.21875
4597,-0.2386098483330137,299.2838541666667
4598,-0.2448580258440317,299.34895833333337
4599,-0.22685907989822537,299.4140625
4600,-0.1977370643969916,299.4791666666667
4601,-0.1116183612590255,299.54427083333337
4602,-0.13954930858805653,299.609375
4603,-0.14847286185349562,299.6744791666667
4604,-0.10001994360973691,299.73958333333337
4605,-0.06785697020302886,299.8046875
4606,0.0027700288103097853,299.8697916666667
4607,0.00968554892034288,299.93489583333337
4608,0.010552740311922567,300.0
4609,-0.024292568569354037,300.0651041666667
4610,0.0950051431092317,300.13020833333337
4611,0.06799466988370238,300.1953125
4612,0.1586832571650383,300.2604166666667
4613,0.09408313607475856,300.32552083333337
4614,0.15193039692694,300.390625
4615,0.07471464587764269,300.4557291666667
4616,0.1381426320262849,300.52083333333337
4617,0.22945033291819145,300.5859375
4618,0.28260030595498686,300.6510416666667
4619,0.2403066697738683,300.71614583333337
4620,0.21848483430795695,300.78125
4621,0.28485133375834354,300.8463541666667
4622,0.3226607662251983,300.91145833333337
4623,0.3259643226349254,300.9765625
4624,0.32316581915503684,301.0416666666667
4625,0.36017277796243924,301.10677083333337
4626,0.3089652548423185,301.171875
4627,0.44898437059856333,301.2369791666667
4628,0.34667526703495843,301.30208333333337
4629,0.4346077756815538,301.3671875
4630,0.4711442380128299,301.4322916666667
4631,0.5485717300454472,301.49739583333337
4632,0.5082923040414534,301.5625
4633,0.4360909357528233,301.6276041666667
4634,0.5519199130039613,301.69270833333337
4635,0.47461944649267823,301.7578125
4636,0.5041355661786653,301.8229166666667
4637,0.5512046238669264,301.88802083333337
4638,0.6272260046757058,301.953125
4639,0.6838239418138726,302.0182291666667
4640,0.6092886773491785,302.08333333333337
4641,0.6917211373403418,302.1484375
4642,0.5816153803273112,302.2135416666667
4643,0.7297553079089171,302.27864583333337
4644,0.6397925222189563,302.34375
4645,0.7416627410871192,302.4088541666667
4646,0.7208786242392785,302.47395833333337
4647,0.7396532716345335,302.5390625
4648,0.6866749869945717,302.6041666666667
4649,0.7097857140861726,302.66927083333337
4650,0.8190074868444225,302.734375
4651,0.7121573813819597,302.7994791666667
4652,0.7995170611449142,302.86458333333337
4653,0.7951923305535615,302.9296875
4654,0.781270912205978,302.9947916666667
4655,0.8167711814198045,303.05989583333337
4656,0.8496626467578556,303.125
4657,0.7831409474962829,303.1901041666667
4658,0.9494328423089345,303.25520833333337
4659,0.9051869962085304,303.3203125
4660,0.8747426284470244,303.3854166666667
4661,0.8490781577560225,303.45052083333337
4662,0.8249385925855971,303.515625
4663,0.9224779329421693,303.5807291666667
4664,0.879665291184909,303.64583333333337
4665,0.881495346905581,303.7109375
4666,0.872625827825591,303.7760416666667
4667,0.9152709694710556,303.84114583333337
4668,0.9066538520262748,303.90625
4669,0.9619867038542733,303.9713541666667
4670,0.8447954179195699,304.03645833333337
4671,0.9195281845141496,304.1015625
4672,0.9094802119967937,304.1666666666667
4673,0.9620665981341008,304.23177083333337
4674,0.867023557339,304.296875
4675,0.9388814387513823,304.3619791666667
4676,0.8546429178828775,304.42708333333337
4677,0.8912309597480541,304.4921875
4678,0.8711542522125083,304.5572916666667
4679,0.8199173960420161,304.62239583333337
4680,0.9005386367734917,304.6875
4681,0.87004974993902,304.7526041666667
4682,0.8485711549233177,304.81770833333337
4683,0.8408864521758551,304.8828125
4684,0.8681003010780347,304.9479166666667
4685,0.903556717994164,305.01302083333337
4686,0.7951807494441286,305.078125
4687,0.7867955477347983,305.1432291666667
4688,0.8270191125726678,305.20833333333337
4689,0.8043365258347019,305.2734375
4690,0.8467255963925859,305.3385416666667
4691,0.8561422806983284,305.40364583333337
4692,0.8231189381028434,305.46875
4693,0.7404508913982378,305.5338541666667
4694,0.7471967836600136,305.59895833333337
4695,0.7788088938461463,305.6640625
4696,0.6726027713952691,305.7291666666667
4697,0.7335692974971961,305.79427083333337
4698,0.8041324665472285,305.859375
4699,0.6913640113318429,305.9244791666667
4700,0.6591754656567917,305.98958333333337
4701,0.7440578636795875,306.0546875
4702,0.6687540216360203,306.1197916666667
4703,0.6335382084569194,306.18489583333337
4704,0.6019235697595923,306.25
4705,0.6249388620394567,306.3151041666667
4706,0.5491506007064003,306.38020833333337
4707,0.5505926194646985,306.4453125
4708,0.5516251837417557,306.5104166666667
4709,0.6091963329890954,306.57552083333337
4710,0.48799876129183256,306.640625
4711,0.5380215364704948,306.7057291666667
4712,0.4798050517629056,306.77083333333337
4713,0.5079897489478129,306.8359375
4714,0.5452400491953082,306.9010416666667
4715,0.46448047669208986,306.96614583333337
4716,0.4344691418166068,307.03125
4717,0.4060852762462259,307.0963541666667
4718,0.3422749276713663,307.16145833333337
4719,0.38193894274102863,307.2265625
4720,0.31406969386507116,307.2916666666667
4721,0.2748580176423386,307.35677083333337
4722,0.3412711427234027,307.421875
4723,0.28244349553970965,307.4869791666667
4724,0.2896704441796083,307.55208333333337
4725,0.2824164941189575,307.6171875
4726,0.21169965059806853,307.6822916666667
4727,0.27145668033100456,307.74739583333337
4728,0.17755315355110435,307.8125
4729,0.20337565093912285,307.8776041666667
4730,0.06236682187521667,307.94270833333337
4731,0.10204774025608275,308.0078125
4732,0.10215244634134128,308.0729166666667
4733,0.12538517968791113,308.13802083333337
4734,-0.0016241389884222397,308.203125
4735,-0.05750444636077007,308.2682291666667
4736,0.040466934308114745,308.33333333333337
4737,-0.042032396178031596,308.3984375
4738,-0.062379856204932256,308.4635416666667
4739,-0.08919058269253716,308.52864583333337
4740,-0.06609412079631011,308.59375
4741,-0.07115817673975453,308.6588541666667
4742,-0.2397811340521254,308.72395833333337
4743,-0.22832732217799812,308.7890625
4744,-0.17146956982982783,308.8541666666667
4745,-0.18182246541671082,308.91927083333337
4746,-0.29123808473893137,308.984375
4747,-0.276280173692008,309.0494791666667
4748,-0.2473031594830647,309.11458333333337
4749,-0.24088095646524582,309.1796875
4750,-0.303175554447663,309.2447916666667
4751,-0.3649793323689051,309.30989583333337
4752,-0.34198756871077857,309.375
4753,-0.38004852913182047,309.4401041666667
4754,-0.3897610375870176,309.50520833333337
4755,-0.44649103615655916,309.5703125
4756,-0.40696977253612776,309.6354166666667
4757,-0.4259426293357707,309.70052083333337
4758,-0.4201506384439281,309.765625
4759,-0.5152720134963178,309.8307291666667
4760,-0.5791969800324658,309.89583333333337
4761,-0.5321292451186093,309.9609375
4762,-0.5916211712844017,310.0260416666667
4763,-0.5519326898219499,310.09114583333337
4764,-0.5413605857300421,310.15625
4765,-0.6412360005514623,310.2213541666667
4766,-0.588475378420552,310.28645833333337
4767,-0.6733102436005615,310.3515625
4768,-0.6764988952556862,310.4166666666667
4769,-0.7392546323074435,310.48177083333337
4770,-0.7308163599759657,310.546875
4771,-0.6930976062747469,310.6119791666667
4772,-0.7260368254301496,310.67708333333337
4773,-0.7884487493253232,310.7421875
4774,-0.7520766539613124,310.8072916666667
4775,-0.7183164809606771,310.87239583333337
4776,-0.7321949764456085,310.9375
4777,-0.8111212277601378,311.0026041666667
4778,-0.9375122942127753,311.06770833333337
4779,-0.8787012458398159,311.1328125
4780,-0.8092168008985294,311.1979166666667
4781,-0.8030427692842905,311.26302083333337
4782,-0.8672753185506354,311.328125
4783,-0.887811840264009,311.3932291666667
4784,-0.9021827752451171,311.45833333333337
4785,-0.9189286975416762,311.5234375
4786,-0.9360436547995451,311.5885416666667
4787,-0.9059851873881637,311.65364583333337
4788,-0.8452680595094517,311.71875
4789,-0.9250539028378181,311.7838541666667
4790,-1.01186615944901,311.84895833333337
4791,-0.9013765177276425,311.9140625
4792,-0.951674882283541,311.9791666666667
4793,-1.0039873704615543,312.04427083333337
4794,-0.9690838301712302,312.109375
4795,-0.9374155656994958,312.1744791666667
4796,-0.9507571301128558,312.23958333333337
4797,-0.8988085929661298,312.3046875
4798,-1.0859302120063468,312.3697916666667
4799,-0.9342314987888293,312.43489583333337
4800,-0.9380133831175166,312.5
4801,-0.9846307806315929,312.5651041666667
4802,-0.8855601855223355,312.63020833333337
4803,-0.9474117705215543,312.6953125
4804,-0.9580352084141173,312.7604166666667
4805,-0.9003900566586771,312.82552083333337
4806,-0.9707267579678857,312.890625
4807,-0.9606785029388171,312.9557291666667
4808,-0.8948250492640897,313.02083333333337
4809,-0.9175743436547527,313.0859375
4810,-0.9504580551380386,313.1510416666667
4811,-0.9220599494945604,313.21614583333337
4812,-0.8711426547742771,313.28125
4813,-0.9076835174904095,313.3463541666667
4814,-0.9131073954536743,313.41145833333337
4815,-0.8429360284498645,313.4765625
4816,-0.8488995052179934,313.5416666666667
4817,-0.9678448142239692,313.60677083333337
4818,-0.8307864743025487,313.671875
4819,-0.9212602191063449,313.7369791666667
4820,-0.9067381217278075,313.80208333333337
4821,-0.8318288554913675,313.8671875
4822,-0.8741485824919757,313.9322916666667
4823,-0.90130050626737,313.99739583333337
4824,-0.7653360915647405,314.0625
4825,-0.7566637402603824,314.1276041666667
4826,-0.7585485402454271,314.19270833333337
4827,-0.8322608079463137,314.2578125
4828,-0.7206822742002635,314.3229166666667
4829,-0.7386667844983532,314.38802083333337
4830,-0.7253427534623161,314.453125
4831,-0.7753229178279255,314.5182291666667
4832,-0.7252828277599445,314.58333333333337
4833,-0.6872396693128185,314.6484375
4834,-0.6470493505257283,314.7135416666667
4835,-0.6301241980500564,314.77864583333337
4836,-0.6316783624429154,314.84375
4837,-0.6241837160615716,314.9088541666667
4838,-0.6432111593047124,314.97395833333337
4839,-0.6011224186145849,315.0390625
4840,-0.5834119566862921,315.1041666666667
4841,-0.5405348189950528,315.16927083333337
4842,-0.5005874464148558,315.234375
4843,-0.5233581006193285,315.2994791666667
4844,-0.425392103279765,315.36458333333337
4845,-0.45361488452441023,315.4296875
4846,-0.38220924887466706,315.4947916666667
4847,-0.3302725354187115,315.55989583333337
4848,-0.3699880174352917,315.625
4849,-0.3180003992404346,315.6901041666667
4850,-0.36130281173425777,315.75520833333337
4851,-0.36787777631223834,315.8203125
4852,-0.26541207610294726,315.8854166666667
4853,-0.3021881211767756,315.95052083333337
4854,-0.18273925753345027,316.015625
4855,-0.22751793262128855,316.0807291666667
4856,-0.1986321057304923,316.14583333333337
4857,-0.2070722373523603,316.2109375
4858,-0.1903054359867206,316.2760416666667
4859,-0.11390961968098186,316.34114583333337
4860,-0.04597687866056743,316.40625
4861,-0.14053485121547096,316.4713541666667
4862,-0.11253634365428428,316.53645833333337
4863,-0.019259503276447074,316.6015625
4864,-0.0011602349706567885,316.6666666666667
4865,0.03125781775849765,316.73177083333337
4866,0.0243400287568954,316.796875
4867,0.07598109795159427,316.8619791666667
4868,0.10177354037012307,316.92708333333337
4869,0.20595920041061727,316.9921875
4870,0.17433649357174433,317.0572916666667
4871,0.06912873267508587,317.12239583333337
4872,0.15164301139128408,317.1875
4873,0.16481378081090323,317.2526041666667
4874,0.2681429101209492,317.31770833333337
4875,0.3729179732918711,317.3828125
4876,0.26817225835678427,317.4479166666667
4877,0.2838559972220556,317.51302083333337
4878,0.37382015298982957,317.578125
4879,0.3261521727985355,317.6432291666667
4880,0.3168028196085582,317.70833333333337
4881,0.5712240037710483,317.7734375
4882,0.3513600758531599,317.8385416666667
4883,0.4784810291223252,317.90364583333337
4884,0.48444168150370776,317.96875
4885,0.474385634849261,318.0338541666667
4886,0.4882180116750314,318.09895833333337
4887,0.5668365598696825,318.1640625
4888,0.6237692692386967,318.2291666666667
4889,0.6093287488823597,318.29427083333337
4890,0.6692944070588243,318.359375
4891,0.5926836834938964,318.4244791666667
4892,0.6538541900773265,318.48958333333337
4893,0.5855176674132507,318.5546875
4894,0.6411664482575616,318.6197916666667
4895,0.7084572779748796,318.68489583333337
4896,0.6751335291032152,318.75
4897,0.7694617188556474,318.8151041666667
4898,0.7095763403548735,318.88020833333337
4899,0.8102816634049068,318.9453125
4900,0.7962045388638865,319.0104166666667
4901,0.8133358817950109,319.07552083333337
4902,0.8325841619104447,319.140625
4903,0.9416581625538865,319.2057291666667
4904,0.9317927590124804,319.27083333333337
4905,0.8460525946286992,319.3359375
4906,0.8791891820718032,319.4010416666667
4907,0.8567256471007836,319.46614583333337
4908,0.8570182715784677,319.53125
4909,0.9565947124167141,319.5963541666667
4910,0.8890651493209182,319.66145833333337
4911,0.9723159986896655,319.7265625
4912,0.9519425921291007,319.7916666666667
4913,0.9685228453212494,319.85677083333337
4914,0.8658635778361202,319.921875
4915,0.9211512362561642,319.9869791666667
4916,1.019342584666985,320.05208333333337
4917,1.0050703805925463,320.1171875
4918,1.0503291303324118,320.1822916666667
4919,1.0357085697198583,320.24739583333337
4920,1.0698466082453377,320.3125
4921,1.0744793287779415,320.3776041666667
4922,1.1256700007018474,320.44270833333337
4923,1.0303949872908604,320.5078125
4924,1.0863713843850373,320.5729166666667
4925,1.0313271229194103,320.63802083333337
4926,1.067354630307549,320.703125
4927,1.0342921367505158,320.7682291666667
4928,1.146906887358673,320.83333333333337
4929,1.0787926545622795,320.8984375
4930,1.047688476199791,320.9635416666667
4931,1.0284172947973902,321.02864583333337
4932,0.9849412280761458,321.09375
4933,0.992308121764264,321.1588541666667
4934,0.9570744917301143,321.22395833333337
4935,1.052577486937358,321.2890625
4936,0.9728791917514339,321.3541666666667
4937,1.0029510459174116,321.41927083333337
4938,1.0671270493870453,321.484375
4939,1.0575705474892303,321.5494791666667
4940,1.0224622696363412,321.61458333333337
4941,0.9663606529930894,321.6796875
4942,0.991165219924917,321.7447916666667
4943,1.0432991262241058,321.80989583333337
4944,0.9928703523275265,321.875
4945,0.9626606173069827,321.9401041666667
4946,0.9667872999852769,322.00520833333337
4947,1.0485446508585214,322.0703125
4948,1.0048581678255861,322.1354166666667
4949,0.9047197102458477,322.20052083333337
4950,0.9856515701194118,322.265625
4951,0.9263254904275126,322.3307291666667
4952,0.8919205391854838,322.39583333333337
4953,0.7823420809516994,322.4609375
4954,0.9109349326945319,322.5260416666667
4955,0.891642223747464,322.59114583333337
4956,0.8192838171529663,322.65625
4957,0.8178466309494759,322.7213541666667
4958,0.83440107466459,322.78645833333337
4959,0.7706835054635313,322.8515625
4960,0.758045225285322,322.9166666666667
4961,0.7245278584795216,322.98177083333337
4962,0.7694733570164486,323.046875
4963,0.7379226271950343,323.1119791666667
4964,0.5779413999034914,323.17708333333337
4965,0.6470783394082521,323.2421875
4966,0.6428927227679284,323.3072916666667
4967,0.6166117691804663,323.37239583333337
4968,0.7207848600026885,323.4375
4969,0.6302419108039762,323.5026041666667
4970,0.6264635643993227,323.56770833333337
4971,0.62156306287684,323.6328125
4972,0.48014603911943526,323.6979166666667
4973,0.48523469820058085,323.76302083333337
4974,0.4913431277796744,323.828125
4975,0.4628257139983544,323.8932291666667
4976,0.4374656009819201,323.95833333333337
4977,0.3964169853639515,324.0234375
4978,0.35516590026216993,324.0885416666667
4979,0.2745485922788449,324.15364583333337
4980,0.46295016189068594,324.21875
4981,0.16997754331346027,324.2838541666667
4982,0.26583613156187724,324.34895833333337
4983,0.19272400966144929,324.4140625
4984,0.20732874291170605,324.4791666666667
4985,0.10277933718415518,324.54427083333337
4986,0.2762160084962081,324.609375
4987,0.15662237916438296,324.6744791666667
4988,0.1512799150418115,324.73958333333337
4989,0.00462895375373414,324.8046875
4990,0.1671444941450632,324.8697916666667
4991,-0.01813634636916336,324.93489583333337
4992,-0.021218224288937354,325.0
4993,-0.11651655467438234,325.0651041666667
4994,0.00736046264890512,325.13020833333337
4995,-0.1518528530530731,325.1953125
4996,-0.07484667283949416,325.2604166666667
4997,-0.2473410521685103,325.32552083333337
4998,-0.12651314852094991,325.390625
4999,-0.09669077472968741,325.4557291666667
5000,-0.271704018129974,325.52083333333337
5001,-0.21975997546510817,325.5859375
5002,-0.2201789742401145,325.6510416666667
5003,-0.20805202556313862,325.71614583333337
5004,-0.2756821915332047,325.78125
5005,-0.24281837780657103,325.8463541666667
5006,-0.4016894983220077,325.91145833333337
5007,-0.34462155779273035,325.9765625
5008,-0.40140166303762476,326.0416666666667
5009,-0.5113115713267937,326.10677083333337
5010,-0.47202001393145554,326.171875
5011,-0.5916183588305365,326.2369791666667
5012,-0.4962681775131114,326.30208333333337
5013,-0.6052333465498825,326.3671875
5014,-0.5192550181613618,326.4322916666667
5015,-0.5932843120716076,326.49739583333337
5016,-0.6663905985057419,326.5625
5017,-0.6550234282080064,326.6276041666667
5018,-0.637826939915281,326.69270833333337
5019,-0.7803591217744102,326.7578125
5020,-0.790287669000145,326.8229166666667
5021,-0.7436203453532492,326.88802083333337
5022,-0.6600675778393412,326.953125
5023,-0.7703288971207589,327.0182291666667
5024,-0.7714218563477616,327.08333333333337
5025,-0.8203382912398653,327.1484375
5026,-0.8632677784941387,327.2135416666667
5027,-0.8081095211764927,327.27864583333337
5028,-0.8581864792966997,327.34375
5029,-0.8262425417400263,327.4088541666667
5030,-0.9339569544756271,327.47395833333337
5031,-0.863461702349237,327.5390625
5032,-0.911162245124797,327.6041666666667
5033,-1.0709642435210673,327.66927083333337
5034,-0.9470877491340985,327.734375
5035,-0.9529316541270513,327.7994791666667
5036,-0.9852407128492523,327.86458333333337
5037,-0.9667434788661504,327.9296875
5038,-1.0439986702270065,327.9947916666667
5039,-0.8961722556853194,328.05989583333337
5040,-0.9010322464076512,328.125
5041,-1.0049554530004727,328.1901041666667
5042,-1.056656863302762,328.25520833333337
5043,-1.17348004103619,328.3203125
5044,-1.0370141079778405,328.3854166666667
5045,-0.9865494771514491,328.45052083333337
5046,-1.1043793566112787,328.515625
5047,-1.125373311938705,328.5807291666667
5048,-0.9929840448315185,328.64583333333337
5049,-1.1193564080956024,328.7109375
5050,-1.074226103987065,328.7760416666667
5051,-1.1337994561606783,328.84114583333337
5052,-1.134192954464336,328.90625
5053,-1.0228638816395947,328.9713541666667
5054,-1.159322723427,329.03645833333337
5055,-1.1035160626281404,329.1015625
5056,-1.1356612258035876,329.1666666666667
5057,-1.1499576934109428,329.23177083333337
5058,-1.109207586317373,329.296875
5059,-1.1558234349205034,329.3619791666667
5060,-1.1965211296514964,329.42708333333337
5061,-1.0568202107419815,329.4921875
5062,-1.2252063160530875,329.5572916666667
5063,-0.986685197231154,329.62239583333337
5064,-1.1545795819975946,329.6875
5065,-1.0664220045293304,329.7526041666667
5066,-1.0614336217055487,329.81770833333337
5067,-1.1750359123760377,329.8828125
5068,-1.0350602595487206,329.9479166666667
5069,-1.0275139734196002,330.01302083333337
5070,-1.0612306339974442,330.078125
5071,-0.9710394229496623,330.1432291666667
5072,-1.0628634516399553,330.20833333333337
5073,-1.045261212016909,330.2734375
5074,-1.0447671423782017,330.3385416666667
5075,-0.9264080573562409,330.40364583333337
5076,-0.9862000628654867,330.46875
5077,-1.0363387048600528,330.5338541666667
5078,-0.8970120961077896,330.59895833333337
5079,-0.9964660936370745,330.6640625
5080,-0.9831476234598133,330.7291666666667
5081,-0.8812194497112013,330.79427083333337
5082,-0.9571873433976511,330.859375
5083,-0.8953752193602988,330.9244791666667
5084,-0.8838188697798075,330.98958333333337
5085,-0.8125660676027392,331.0546875
5086,-0.8723704782685417,331.1197916666667
5087,-0.7504496901536425,331.18489583333337
5088,-0.8234814617595595,331.25
5089,-0.800507564916256,331.3151041666667
5090,-0.787074015093641,331.38020833333337
5091,-0.7208462400403572,331.4453125
5092,-0.7108496980229289,331.5104166666667
5093,-0.6925191444501674,331.57552083333337
5094,-0.739913585440867,331.640625
5095,-0.7560133891773658,331.7057291666667
5096,-0.7081412351979792,331.77083333333337
5097,-0.6214980654430228,331.8359375
5098,-0.5911562207714935,331.9010416666667
5099,-0.5421470355553574,331.96614583333337
5100,-0.5449651996044609,332.03125
5101,-0.6129294912521097,332.0963541666667
5102,-0.5799877049893885,332.16145833333337
5103,-0.4935239311185669,332.2265625
5104,-0.4446959655540076,332.2916666666667
5105,-0.4708010912652923,332.35677083333337
5106,-0.35447725322434287,332.421875
5107,-0.44363487258588014,332.4869791666667
5108,-0.2478246901618222,332.55208333333337
5109,-0.2919425878904924,332.6171875
5110,-0.2798084548441518,332.6822916666667
5111,-0.31448846449948725,332.74739583333337
5112,-0.229451553789811,332.8125
5113,-0.15786858993584607,332.8776041666667
5114,-0.20517400053446772,332.94270833333337
5115,-0.20450155520225077,333.0078125
5116,-0.1308852712702267,333.0729166666667
5117,-0.1720078985578538,333.13802083333337
5118,-0.119119510560047,333.203125
5119,0.006610710486880568,333.2682291666667
5120,-0.024623868090028315,333.33333333333337
5121,0.11368178723976803,333.3984375
5122,0.06439278022921037,333.4635416666667
5123,-0.09215684871819814,333.52864583333337
5124,0.11654928744842112,333.59375
5125,0.11220504650693829,333.6588541666667
5126,0.19425104117250547,333.72395833333337
5127,0.18832515735887442,333.7890625
5128,0.18931469173861767,333.8541666666667
5129,0.25764243666617365,333.91927083333337
5130,0.3389724507207121,333.984375
5131,0.2621833031418879,334.0494791666667
5132,0.2838509675669785,334.11458333333337
5133,0.3669717961197244,334.1796875
5134,0.3018935472627117,334.2447916666667
5135,0.388933674719482,334.30989583333337
5136,0.5093441898229633,334.375
5137,0.5020864819336126,334.4401041666667
5138,0.5443358669138402,334.50520833333337
5139,0.5286993569268932,334.5703125
5140,0.49293561916513895,334.6354166666667
5141,0.487832396495059,334.70052083333337
5142,0.6509579565288316,334.765625
5143,0.5627927862995246,334.8307291666667
5144,0.705136943577953,334.89583333333337
5145,0.5754990256772023,334.9609375
5146,0.8005866779525781,335.0260416666667
5147,0.8279152998687146,335.09114583333337
5148,0.63010097929179,335.15625
5149,0.6844728152461428,335.2213541666667
5150,0.7870937046725321,335.28645833333337
5151,0.7949181816475115,335.3515625
5152,0.790089747626859,335.4166666666667
5153,0.8988811833270208,335.48177083333337
5154,0.8588105092198601,335.546875
5155,0.6892420556493137,335.6119791666667
5156,0.9262351696902715,335.67708333333337
5157,0.9551688875401965,335.7421875
5158,0.9502104899985676,335.8072916666667
5159,0.9617313338266044,335.87239583333337
5160,1.0287576344667735,335.9375
5161,1.0175689794224043,336.0026041666667
5162,0.980398793511938,336.06770833333337
5163,0.9213376251745303,336.1328125
5164,1.0443102890321432,336.1979166666667
5165,1.0287995084572126,336.26302083333337
5166,0.9296784318194449,336.328125
5167,0.9621128518247885,336.3932291666667
5168,0.9920886680624046,336.45833333333337
5169,1.1196529122276324,336.5234375
5170,1.0982554092101346,336.5885416666667
5171,1.1026314613602017,336.65364583333337
5172,1.132333045312568,336.71875
5173,1.106192030129602,336.7838541666667
5174,1.0586221543768262,336.84895833333337
5175,1.2092378547718663,336.9140625
5176,1.0403663231779998,336.9791666666667
5177,1.134371738114101,337.04427083333337
5178,1.154856515606114,337.109375
5179,1.1756267043657962,337.1744791666667
5180,1.1771786273371334,337.23958333333337
5181,1.0998733509705094,337.3046875
5182,1.1540181069184254,337.3697916666667
5183,1.173668868326613,337.43489583333337
5184,1.1875239400375697,337.5
5185,1.0798055593084626,337.5651041666667
5186,1.2446421561205148,337.63020833333337
5187,1.1489225899843705,337.6953125
5188,1.1734806810520098,337.7604166666667
5189,1.068371823014355,337.82552083333337
5190,1.1295641661448452,337.890625
5191,1.151645585146518,337.9557291666667
5192,1.1378466568022632,338.02083333333337
5193,1.0838898753287494,338.0859375
5194,1.010203567006426,338.1510416666667
5195,1.135461164925165,338.21614583333337
5196,1.056351905240271,338.28125
5197,1.1289226898908007,338.3463541666667
5198,1.0392939633795824,338.41145833333337
5199,1.1384726737649582,338.4765625
5200,1.0818835629905041,338.5416666666667
5201,1.0398331727035555,338.60677083333337
5202,0.9791783643324893,338.671875
5203,1.0189786145116524,338.7369791666667
5204,1.0689146624828174,338.80208333333337
5205,0.9847225994043561,338.8671875
5206,0.9246473291838774,338.9322916666667
5207,0.985233741464165,338.99739583333337
5208,0.9208831588507959,339.0625
5209,0.9421348017521177,339.1276041666667
5210,0.9764667583061774,339.19270833333337
5211,0.8747643852438837,339.2578125
5212,0.8898436432971356,339.3229166666667
5213,0.874117860123922,339.38802083333337
5214,0.8245658842696781,339.453125
5215,0.8268457882303988,339.5182291666667
5216,0.7803176430421077,339.58333333333337
5217,0.834475225782298,339.6484375
5218,0.7379930742709374,339.7135416666667
5219,0.7814864075311997,339.77864583333337
5220,0.7583593183791977,339.84375
5221,0.645371108420522,339.9088541666667
5222,0.6668977455593655,339.97395833333337
5223,0.633043774341016,340.0390625
5224,0.6798093751295807,340.1041666666667
5225,0.6441398677277009,340.16927083333337
5226,0.6341290218740946,340.234375
5227,0.5551656919341045,340.2994791666667
5228,0.5317244857480746,340.36458333333337
5229,0.5574781945755777,340.4296875
5230,0.46464521870328895,340.4947916666667
5231,0.41137717791585826,340.55989583333337
5232,0.5621392040136316,340.625
5233,0.36850853325496263,340.6901041666667
5234,0.2977736549547492,340.75520833333337
5235,0.3464836657798315,340.8203125
5236,0.3286413084447067,340.8854166666667
5237,0.38209364580436544,340.95052083333337
5238,0.3265252095230608,341.015625
5239,0.3069475371077862,341.0807291666667
5240,0.2930591654740735,341.14583333333337
5241,0.21639047670840383,341.2109375
5242,0.05002844694433857,341.2760416666667
5243,0.09938901813354473,341.34114583333337
5244,0.047926397265028675,341.40625
5245,0.19207462985445287,341.4713541666667
5246,0.0072282769376264796,341.53645833333337
5247,-0.06563265811358204,341.6015625
5248,-0.025218565193782464,341.6666666666667
5249,-0.04236442949267205,341.73177083333337
5250,-0.02274712004951942,341.796875
5251,-0.12740237934387608,341.8619791666667
5252,-0.07055347261560604,341.92708333333337
5253,-0.01426898837941084,341.9921875
5254,-0.255879462809158,342.0572916666667
5255,-0.1509025846838051,342.12239583333337
5256,-0.3027876601863258,342.1875
5257,-0.36790178759278247,342.2526041666667
5258,-0.2585971375213543,342.31770833333337
5259,-0.32055807983815765,342.3828125
5260,-0.3099087848573595,342.4479166666667
5261,-0.3846618184610674,342.51302083333337
5262,-0.37284290182392943,342.578125
5263,-0.3993454783757175,342.6432291666667
5264,-0.4625631704867386,342.70833333333337
5265,-0.3931581225970453,342.7734375
5266,-0.5472377587492423,342.8385416666667
5267,-0.5312345972923657,342.90364583333337
5268,-0.5069286068543818,342.96875
5269,-0.5792054989612538,343.0338541666667
5270,-0.6321959768252907,343.09895833333337
5271,-0.6914422237400928,343.1640625
5272,-0.6939919131718693,343.2291666666667
5273,-0.7200809148600994,343.29427083333337
5274,-0.6320289946545321,343.359375
5275,-0.5340018821647964,343.4244791666667
5276,-0.6966835530172707,343.48958333333337
5277,-0.714430096129306,343.5546875
5278,-0.5875505634938761,343.6197916666667
5279,-0.8604574938502109,343.68489583333337
5280,-0.7376222897003372,343.75
5281,-0.7711542765286925,343.8151041666667
5282,-0.8271150081740352,343.88020833333337
5283,-0.7673876099883827,343.9453125
5284,-0.9140609945252552,344.0104166666667
5285,-0.856943961425325,344.07552083333337
5286,-0.9123077251505372,344.140625
5287,-0.8621647569124418,344.2057291666667
5288,-0.9359629523013294,344.27083333333337
5289,-0.8674228762254711,344.3359375
5290,-0.9046923975723052,344.4010416666667
5291,-0.9898174865237935,344.46614583333337
5292,-0.9417257937368467,344.53125
5293,-1.0025167924344447,344.5963541666667
5294,-1.01612771996148,344.66145833333337
5295,-0.903968231244214,344.7265625
5296,-0.9890092501508896,344.7916666666667
5297,-0.9864458100746284,344.85677083333337
5298,-1.0516871503655034,344.921875
5299,-1.0235236814562618,344.9869791666667
5300,-1.0030327141404252,345.05208333333337
5301,-1.1264834269319643,345.1171875
5302,-0.9616127362015308,345.1822916666667
5303,-1.0239011121390102,345.24739583333337
5304,-1.111388193435614,345.3125
5305,-1.0886381359285318,345.3776041666667
5306,-1.1572322250516514,345.44270833333337
5307,-1.133067220483149,345.5078125
5308,-1.1657474102167167,345.5729166666667
5309,-1.1234277506330608,345.63802083333337
5310,-1.0936549668880482,345.703125
5311,-1.1413635117258143,345.7682291666667
5312,-1.032003957795199,345.83333333333337
5313,-1.1617649463791724,345.8984375
5314,-1.208871652653498,345.9635416666667
5315,-1.1126112374419455,346.02864583333337
5316,-0.9631529843439486,346.09375
5317,-1.1334468107172098,346.1588541666667
5318,-1.1785751845273993,346.22395833333337
5319,-1.067218568192496,346.2890625
5320,-1.0387598087251675,346.3541666666667
5321,-1.058962300827868,346.41927083333337
5322,-1.1009002228868625,346.484375
5323,-1.0793866489882633,346.5494791666667
5324,-1.165030623708063,346.61458333333337
5325,-1.1169218587213645,346.6796875
5326,-1.0879353838435593,346.7447916666667
5327,-1.029235652907779,346.80989583333337
5328,-1.0112262862863148,346.875
5329,-1.0128390116034418,346.9401041666667
5330,-1.03857381012511,347.00520833333337
5331,-0.9693044878159954,347.0703125
5332,-0.9934052132512717,347.1354166666667
5333,-0.9058252629821048,347.20052083333337
5334,-0.9020293428854076,347.265625
5335,-0.8296899269890696,347.3307291666667
5336,-0.924127108053694,347.39583333333337
5337,-0.8932857250121768,347.4609375
5338,-0.9716314045241448,347.5260416666667
5339,-0.798870106531793,347.59114583333337
5340,-0.9005096901402706,347.65625
5341,-0.8872823911941282,347.7213541666667
5342,-0.8988218498816283,347.78645833333337
5343,-0.7922074572849758,347.8515625
5344,-0.750273525557081,347.9166666666667
5345,-0.696758808019797,347.98177083333337
5346,-0.8051368634362784,348.046875
5347,-0.7620312270598285,348.1119791666667
5348,-0.7017197779597089,348.17708333333337
5349,-0.5904160833202056,348.2421875
5350,-0.6931366878811698,348.3072916666667
5351,-0.5270069715421336,348.37239583333337
5352,-0.6313043780521139,348.4375
5353,-0.5379220696311313,348.5026041666667
5354,-0.47597119831736767,348.56770833333337
5355,-0.48998783145377817,348.6328125
5356,-0.5764639468700818,348.6979166666667
5357,-0.47920275477569085,348.76302083333337
5358,-0.4641651319403967,348.828125
5359,-0.400852623136936,348.8932291666667
5360,-0.3602781799856764,348.95833333333337
5361,-0.331938125294344,349.0234375
5362,-0.353467164876688,349.0885416666667
5363,-0.3976246461974854,349.15364583333337
5364,-0.263629741821436,349.21875
5365,-0.34658004288913075,349.2838541666667
5366,-0.2318625124960792,349.34895833333337
5367,-0.2273238855175768,349.4140625
5368,-0.11751494284411923,349.4791666666667
5369,-0.08046883029943712,349.54427083333337
5370,-0.14447272410352416,349.609375
5371,-0.15494016141648898,349.6744791666667
5372,-0.05044971484925291,349.73958333333337
5373,-0.06890704453975148,349.8046875
5374,-0.1976095102944398,349.8697916666667
5375,0.004544583211544139,349.93489583333337
5376,-0.06120003303663693,350.0
5377,0.02067852818147635,350.0651041666667
5378,0.04007136132838572,350.13020833333337
5379,0.07412698802937702,350.1953125
5380,0.04168853199082193,350.2604166666667
5381,0.20767077268915698,350.32552083333337
5382,0.244054017556019,350.390625
5383,0.1466942253503029,350.4557291666667
5384,0.26065005359599613,350.52083333333337
5385,0.12879143941612622,350.5859375
5386,0.2405200364793835,350.6510416666667
5387,0.23174619369964486,350.71614583333337
5388,0.26897572533901337,350.78125
5389,0.3788685417754149,350.8463541666667
5390,0.39136800430440016,350.91145833333337
5391,0.4241246077293021,350.9765625
5392,0.3440632128451137,351.0416666666667
5393,0.44014058653660254,351.10677083333337
5394,0.4987405024124755,351.171875
5395,0.5134013639780883,351.2369791666667
5396,0.47766017550060724,351.30208333333337
5397,0.4807030716998616,351.3671875
5398,0.4782944365581197,351.4322916666667
5399,0.545962639471102,351.49739583333337
5400,0.5551964364599944,351.5625
5401,0.586943037431483,351.6276041666667
5402,0.64179064141027,351.69270833333337
5403,0.6696799622662155,351.7578125
5404,0.6554349868758674,351.8229166666667
5405,0.5811272950194412,351.88802083333337
5406,0.6656551554751894,351.953125
5407,0.76952359211846,352.0182291666667
5408,0.7390727160006398,352.08333333333337
5409,0.7243736444335219,352.1484375
5410,0.7728871123019124,352.2135416666667
5411,0.7211935239989643,352.27864583333337
5412,0.7835060948318114,352.34375
5413,0.8552441202816821,352.4088541666667
5414,0.8067688333969462,352.47395833333337
5415,0.8886029468434357,352.5390625
5416,0.8845209650236983,352.6041666666667
5417,0.8658701995307531,352.66927083333337
5418,0.9233289437256169,352.734375
5419,0.9026439001704903,352.7994791666667
5420,0.9863118090506956,352.86458333333337
5421,0.906128665750782,352.9296875
5422,0.9308386232746164,352.9947916666667
5423,0.9254424794905557,353.05989583333337
5424,0.882014946433263,353.125
5425,0.9499201422851002,353.1901041666667
5426,0.8889406758640017,353.25520833333337
5427,0.8988776361137413,353.3203125
5428,0.999432132736046,353.3854166666667
5429,1.074641613142877,353.45052083333337
5430,0.9495522051274807,353.515625
5431,0.9880459572789676,353.5807291666667
5432,1.0837568489394334,353.64583333333337
5433,1.0486901783867282,353.7109375
5434,0.9376488666463705,353.7760416666667
5435,0.9636288605621085,353.84114583333337
5436,1.0392559762276654,353.90625
5437,0.9832431902737808,353.9713541666667
5438,1.0480771047589321,354.03645833333337
5439,0.9343015584443078,354.1015625
5440,0.902819328454233,354.1666666666667
5441,0.9907591589770457,354.23177083333337
5442,1.0150018705749437,354.296875
5443,1.0685005573137474,354.3619791666667
5444,1.010692535721125,354.42708333333337
5445,0.9933295293061412,354.4921875
5446,1.036925585343321,354.5572916666667
5447,0.9145736662982057,354.62239583333337
5448,0.975033853965725,354.6875
5449,0.9015835870104691,354.7526041666667
5450,0.918597518391341,354.81770833333337
5451,1.0533222308433807,354.8828125
5452,1.0134360975241132,354.9479166666667
5453,0.8443107494391184,355.01302083333337
5454,0.999275077733492,355.078125
5455,0.943834856990097,355.1432291666667
5456,0.83372373124224,355.20833333333337
5457,0.903814664060815,355.2734375
5458,0.8986996276893604,355.3385416666667
5459,0.9320481088550627,355.40364583333337
5460,0.8069794139359658,355.46875
5461,0.9800884897186823,355.5338541666667
5462,0.834447175040254,355.59895833333337
5463,0.8361203247187374,355.6640625
5464,0.8192432191493637,355.7291666666667
5465,0.849724572717107,355.79427083333337
5466,0.8382014952120225,355.859375
5467,0.7928179408314288,355.9244791666667
5468,0.691144555854474,355.98958333333337
5469,0.768862480638328,356.0546875
5470,0.7162505157235783,356.1197916666667
5471,0.6752075403170091,356.18489583333337
5472,0.6147504063118592,356.25
5473,0.7447941915946247,356.3151041666667
5474,0.6508739510875275,356.38020833333337
5475,0.6940998353208677,356.4453125
5476,0.747276819063411,356.5104166666667
5477,0.6484061014730881,356.57552083333337
5478,0.6084428851775958,356.640625
5479,0.4929119646261311,356.7057291666667
5480,0.44358371368082833,356.77083333333337
5481,0.5825697893838255,356.8359375
5482,0.4401773923754384,356.9010416666667
5483,0.45822848938208144,356.96614583333337
5484,0.4994907065978075,357.03125
5485,0.5887108203988477,357.0963541666667
5486,0.440991277318144,357.16145833333337
5487,0.4863351342593847,357.2265625
5488,0.3927013632346476,357.2916666666667
5489,0.34188896630949817,357.35677083333337
5490,0.3427853590740782,357.421875
5491,0.2390635766493498,357.4869791666667
5492,0.29411383194970636,357.55208333333337
5493,0.279270434275052,357.6171875
5494,0.251863601871615,357.6822916666667
5495,0.2503882608198252,357.74739583333337
5496,0.24534523295814878,357.8125
5497,0.13662721918366091,357.8776041666667
5498,0.13003353704192494,357.94270833333337
5499,0.11913853286384095,358.0078125
5500,0.04956768195058476,358.0729166666667
5501,0.13562729947528998,358.13802083333337
5502,0.037771452704372495,358.203125
5503,-0.05646208528855567,358.2682291666667
5504,0.04710440544418583,358.33333333333337
5505,0.0036896182227510376,358.3984375
5506,-0.07988752354921516,358.4635416666667
5507,-0.03959435990535887,358.52864583333337
5508,-0.12292703705243796,358.59375
5509,-0.036081268775148376,358.6588541666667
5510,-0.095935296115063,358.72395833333337
5511,-0.11775045983077628,358.7890625
5512,-0.16724973463663026,358.8541666666667
5513,-0.24850363990441376,358.91927083333337
5514,-0.18503171084577688,358.984375
5515,-0.36635006542000237,359.0494791666667
5516,-0.2809452913929284,359.11458333333337
5517,-0.35440088737853487,359.1796875
5518,-0.2809933220898439,359.2447916666667
5519,-0.2758265120248098,359.30989583333337
5520,-0.3973183211921791,359.375
5521,-0.35466448490082025,359.4401041666667
5522,-0.39752533501445086,359.50520833333337
5523,-0.5228066005099522,359.5703125
5524,-0.42950154521398914,359.6354166666667
5525,-0.3692518575292923,359.70052083333337
5526,-0.4320147018560166,359.765625
5527,-0.6032219228418267,359.8307291666667
5528,-0.478996272163042,359.89583333333337
5529,-0.5115419836719051,359.9609375
5530,-0.5388117607907148,360.0260416666667
5531,-0.627322464089914,360.09114583333337
5532,-0.5898153825052143,360.15625
5533,-0.6762833534822787,360.2213541666667
5534,-0.571823161568216,360.28645833333337
5535,-0.6959487799120835,360.3515625
5536,-0.6151057004497522,360.4166666666667
5537,-0.7378567148995885,360.48177083333337
5538,-0.7279388020166679,360.546875
5539,-0.6401270814166674,360.6119791666667
5540,-0.7563236466695984,360.67708333333337
5541,-0.7414017545095967,360.7421875
5542,-0.7245066918281642,360.8072916666667
5543,-0.7298690258702094,360.87239583333337
5544,-0.708211486324779,360.9375
5545,-0.8167656778428656,361.0026041666667
5546,-0.8371164153431465,361.06770833333337
5547,-0.8563359647461523,361.1328125
5548,-0.8425830525117434,361.1979166666667
5549,-0.8443620005552587,361.26302083333337
5550,-0.7735877494486461,361.328125
5551,-0.8598910799557761,361.3932291666667
5552,-0.8551632226814081,361.45833333333337
5553,-0.7859322322985589,361.5234375
5554,-0.9428969070673933,361.5885416666667
5555,-0.8583105308228909,361.65364583333337
5556,-0.8902958904240931,361.71875
5557,-0.8664003587753861,361.7838541666667
5558,-0.9051758077933718,361.84895833333337
5559,-0.9680956366924863,361.9140625
5560,-0.8675068706808969,361.9791666666667
5561,-0.901031938123531,362.04427083333337
5562,-0.9079624063871379,362.109375
5563,-0.9103108893338057,362.1744791666667
5564,-0.8957485893234518,362.23958333333337
5565,-1.0256663989263024,362.3046875
5566,-0.9044868137481156,362.3697916666667
5567,-0.9333068010879939,362.43489583333337
5568,-0.9009861387187671,362.5
5569,-0.9898374176239859,362.5651041666667
5570,-0.9379217387578662,362.63020833333337
5571,-0.9448556517550205,362.6953125
5572,-0.896921736955995,362.7604166666667
5573,-0.9449967192531143,362.82552083333337
5574,-0.9051151698602949,362.890625
5575,-0.9632051519528758,362.9557291666667
5576,-0.8721119881138515,363.02083333333337
5577,-0.974630539755312,363.0859375
5578,-0.8857201687030067,363.1510416666667
5579,-0.9237896635799389,363.21614583333337
5580,-0.877373847866098,363.28125
5581,-0.8170358878753909,363.3463541666667
5582,-0.7991415058283127,363.41145833333337
5583,-0.8014252379927322,363.4765625
5584,-0.8475606966027799,363.5416666666667
5585,-0.9038797774501888,363.60677083333337
5586,-0.8703729528004852,363.671875
5587,-0.7727322485152602,363.7369791666667
5588,-0.7998636432189113,363.80208333333337
5589,-0.8390210076737428,363.8671875
5590,-0.6735279537578983,363.9322916666667
5591,-0.771748910676844,363.99739583333337
5592,-0.7075239708206237,364.0625
5593,-0.7809917235275778,364.1276041666667
5594,-0.6758969675650455,364.19270833333337
5595,-0.7790135801531679,364.2578125
5596,-0.777112213644527,364.3229166666667
5597,-0.7438402518601263,364.38802083333337
5598,-0.6799997199522005,364.453125
5599,-0.661188849077633,364.5182291666667
5600,-0.6639662800563159,364.58333333333337
5601,-0.59628825635225,364.6484375
5602,-0.6226380782637037,364.7135416666667
5603,-0.6279427723793153,364.77864583333337
5604,-0.5272087504392442,364.84375
5605,-0.5791461120907411,364.9088541666667
5606,-0.5330933556004182,364.97395833333337
5607,-0.5983622335633304,365.0390625
5608,-0.44285636161671815,365.1041666666667
5609,-0.4988487384877086,365.16927083333337
5610,-0.44701444570847915,365.234375
5611,-0.4121651360454046,365.2994791666667
5612,-0.4776550486650077,365.36458333333337
5613,-0.4785152829414304,365.4296875
5614,-0.3354093991053916,365.4947916666667
5615,-0.41219564059985747,365.55989583333337
5616,-0.3318373551644079,365.625
5617,-0.3787270209104574,365.6901041666667
5618,-0.35746178146206176,365.75520833333337
5619,-0.27001828561045743,365.8203125
5620,-0.3224061209850311,365.8854166666667
5621,-0.3408491860029456,365.95052083333337
5622,-0.2324370803095656,366.015625
5623,-0.18794140430170583,366.0807291666667
5624,-0.11645148409607713,366.14583333333337
5625,-0.15230129367893064,366.2109375
5626,-0.11926985882937098,366.2760416666667
5627,-0.04793176830702058,366.34114583333337
5628,-0.08787349709447613,366.40625
5629,-0.08315588375934761,366.4713541666667
5630,-0.03268805874911156,366.53645833333337
5631,0.08644566913247041,366.6015625
5632,0.07176456413113709,366.6666666666667
5633,0.007451685914398557,366.73177083333337
5634,0.0009387808531966626,366.796875
5635,0.059885548388029106,366.8619791666667
5636,0.07847748528436845,366.92708333333337
5637,0.0700707355758422,366.9921875
5638,0.1703912928936602,367.0572916666667
5639,0.2059891222617831,367.12239583333337
5640,0.22504278727613403,367.1875
5641,0.08451559946614398,367.2526041666667
5642,0.2585441885196729,367.31770833333337
5643,0.3132287831269714,367.3828125
5644,0.27871345521244223,367.4479166666667
5645,0.22593372628307348,367.51302083333337
5646,0.34230075516460196,367.578125
5647,0.24051066233786764,367.6432291666667
5648,0.4243691095498154,367.70833333333337
5649,0.389176878499538,367.7734375
5650,0.35224806522442115,367.8385416666667
5651,0.4180974843762529,367.90364583333337
5652,0.44918377133676507,367.96875
5653,0.3334815712252109,368.0338541666667
5654,0.5124575032679685,368.09895833333337
5655,0.3823842406205256,368.1640625
5656,0.4610211534411515,368.2291666666667
5657,0.5174343706065941,368.29427083333337
5658,0.504899163093926,368.359375
5659,0.54529454557419,368.4244791666667
5660,0.5481758486783659,368.48958333333337
5661,0.5690220484355971,368.5546875
5662,0.6167851001458061,368.6197916666667
5663,0.5727442380617367,368.68489583333337
5664,0.5976763163716863,368.75
5665,0.6095627319605336,368.8151041666667
5666,0.647269952346906,368.88020833333337
5667,0.6733306163099158,368.9453125
5668,0.6640693760950338,369.0104166666667
5669,0.6438542326160696,369.07552083333337
5670,0.6756296339725145,369.140625
5671,0.659893427705336,369.2057291666667
5672,0.8141559361712146,369.27083333333337
5673,0.7087518993182499,369.3359375
5674,0.7710104697365068,369.4010416666667
5675,0.7954142151897639,369.46614583333337
5676,0.8151721940774785,369.53125
5677,0.7433071040156952,369.5963541666667
5678,0.823991685833968,369.66145833333337
5679,0.7714119616182179,369.7265625
5680,0.8677397838467994,369.7916666666667
5681,0.8276759901344376,369.85677083333337
5682,0.8322012753470392,369.921875
5683,0.7559823324589943,369.9869791666667
5684,0.9013146345557919,370.05208333333337
5685,0.8232084393903375,370.1171875
5686,0.9009468086653247,370.1822916666667
5687,0.7297096131626802,370.24739583333337
5688,0.8199149887612832,370.3125
5689,0.8713016475134031,370.3776041666667
5690,0.8660550425446668,370.44270833333337
5691,0.8617494975719956,370.5078125
5692,0.8125075654495447,370.5729166666667
5693,0.8754669449562917,370.63802083333337
5694,0.9480252247907985,370.703125
5695,0.8392177929511266,370.7682291666667
5696,0.8835341293890654,370.83333333333337
5697,0.9046650723993931,370.8984375
5698,0.8770545692477942,370.9635416666667
5699,0.834081960591546,371.02864583333337
5700,0.8776160727405367,371.09375
5701,0.84594080616215,371.1588541666667
5702,0.9076742569481664,371.22395833333337
5703,0.8214390770080761,371.2890625
5704,0.7891002482915687,371.3541666666667
5705,0.7988750702630569,371.41927083333337
5706,0.8770380174115479,371.484375
5707,0.8899363059192662,371.5494791666667
5708,0.8418445011663149,371.61458333333337
5709,0.8042756036016233,371.6796875
5710,0.8364367927983773,371.7447916666667
5711,0.7600136699971698,371.80989583333337
5712,0.8398452897875904,371.875
5713,0.8319591650458162,371.9401041666667
5714,0.7610118366248014,372.00520833333337
5715,0.7850987544815591,372.0703125
5716,0.8387231768879622,372.1354166666667
5717,0.7553446032882618,372.20052083333337
5718,0.7739030738480777,372.265625
5719,0.7206552185518107,372.3307291666667
5720,0.6871101970910012,372.39583333333337
5721,0.7011181891949565,372.4609375
5722,0.6456485849029782,372.5260416666667
5723,0.7193799739624831,372.59114583333337
5724,0.676730937432384,372.65625
5725,0.6459378323548929,372.7213541666667
5726,0.5772423194906553,372.78645833333337
5727,0.5910567329713071,372.8515625
5728,0.6785627307548217,372.9166666666667
5729,0.645736277893661,372.98177083333337
5730,0.6004720083912225,373.046875
5731,0.5778223099447357,373.1119791666667
5732,0.5168616347851769,373.17708333333337
5733,0.6274804687470092,373.2421875
5734,0.4950351946382243,373.3072916666667
5735,0.49830057526927474,373.37239583333337
5736,0.49877789100360787,373.4375
5737,0.5518443193418586,373.5026041666667
5738,0.46406539813957637,373.56770833333337
5739,0.4294788180237373,373.6328125
5740,0.3601436094814855,373.6979166666667
5741,0.3805991389912902,373.76302083333337
5742,0.4674123140499729,373.828125
5743,0.34356540881501674,373.8932291666667
5744,0.3606170959409517,373.95833333333337
5745,0.31200920074441474,374.0234375
5746,0.3312385867054436,374.0885416666667
5747,0.2832247182401922,374.15364583333337
5748,0.2141129280573443,374.21875
5749,0.22210493665832656,374.2838541666667
5750,0.20597945463160847,374.34895833333337
5751,0.1796292627883707,374.4140625
5752,0.22288632993751245,374.4791666666667
5753,0.16991920199563904,374.54427083333337
5754,0.07867421593679323,374.609375
5755,0.12840185514578425,374.6744791666667
5756,0.046223253699291075,374.73958333333337
5757,0.16766694885691072,374.8046875
5758,0.0865168704388302,374.8697916666667
5759,0.12699862678147336,374.93489583333337
5760,0.057992120169425725,375.0
5761,0.0016488896150700625,375.0651041666667
5762,-0.01533822849313883,375.13020833333337
5763,-0.009738551089206647,375.1953125
5764,-0.04196648750651236,375.2604166666667
5765,-0.14364642523252708,375.32552083333337
5766,-0.11643994744012066,375.390625
5767,-0.19217486833416889,375.4557291666667
5768,-0.09887375005326254,375.52083333333337
5769,-0.27483110876723377,375.5859375
5770,-0.2546694654065375,375.6510416666667
5771,-0.18161975815807638,375.71614583333337
5772,-0.25415403628237043,375.78125
5773,-0.295318776764937,375.8463541666667
5774,-0.33224443911205265,375.91145833333337
5775,-0.34129342920064726,375.9765625
5776,-0.33415865046605503,376.0416666666667
5777,-0.3329988079041842,376.10677083333337
5778,-0.39873579448939195,376.171875
5779,-0.3705338853006339,376.2369791666667
5780,-0.44125015394946787,376.30208333333337
5781,-0.44493813166408025,376.3671875
5782,-0.5501878582498015,376.4322916666667
5783,-0.42900256471092124,376.49739583333337
5784,-0.4450763762130572,376.5625
5785,-0.4267065809890722,376.6276041666667
5786,-0.4783744521265649,376.69270833333337
5787,-0.5165458604747158,376.7578125
5788,-0.534781616602994,376.8229166666667
5789,-0.6109074030844474,376.88802083333337
5790,-0.49749535457933924,376.953125
5791,-0.644884814654746,377.0182291666667
5792,-0.5770309934775453,377.08333333333337
5793,-0.5577745255366947,377.1484375
5794,-0.5648196709220492,377.2135416666667
5795,-0.6010451930887819,377.27864583333337
5796,-0.613441860912604,377.34375
5797,-0.6742374778523063,377.4088541666667
5798,-0.6298517561048852,377.47395833333337
5799,-0.7028799546007664,377.5390625
5800,-0.6722605008233005,377.6041666666667
5801,-0.8151370279905749,377.66927083333337
5802,-0.7903908894659006,377.734375
5803,-0.726845127865754,377.7994791666667
5804,-0.7163015409656257,377.86458333333337
5805,-0.8025545490595813,377.9296875
5806,-0.7766338483738646,377.9947916666667
5807,-0.8163874938117605,378.05989583333337
5808,-0.8134112003574192,378.125
5809,-0.7474172915851134,378.1901041666667
5810,-0.817696446964455,378.25520833333337
5811,-0.902071789058726,378.3203125
5812,-0.834306751549902,378.3854166666667
5813,-0.8319296070306248,378.45052083333337
5814,-0.8288142764993726,378.515625
5815,-0.8475693913448545,378.5807291666667
5816,-0.8527489821755029,378.64583333333337
5817,-0.886616723384589,378.7109375
5818,-0.8970480597457331,378.7760416666667
5819,-0.8505945897516528,378.84114583333337
5820,-0.846776148698192,378.90625
5821,-0.8895233815518064,378.9713541666667
5822,-0.8850312344048985,379.03645833333337
5823,-0.8980042481633645,379.1015625
5824,-0.8808931965435794,379.1666666666667
5825,-0.7608290730995394,379.23177083333337
5826,-0.8281724828575092,379.296875
5827,-0.8764369566403445,379.3619791666667
5828,-0.8139213783077609,379.42708333333337
5829,-0.8858568751413596,379.4921875
5830,-0.9678168295045579,379.5572916666667
5831,-0.8151807113625342,379.62239583333337
5832,-0.7965319567359231,379.6875
5833,-0.7905102326765893,379.7526041666667
5834,-0.8286430107218427,379.81770833333337
5835,-0.9173508145614823,379.8828125
5836,-0.8660233524689896,379.9479166666667
5837,-0.8069563565252601,380.01302083333337
5838,-0.7519323619794078,380.078125
5839,-0.7973424028118884,380.1432291666667
5840,-0.7911529895436356,380.20833333333337
5841,-0.8536341989117632,380.2734375
5842,-0.8513133801139854,380.3385416666667
5843,-0.8476066313865113,380.40364583333337
5844,-0.703585029657946,380.46875
5845,-0.8210389164277322,380.5338541666667
5846,-0.7656893400697037,380.59895833333337
5847,-0.8044890330169483,380.6640625
5848,-0.726507942165087,380.7291666666667
5849,-0.6322927911119615,380.79427083333337
5850,-0.795907368830593,380.859375
5851,-0.7019626981869249,380.9244791666667
5852,-0.7450248933632054,380.98958333333337
5853,-0.6315740755914496,381.0546875
5854,-0.581609684007011,381.1197916666667
5855,-0.6375608525454554,381.18489583333337
5856,-0.5323971323510521,381.25
5857,-0.5673972977958682,381.3151041666667
5858,-0.588044458343555,381.38020833333337
5859,-0.5415033769676986,381.4453125
5860,-0.43973242680120334,381.5104166666667
5861,-0.5888013042233458,381.57552083333337
5862,-0.4419321909649073,381.640625
5863,-0.44954882225454645,381.7057291666667
5864,-0.45559584984568147,381.77083333333337
5865,-0.502283370592487,381.8359375
5866,-0.4949561903288568,381.9010416666667
5867,-0.4159522485527775,381.96614583333337
5868,-0.43397618402448845,382.03125
5869,-0.4060569595323054,382.0963541666667
5870,-0.3406790111738187,382.16145833333337
5871,-0.40654113298144023,382.2265625
5872,-0.33794009294941574,382.2916666666667
5873,-0.2647288098651281,382.35677083333337
5874,-0.24285159217367416,382.421875
5875,-0.20898940454085937,382.4869791666667
5876,-0.260772254192383,382.55208333333337
5877,-0.23089744973541415,382.6171875
5878,-0.20145392221167402,382.6822916666667
5879,-0.24366335589815094,382.74739583333337
5880,-0.1257537625072577,382.8125
5881,-0.140107582179398,382.8776041666667
5882,-0.15750231951048801,382.94270833333337
5883,-0.15295825907314278,383.0078125
5884,-0.11283287350988369,383.0729166666667
5885,-0.026332966832802455,383.13802083333337
5886,-0.09466373742609421,383.203125
5887,-0.07315483536496438,383.2682291666667
5888,-0.003148647425117372,383.33333333333337
5889,0.08589613855496052,383.3984375
5890,0.06456902933461621,383.4635416666667
5891,0.07910947461549178,383.52864583333337
5892,0.05882681655866836,383.59375
5893,0.09140612376630565,383.6588541666667
5894,0.13506480317892652,383.72395833333337
5895,0.16529527582924203,383.7890625
5896,0.10897086477445637,383.8541666666667
5897,0.2121977490126678,383.91927083333337
5898,0.268171772226472,383.984375
5899,0.19277615607616902,384.0494791666667
5900,0.2238801043096921,384.11458333333337
5901,0.2990352106472214,384.1796875
5902,0.1698801594657759,384.2447916666667
5903,0.31309368489826084,384.30989583333337
5904,0.29189520127464086,384.375
5905,0.37506512935106207,384.4401041666667
5906,0.38925341013673054,384.50520833333337
5907,0.42642487210426655,384.5703125
5908,0.419515862083955,384.6354166666667
5909,0.45093422795926524,384.70052083333337
5910,0.44333264166937025,384.765625
5911,0.525695750650201,384.8307291666667
5912,0.5170255596424485,384.89583333333337
5913,0.4758270673434776,384.9609375
5914,0.4517535205543452,385.0260416666667
5915,0.5303076726147383,385.09114583333337
5916,0.6543879302584275,385.15625
5917,0.6805753514440617,385.2213541666667
5918,0.6533927637613894,385.28645833333337
5919,0.6235006273714626,385.3515625
5920,0.5855848657762307,385.4166666666667
5921,0.6167264152328154,385.48177083333337
5922,0.6740623059806309,385.546875
5923,0.7214363844242182,385.6119791666667
5924,0.626289038041393,385.67708333333337
5925,0.7242900756616358,385.7421875
5926,0.7686656844095415,385.8072916666667
5927,0.7880957892155074,385.87239583333337
5928,0.7814439611868984,385.9375
5929,0.7735528286633425,386.0026041666667
5930,0.8537385647610715,386.06770833333337
5931,0.816485169461271,386.1328125
5932,0.8127601678227938,386.1979166666667
5933,0.7969696593090418,386.26302083333337
5934,0.8078690148380078,386.328125
5935,0.8713432971054204,386.3932291666667
5936,0.8777855903607277,386.45833333333337
5937,0.850545698859488,386.5234375
5938,0.9476402990802336,386.5885416666667
5939,0.8962842439467378,386.65364583333337
5940,0.8850624374657723,386.71875
5941,0.8197791805471254,386.7838541666667
5942,0.87692655072179,386.84895833333337
5943,0.8275367327625114,386.9140625
5944,0.9639500350999619,386.9791666666667
5945,0.9486620903611612,387.04427083333337
5946,0.9150197612777217,387.109375
5947,0.8759032169047645,387.1744791666667
5948,0.9203489533144202,387.23958333333337
5949,0.9658019224425557,387.3046875
5950,0.8857731883305826,387.3697916666667
5951,0.95331608015602,387.43489583333337
5952,0.9554444579696626,387.5
5953,0.9145068099697762,387.5651041666667
5954,0.8031155623415364,387.63020833333337
5955,0.9625271813652113,387.6953125
5956,0.9870613601695606,387.7604166666667
5957,0.8079950040910954,387.82552083333337
5958,0.8714793075478429,387.890625
5959,0.9371501397500605,387.9557291666667
5960,0.9090339901177656,388.02083333333337
5961,0.9473624881440895,388.0859375
5962,0.9448662502191467,388.1510416666667
5963,0.9218264769470639,388.21614583333337
5964,0.8465900680096854,388.28125
5965,0.8259446040670195,388.3463541666667
5966,0.8482864890203864,388.41145833333337
5967,0.8231602089010265,388.4765625
5968,0.9181522033616524,388.5416666666667
5969,0.9044979644835477,388.60677083333337
5970,0.8473447352601947,388.671875
5971,0.9117056528151131,388.7369791666667
5972,0.7443604095770141,388.80208333333337
5973,0.88235061276979,388.8671875
5974,0.8188229510300401,388.9322916666667
5975,0.7729051140318529,388.99739583333337
5976,0.7267376132777246,389.0625
5977,0.7756202805161544,389.1276041666667
5978,0.7234576201713704,389.19270833333337
5979,0.6583800560977177,389.2578125
5980,0.7386693423083228,389.3229166666667
5981,0.6884587814154188,389.38802083333337
5982,0.6459324786858294,389.453125
5983,0.7060653784300877,389.5182291666667
5984,0.6533683651259854,389.58333333333337
5985,0.6822492705983493,389.6484375
5986,0.6693403734905189,389.7135416666667
5987,0.6594132231400385,389.77864583333337
5988,0.6200960070642674,389.84375
5989,0.5132191845650184,389.9088541666667
5990,0.511073458045865,389.97395833333337
5991,0.49555640634329623,390.0390625
5992,0.5024931966147674,390.1041666666667
5993,0.5818308235743144,390.16927083333337
5994,0.5239468134839202,390.234375
5995,0.48731751831361475,390.2994791666667
5996,0.48594681394309974,390.36458333333337
5997,0.4355617769439155,390.4296875
5998,0.3703688663522007,390.4947916666667
5999,0.37036358669446207,390.55989583333337
6000,0.35812623744839384,390.625
6001,0.35615380230083976,390.6901041666667
6002,0.27693165998503855,390.75520833333337
6003,0.24244477558671484,390.8203125
6004,0.28325158657209354,390.8854166666667
6005,0.24532633980273896,390.95052083333337
6006,0.29164107883048346,391.015625
6007,0.1516998941498215,391.0807291666667
6008,0.21657060721223992,391.14583333333337
6009,0.15270202220551804,391.2109375
6010,0.16023050540285774,391.2760416666667
6011,0.09274754506318847,391.34114583333337
6012,0.11209632753058027,391.40625
6013,0.013306370640277272,391.4713541666667
6014,0.02432147747595413,391.53645833333337
6015,0.047701786214706735,391.6015625
6016,-0.0898555373683104,391.6666666666667
6017,-0.03556265529479684,391.73177083333337
6018,-0.011675482221085751,391.796875
6019,-0.009401570066985523,391.8619791666667
6020,-0.08679812088387097,391.92708333333337
6021,-0.08945742808204464,391.9921875
6022,-0.15431545823608042,392.0572916666667
6023,-0.20107930880722327,392.12239583333337
6024,-0.11134373972125587,392.1875
6025,-0.19505078106577223,392.2526041666667
6026,-0.20459565696792137,392.31770833333337
6027,-0.25148945248609494,392.3828125
6028,-0.2591790104490253,392.4479166666667
6029,-0.34653944438070056,392.51302083333337
6030,-0.33621053386438876,392.578125
6031,-0.3220902837113391,392.6432291666667
6032,-0.2788232046165632,392.70833333333337
6033,-0.406264605087793,392.7734375
6034,-0.36254345713727354,392.8385416666667
6035,-0.4780801645723635,392.90364583333337
6036,-0.48479466820526385,392.96875
6037,-0.41651076689576016,393.0338541666667
6038,-0.4280257261358103,393.09895833333337
6039,-0.5199378694454745,393.1640625
6040,-0.6232744213371711,393.2291666666667
6041,-0.5921781698159233,393.29427083333337
6042,-0.6081449663680715,393.359375
6043,-0.5497263889222164,393.4244791666667
6044,-0.5888700300436119,393.48958333333337
6045,-0.6339077916065642,393.5546875
6046,-0.5865078038591319,393.6197916666667
6047,-0.6714589086704794,393.68489583333337
6048,-0.7240100166631955,393.75
6049,-0.734020844919685,393.8151041666667
6050,-0.6896999212876118,393.88020833333337
6051,-0.6770826029755556,393.9453125
6052,-0.8544185699059142,394.0104166666667
6053,-0.8315103985137282,394.07552083333337
6054,-0.7413410621117912,394.140625
6055,-0.8304869005627781,394.2057291666667
6056,-0.8862985352692447,394.27083333333337
6057,-0.8715695866386435,394.3359375
6058,-0.8898550043167476,394.4010416666667
6059,-0.88155810784388,394.46614583333337
6060,-0.9320259479820457,394.53125
6061,-0.905570290193246,394.5963541666667
6062,-0.9522793436743224,394.66145833333337
6063,-0.9614572380410159,394.7265625
6064,-0.8927112230744514,394.7916666666667
6065,-0.9151269525600139,394.85677083333337
6066,-1.0155317110468391,394.921875
6067,-0.9408169491790346,394.9869791666667
6068,-0.9962685862292231,395.05208333333337
6069,-0.8439692847293947,395.1171875
6070,-0.9517032548418203,395.1822916666667
6071,-0.8835047584258015,395.24739583333337
6072,-0.9768981821012176,395.3125
6073,-1.009844323422583,395.3776041666667
6074,-1.0007205634551706,395.44270833333337
6075,-1.0041050206746969,395.5078125
6076,-0.9785940274504425,395.5729166666667
6077,-1.058340725080806,395.63802083333337
6078,-1.0156938708744017,395.703125
6079,-1.0041302249306208,395.7682291666667
6080,-1.044845871419893,395.83333333333337
6081,-1.1094537611170505,395.8984375
6082,-1.0578462910130613,395.9635416666667
6083,-1.0181796563560788,396.02864583333337
6084,-1.0507583954661035,396.09375
6085,-0.9773681144583481,396.1588541666667
6086,-0.8686634553091706,396.22395833333337
6087,-1.0862129238067504,396.2890625
6088,-0.9814932205651006,396.3541666666667
6089,-0.9685223226985339,396.41927083333337
6090,-1.0312156947370033,396.484375
6091,-0.9905371431030604,396.5494791666667
6092,-0.9636082111059019,396.61458333333337
6093,-0.9386819086487266,396.6796875
6094,-0.9808036950950757,396.7447916666667
6095,-0.9336019345816424,396.80989583333337
6096,-0.9101372402648371,396.875
6097,-0.9378929513852546,396.9401041666667
6098,-0.8818080057736309,397.00520833333337
6099,-0.917394999931763,397.0703125
6100,-0.9560188630273243,397.1354166666667
6101,-0.8983141437811112,397.20052083333337
6102,-0.916680912835418,397.265625
6103,-0.9164504969232509,397.3307291666667
6104,-0.8972118590558787,397.39583333333337
6105,-0.7973894793179003,397.4609375
6106,-0.8591922255547096,397.5260416666667
6107,-0.8061935520521141,397.59114583333337
6108,-0.7738523609305002,397.65625
6109,-0.8143134144720534,397.7213541666667
6110,-0.868002863949359,397.78645833333337
6111,-0.7112218894434706,397.8515625
6112,-0.7234835508883843,397.9166666666667
6113,-0.8046333288129429,397.98177083333337
6114,-0.7171497312373352,398.046875
6115,-0.6815739473354459,398.1119791666667
6116,-0.6251879374484214,398.17708333333337
6117,-0.6227284170544227,398.2421875
6118,-0.549374451253373,398.3072916666667
6119,-0.7066715798060333,398.37239583333337
6120,-0.5066375844708635,398.4375
6121,-0.4738817416318811,398.5026041666667
6122,-0.5189237074399027,398.56770833333337
6123,-0.5697525885298796,398.6328125
6124,-0.5617452232855766,398.6979166666667
6125,-0.4445041462475939,398.76302083333337
6126,-0.3452482549381511,398.828125
6127,-0.4070779819737841,398.8932291666667
6128,-0.4171766115262061,398.95833333333337
6129,-0.34241972512691776,399.0234375
6130,-0.2797551889375499,399.0885416666667
6131,-0.3434799825341978,399.15364583333337
6132,-0.2751984455041148,399.21875
6133,-0.2852098012449762,399.2838541666667
6134,-0.36190140654901376,399.34895833333337
6135,-0.19777176478449374,399.4140625
6136,-0.22413630041514274,399.4791666666667
6137,-0.2399485780827283,399.54427083333337
6138,-0.18644807202177446,399.609375
6139,-0.1504880847475862,399.6744791666667
6140,-0.1066512547170976,399.73958333333337
6141,0.004757251999631291,399.8046875
6142,-0.043786309701677906,399.8697916666667
6143,-0.06095267005931434,399.93489583333337
6144,-0.006395191698860314,400.0
6145,0.054337483165740906,400.0651041666667
6146,0.005947363101876862,400.13020833333337
6147,0.19603847223433254,400.19531250000006
6148,0.14768949869828912,400.2604166666667
6149,0.1301019630135836,400.32552083333337
6150,0.01938408634098534,400.39062500000006
6151,0.17518877913874087,400.4557291666667
6152,0.16636850912245355,400.52083333333337
6153,0.2957858358459612,400.58593750000006
6154,0.22290616754870457,400.6510416666667
6155,0.2473157718942387,400.71614583333337
6156,0.3056496139075037,400.78125000000006
6157,0.30083149477934246,400.8463541666667
6158,0.33024096690975335,400.91145833333337
6159,0.307946587806332,400.97656250000006
6160,0.3738753768080266,401.0416666666667
6161,0.42084884391331057,401.10677083333337
6162,0.4231900310167962,401.17187500000006
6163,0.5031909755012912,401.2369791666667
6164,0.5532107102708365,401.30208333333337
6165,0.6713623544763943,401.36718750000006
6166,0.6139077761770371,401.4322916666667
6167,0.4396806783771805,401.49739583333337
6168,0.6412518215922576,401.56250000000006
6169,0.6097280830039165,401.6276041666667
6170,0.6969751295085302,401.69270833333337
6171,0.6410780210088797,401.75781250000006
6172,0.7120704060608569,401.8229166666667
6173,0.7676998999696216,401.88802083333337
6174,0.6769438240282051,401.95312500000006
6175,0.760655612774047,402.0182291666667
6176,0.8159991148810518,402.08333333333337
6177,0.7723452833545079,402.14843750000006
6178,0.8654184257102508,402.2135416666667
6179,0.7458100494375197,402.27864583333337
6180,0.7605146141784765,402.34375000000006
6181,0.791405139832896,402.4088541666667
6182,0.8768508658153612,402.47395833333337
6183,0.9103012161446471,402.53906250000006
6184,0.9208951077224422,402.6041666666667
6185,0.9424053048003205,402.66927083333337
6186,0.9022243168992231,402.73437500000006
6187,0.869190740187466,402.7994791666667
6188,0.9566994301581108,402.86458333333337
6189,0.9607090374611005,402.92968750000006
6190,1.0709823223670158,402.9947916666667
6191,1.0635858824716236,403.05989583333337
6192,1.004372192353897,403.12500000000006
6193,0.9798681725459041,403.1901041666667
6194,1.018176342156648,403.25520833333337
6195,1.083189022254898,403.32031250000006
6196,1.1242597682501752,403.3854166666667
6197,1.1098971714092183,403.45052083333337
6198,0.9990934477918895,403.51562500000006
6199,1.1196118019296095,403.5807291666667
6200,1.170059901594388,403.64583333333337
6201,1.192746482708237,403.71093750000006
6202,1.105236461900558,403.7760416666667
6203,1.0850779081728026,403.84114583333337
6204,1.0378412567287925,403.90625000000006
6205,1.1645146815462712,403.9713541666667
6206,1.0239190570090215,404.03645833333337
6207,1.0896880053133566,404.10156250000006
6208,1.1247331764770445,404.1666666666667
6209,1.0825464643117046,404.23177083333337
6210,1.168978630298012,404.29687500000006
6211,1.167061328234846,404.3619791666667
6212,1.142416532187679,404.42708333333337
6213,1.0248647340974093,404.49218750000006
6214,1.0914906822593897,404.5572916666667
6215,1.1094208260179974,404.62239583333337
6216,1.1479125285836018,404.68750000000006
6217,1.0399878794445607,404.7526041666667
6218,1.00046169531462,404.81770833333337
6219,1.0669926162327137,404.88281250000006
6220,1.105332564577761,404.9479166666667
6221,1.0794646376113088,405.01302083333337
6222,1.0292544767365897,405.07812500000006
6223,1.024478163393495,405.1432291666667
6224,1.0088398003785846,405.20833333333337
6225,1.0300943768368804,405.27343750000006
6226,1.057319427876844,405.3385416666667
6227,0.9035498085959367,405.40364583333337
6228,0.959009540266631,405.46875000000006
6229,0.8860313592227156,405.5338541666667
6230,0.9353693118013122,405.59895833333337
6231,1.0440344623719737,405.66406250000006
6232,0.9714067753597513,405.7291666666667
6233,0.9718826874796037,405.79427083333337
6234,0.8808887758380118,405.85937500000006
6235,0.8712162604700353,405.9244791666667
6236,0.8637023684321041,405.98958333333337
6237,0.9158603613848671,406.05468750000006
6238,0.7625231213486867,406.1197916666667
6239,0.7440145179098271,406.18489583333337
6240,0.8166119696380986,406.25000000000006
6241,0.7341119870142536,406.3151041666667
6242,0.8587691911506894,406.38020833333337
6243,0.6676428302261387,406.44531250000006
6244,0.7180414920615101,406.5104166666667
6245,0.6395227157838431,406.57552083333337
6246,0.6410037607646383,406.64062500000006
6247,0.6235718067972879,406.7057291666667
6248,0.5724818274328743,406.77083333333337
6249,0.567377052704812,406.83593750000006
6250,0.46683026038163894,406.9010416666667
6251,0.44312127504639454,406.96614583333337
6252,0.47671516611675835,407.03125000000006
6253,0.5621064377141747,407.0963541666667
6254,0.38252286421588844,407.16145833333337
6255,0.46690197060977456,407.22656250000006
6256,0.3827135970182024,407.2916666666667
6257,0.39361097107378884,407.35677083333337
6258,0.3443297059751337,407.42187500000006
6259,0.4104445922238081,407.4869791666667
6260,0.38089612246978544,407.55208333333337
6261,0.32305743763632894,407.61718750000006
6262,0.2753363753673406,407.6822916666667
6263,0.19762600069846784,407.74739583333337
6264,0.2464309169471942,407.81250000000006
6265,0.20914951155551303,407.8776041666667
6266,0.2702768803106537,407.94270833333337
6267,0.09667629717038059,408.00781250000006
6268,0.08435943806491354,408.0729166666667
6269,0.11822749796085764,408.13802083333337
6270,0.13721699625620903,408.20312500000006
6271,0.09871425108617636,408.2682291666667
6272,-0.07227012611767848,408.33333333333337
6273,0.01647615128428203,408.39843750000006
6274,-0.07977814814296155,408.4635416666667
6275,-0.12483641912210271,408.52864583333337
6276,-0.14981448302935893,408.59375000000006
6277,-0.030756712106102573,408.6588541666667
6278,-0.16381998379806842,408.72395833333337
6279,-0.12260399949831798,408.78906250000006
6280,-0.2287052076432322,408.8541666666667
6281,-0.27409319922740755,408.91927083333337
6282,-0.26218509071353935,408.98437500000006
6283,-0.24984707179915255,409.0494791666667
6284,-0.32038646945567306,409.11458333333337
6285,-0.2933185452677719,409.17968750000006
6286,-0.2610375276956322,409.2447916666667
6287,-0.4919552592745694,409.30989583333337
6288,-0.4314666273575611,409.37500000000006
6289,-0.357935756412387,409.4401041666667
6290,-0.38669954388590383,409.50520833333337
6291,-0.5048411706536957,409.57031250000006
6292,-0.42923534948174985,409.6354166666667
6293,-0.5581293978523874,409.70052083333337
6294,-0.5642263461668436,409.76562500000006
6295,-0.6910907796520214,409.8307291666667
6296,-0.6317411570959499,409.89583333333337
6297,-0.6637519560187455,409.96093750000006
6298,-0.6710980270668204,410.0260416666667
6299,-0.793789877879225,410.09114583333337
6300,-0.7323294219100365,410.15625000000006
6301,-0.8039820173488054,410.2213541666667
6302,-0.8207813337927591,410.28645833333337
6303,-0.7396509516663822,410.35156250000006
6304,-0.7876407836270288,410.4166666666667
6305,-0.8520283001547262,410.48177083333337
6306,-0.8250610114579447,410.54687500000006
6307,-0.8759691911788076,410.6119791666667
6308,-0.8087430137554826,410.67708333333337
6309,-0.9233211011934234,410.74218750000006
6310,-0.8722268625297636,410.8072916666667
6311,-0.8485266382848373,410.87239583333337
6312,-0.9229621986661337,410.93750000000006
6313,-0.9604984494889997,411.0026041666667
6314,-0.8816928250061196,411.06770833333337
6315,-1.0081518491011805,411.13281250000006
6316,-1.064529595212786,411.1979166666667
6317,-1.0192242614881908,411.26302083333337
6318,-0.9989521304360269,411.32812500000006
6319,-0.9485007771752056,411.3932291666667
6320,-1.0656669548727287,411.45833333333337
6321,-1.0946436199958338,411.52343750000006
6322,-1.0695099542393063,411.5885416666667
6323,-1.0924500754048228,411.65364583333337
6324,-1.1241732870168741,411.71875000000006
6325,-1.135993796497215,411.7838541666667
6326,-1.092861797991779,411.84895833333337
6327,-1.1447242072171018,411.91406250000006
6328,-1.115376067490051,411.9791666666667
6329,-1.1224810694858838,412.04427083333337
6330,-1.0384319562213888,412.10937500000006
6331,-1.0561014766678298,412.1744791666667
6332,-1.1153239545748383,412.23958333333337
6333,-1.2104079657728672,412.30468750000006
6334,-1.1688037159541094,412.3697916666667
6335,-1.1148887917415788,412.43489583333337
6336,-1.1748809339368802,412.50000000000006
6337,-1.0274887128844845,412.5651041666667
6338,-1.256246873518784,412.63020833333337
6339,-1.1610259186418999,412.69531250000006
6340,-1.184788474680041,412.7604166666667
6341,-1.1177684060069282,412.82552083333337
6342,-1.1173836814922136,412.89062500000006
6343,-1.199436267867007,412.9557291666667
6344,-1.0465447195588446,413.02083333333337
6345,-1.079369761167128,413.08593750000006
6346,-1.1722998831715687,413.1510416666667
6347,-1.0405763488248854,413.21614583333337
6348,-1.1065341786783212,413.28125000000006
6349,-1.0141960275531394,413.3463541666667
6350,-1.0383040487953823,413.41145833333337
6351,-1.138451207704789,413.47656250000006
6352,-0.9830702184221294,413.5416666666667
6353,-1.0859919375452634,413.60677083333337
6354,-0.9778007723374048,413.67187500000006
6355,-1.036094996086239,413.7369791666667
6356,-0.9676032979372037,413.80208333333337
6357,-0.9315384081295738,413.86718750000006
6358,-1.062607045035262,413.9322916666667
6359,-1.0633886285442353,413.99739583333337
6360,-1.0442545927518287,414.06250000000006
6361,-1.0516206378328996,414.1276041666667
6362,-0.9161815237571663,414.19270833333337
6363,-0.834622819073978,414.25781250000006
6364,-0.8401756545527475,414.3229166666667
6365,-0.7885935993154625,414.38802083333337
6366,-0.8001071481712896,414.45312500000006
6367,-0.8925905545779775,414.5182291666667
6368,-0.7800676429843565,414.58333333333337
6369,-0.8279930316771389,414.64843750000006
6370,-0.8454841730380388,414.7135416666667
6371,-0.7324174457668002,414.77864583333337
6372,-0.6838047367645647,414.84375000000006
6373,-0.6136819688588907,414.9088541666667
6374,-0.6836734339126518,414.97395833333337
6375,-0.4590470440680839,415.03906250000006
6376,-0.5868242165357707,415.1041666666667
6377,-0.6076542451001652,415.16927083333337
6378,-0.5974595207774775,415.23437500000006
6379,-0.42770781761982524,415.2994791666667
6380,-0.5712383603145693,415.36458333333337
6381,-0.4766035929418428,415.42968750000006
6382,-0.4321164938388499,415.4947916666667
6383,-0.40423230684691885,415.55989583333337
6384,-0.44967552744232214,415.62500000000006
6385,-0.449033185529141,415.6901041666667
6386,-0.40826211801626405,415.75520833333337
6387,-0.3578835812313596,415.82031250000006
6388,-0.2934758873590669,415.8854166666667
6389,-0.3248646668209343,415.95052083333337
6390,-0.2684765853120315,416.01562500000006
6391,-0.23104686591028828,416.0807291666667
6392,-0.21859944896803604,416.14583333333337
6393,-0.1290802894322045,416.21093750000006
6394,-0.16025548958709881,416.2760416666667
6395,-0.1130274237602231,416.34114583333337
6396,-0.17676339010888326,416.40625000000006
6397,-0.029979200810113477,416.4713541666667
6398,-0.14382132699979194,416.53645833333337
6399,-0.03588566109706993,416.60156250000006
6400,0.004872711305752736,416.6666666666667
6401,0.022310811989496117,416.73177083333337
6402,0.09178983370964051,416.79687500000006
6403,0.07545804862127183,416.8619791666667
6404,0.11352395134492026,416.92708333333337
6405,0.11017970416961811,416.99218750000006
6406,0.1550749573835599,417.0572916666667
6407,0.23820641214963129,417.12239583333337
6408,0.20360186859155419,417.18750000000006
6409,0.29225916809053337,417.2526041666667
6410,0.24852205268135033,417.31770833333337
6411,0.3749163739495436,417.38281250000006
6412,0.32553078980280764,417.4479166666667
6413,0.31340090412440524,417.51302083333337
6414,0.38262742139586575,417.57812500000006
6415,0.39817255657926803,417.6432291666667
6416,0.36552851322125113,417.70833333333337
6417,0.5220399737960968,417.77343750000006
6418,0.49612722418718536,417.8385416666667
6419,0.4517196850380567,417.90364583333337
6420,0.5574475951234481,417.96875000000006
6421,0.5545517314443759,418.0338541666667
6422,0.5553114781268329,418.09895833333337
6423,0.6469299064243758,418.16406250000006
6424,0.6508795948165436,418.2291666666667
6425,0.671285536671443,418.29427083333337
6426,0.5851217265356252,418.35937500000006
6427,0.7167503991082891,418.4244791666667
6428,0.7291944373351396,418.48958333333337
6429,0.7384530202465867,418.55468750000006
6430,0.6800224061545529,418.6197916666667
6431,0.8160583530478471,418.68489583333337
6432,0.8574001198376128,418.75000000000006
6433,0.7965240966322064,418.8151041666667
6434,0.9181744146411935,418.88020833333337
6435,0.8634447693058075,418.94531250000006
6436,0.9232693668344832,419.0104166666667
6437,0.8896809432664164,419.07552083333337
6438,0.9032799978922378,419.14062500000006
6439,0.9240561521959381,419.2057291666667
6440,0.9772302185459799,419.27083333333337
6441,0.8819658627611678,419.33593750000006
6442,1.0393489270266931,419.4010416666667
6443,0.9499592174342343,419.46614583333337
6444,1.0250307419995783,419.53125000000006
6445,0.9784559409336421,419.5963541666667
6446,1.025674635692393,419.66145833333337
6447,1.1339461610226362,419.72656250000006
6448,0.9702953357078384,419.7916666666667
6449,1.0136336026443449,419.85677083333337
6450,1.1325298722615849,419.92187500000006
6451,1.1168860601897435,419.9869791666667
6452,0.9936031572831191,420.05208333333337
6453,1.1466208735246042,420.11718750000006
6454,1.055167087828394,420.1822916666667
6455,1.0048517899507752,420.24739583333337
6456,1.1406983839456364,420.31250000000006
6457,1.111591522112341,420.3776041666667
6458,1.0970453794665156,420.44270833333337
6459,1.1385134071395548,420.50781250000006
6460,1.0925603027469242,420.5729166666667
6461,1.0992124040652353,420.63802083333337
6462,1.1797188468111761,420.70312500000006
6463,1.1316665682986518,420.7682291666667
6464,1.135538487507479,420.83333333333337
6465,0.9995057685808013,420.89843750000006
6466,1.0429381329431606,420.9635416666667
6467,1.1351263246348264,421.02864583333337
6468,1.2061049607498457,421.09375000000006
6469,1.068728672014699,421.1588541666667
6470,1.173128370250871,421.22395833333337
6471,1.013704407727769,421.28906250000006
6472,1.0731078450541536,421.3541666666667
6473,1.0981443038979473,421.41927083333337
6474,1.1087461962879803,421.48437500000006
6475,1.1225994013654639,421.5494791666667
6476,1.0877915873786872,421.61458333333337
6477,1.117510136539139,421.67968750000006
6478,1.0540651730173969,421.7447916666667
6479,1.10029708975253,421.80989583333337
6480,1.0774631394103873,421.87500000000006
6481,1.0515670507835362,421.9401041666667
6482,0.9652924107228312,422.00520833333337
6483,0.9772822482914958,422.07031250000006
6484,0.9733573947990576,422.1354166666667
6485,0.9098543508094957,422.20052083333337
6486,0.9784009216797739,422.26562500000006
6487,0.9059595866864815,422.3307291666667
6488,0.9685708628792061,422.39583333333337
6489,0.8936708235004802,422.46093750000006
6490,0.8978605177828312,422.5260416666667
6491,0.8776995445759984,422.59114583333337
6492,0.9492955043437444,422.65625000000006
6493,0.8773916223545493,422.7213541666667
6494,0.7682576903391161,422.78645833333337
6495,0.7640739005021246,422.85156250000006
6496,0.8042140312813759,422.9166666666667
6497,0.7865651061542369,422.98177083333337
6498,0.7225835962562009,423.04687500000006
6499,0.7859095399022299,423.1119791666667
6500,0.6505393707813263,423.17708333333337
6501,0.6423872320630554,423.24218750000006
6502,0.5588982675975458,423.3072916666667
6503,0.5409026866448288,423.37239583333337
6504,0.49706828299241784,423.43750000000006
6505,0.660176306095535,423.5026041666667
6506,0.5245098188323747,423.56770833333337
6507,0.5498792805071512,423.63281250000006
6508,0.4411042813705307,423.6979166666667
6509,0.503884146168373,423.76302083333337
6510,0.48112762358532685,423.82812500000006
6511,0.41184085262456355,423.8932291666667
6512,0.40220356714835737,423.95833333333337
6513,0.3817894746773515,424.02343750000006
6514,0.3211428302394702,424.0885416666667
6515,0.4242737021074001,424.15364583333337
6516,0.2271623332039514,424.21875000000006
6517,0.3375628423503982,424.2838541666667
6518,0.21368794317960538,424.34895833333337
6519,0.24376194271816354,424.41406250000006
6520,0.19982413258065984,424.4791666666667
6521,0.1362960153487271,424.54427083333337
6522,0.1165064892158141,424.60937500000006
6523,0.14143441356083783,424.6744791666667
6524,0.06687904097102686,424.73958333333337
6525,0.13694200529694148,424.80468750000006
6526,0.12863471209142488,424.8697916666667
6527,0.014082963373168212,424.93489583333337
6528,-0.013276959355837292,425.00000000000006
6529,-0.001881756516829141,425.0651041666667
6530,-0.009181124105747344,425.13020833333337
6531,-0.016040856729978015,425.19531250000006
6532,-0.1289465287938335,425.2604166666667
6533,-0.2052079357956332,425.32552083333337
6534,-0.15158219152569574,425.39062500000006
6535,-0.18428633586715504,425.4557291666667
6536,-0.19478983343421125,425.52083333333337
6537,-0.2459538565150084,425.58593750000006
6538,-0.15242937526873346,425.6510416666667
6539,-0.16185990377931897,425.71614583333337
6540,-0.31886580643435775,425.78125000000006
6541,-0.23721121124800967,425.8463541666667
6542,-0.312492265306512,425.91145833333337
6543,-0.4645194816961371,425.97656250000006
6544,-0.48256299000434577,426.0416666666667
6545,-0.537249981187069,426.10677083333337
6546,-0.41895040447326526,426.17187500000006
6547,-0.4146731672869857,426.2369791666667
6548,-0.583529955480152,426.30208333333337
6549,-0.4741561766302865,426.36718750000006
6550,-0.5665358855006026,426.4322916666667
6551,-0.6497705725201797,426.49739583333337
6552,-0.6023262790073844,426.56250000000006
6553,-0.6696981386918338,426.6276041666667
6554,-0.615570751841331,426.69270833333337
6555,-0.6717612521010735,426.75781250000006
6556,-0.6552566530616197,426.8229166666667
6557,-0.7521841654795829,426.88802083333337
6558,-0.6415007399964905,426.95312500000006
6559,-0.7870802961364868,427.0182291666667
6560,-0.7584746087903019,427.08333333333337
6561,-0.77431203011047,427.14843750000006
6562,-0.7878406968886774,427.2135416666667
6563,-0.7372713016918033,427.27864583333337
6564,-0.878909365157391,427.34375000000006
6565,-0.8322311121620352,427.4088541666667
6566,-0.8352987661166087,427.47395833333337
6567,-0.9445374242103772,427.53906250000006
6568,-0.8655329037275962,427.6041666666667
6569,-0.8721133002063415,427.66927083333337
6570,-0.9331823403742544,427.73437500000006
6571,-0.9469101610001406,427.7994791666667
6572,-0.9958479319944351,427.86458333333337
6573,-0.9919905195679055,427.92968750000006
6574,-0.9353215971767973,427.9947916666667
6575,-0.9627019784198616,428.05989583333337
6576,-0.8933749175690204,428.12500000000006
6577,-1.0606184811073327,428.1901041666667
6578,-0.9283062809111762,428.25520833333337
6579,-1.060038141129492,428.32031250000006
6580,-0.942333637912082,428.3854166666667
6581,-1.0580347476262624,428.45052083333337
6582,-1.0991888144051318,428.51562500000006
6583,-1.052052139741211,428.5807291666667
6584,-1.0967556737527937,428.64583333333337
6585,-1.105273936489013,428.71093750000006
6586,-1.1453808974675588,428.7760416666667
6587,-1.0587711769564154,428.84114583333337
6588,-1.119914927874952,428.90625000000006
6589,-1.138633066745353,428.9713541666667
6590,-0.9820526754535616,429.03645833333337
6591,-1.0782941552995406,429.10156250000006
6592,-1.0503303068096967,429.1666666666667
6593,-1.0557517774297525,429.23177083333337
6594,-1.069717503860656,429.29687500000006
6595,-1.0140659533357634,429.3619791666667
6596,-1.0713874543164894,429.42708333333337
6597,-0.9917852793781018,429.49218750000006
6598,-1.0584823730038369,429.5572916666667
6599,-1.0309939873383762,429.62239583333337
6600,-0.9829732832463418,429.68750000000006
6601,-1.044822056496483,429.7526041666667
6602,-1.0294211216755595,429.81770833333337
6603,-1.050982458704567,429.88281250000006
6604,-1.072795184328391,429.9479166666667
6605,-1.0381342249466008,430.01302083333337
6606,-0.9907919844806589,430.07812500000006
6607,-1.0555315404133665,430.1432291666667
6608,-0.9841351637162269,430.20833333333337
6609,-0.8737480928083621,430.27343750000006
6610,-0.9605871568337311,430.3385416666667
6611,-0.9244527933872897,430.40364583333337
6612,-0.9278907385113387,430.46875000000006
6613,-0.8030541095436305,430.5338541666667
6614,-0.8018167663457111,430.59895833333337
6615,-0.8582315614079306,430.66406250000006
6616,-0.9108858017519673,430.7291666666667
6617,-0.8375328860125358,430.79427083333337
6618,-0.7753768382773091,430.85937500000006
6619,-0.7700993810404068,430.9244791666667
6620,-0.8122599280590043,430.98958333333337
6621,-0.7497996770967518,431.05468750000006
6622,-0.816117265494649,431.1197916666667
6623,-0.7437094559436149,431.18489583333337
6624,-0.7194278248357748,431.25000000000006
6625,-0.6665195311122486,431.3151041666667
6626,-0.7056249265814308,431.38020833333337
6627,-0.6702571175397142,431.44531250000006
6628,-0.6102969125187357,431.5104166666667
6629,-0.5866595714456961,431.57552083333337
6630,-0.6359754156836368,431.64062500000006
6631,-0.6100018132342536,431.7057291666667
6632,-0.5231751544346412,431.77083333333337
6633,-0.48401082812023555,431.83593750000006
6634,-0.5678892005713524,431.9010416666667
6635,-0.4596691687414806,431.96614583333337
6636,-0.5071474571799908,432.03125000000006
6637,-0.45636000046560204,432.0963541666667
6638,-0.3750131130276346,432.16145833333337
6639,-0.36165085985743345,432.22656250000006
6640,-0.431307294397695,432.2916666666667
6641,-0.42400084940594057,432.35677083333337
6642,-0.5172322331618938,432.42187500000006
6643,-0.4196619048812674,432.4869791666667
6644,-0.19513231180219903,432.55208333333337
6645,-0.29444178513696573,432.61718750000006
6646,-0.2744779764677839,432.6822916666667
6647,-0.20463904085505016,432.74739583333337
6648,-0.1952070926538752,432.81250000000006
6649,-0.23822055644490123,432.8776041666667
6650,-0.13873171627039335,432.94270833333337
6651,-0.09307129702785288,433.00781250000006
6652,-0.09691459714729214,433.0729166666667
6653,-0.06926033603543043,433.13802083333337
6654,-0.046094721766851386,433.20312500000006
6655,0.022103975425207523,433.2682291666667
6656,0.013446552028460271,433.33333333333337
6657,0.08698880715166019,433.39843750000006
6658,0.09820573201587762,433.4635416666667
6659,0.05495108533944179,433.52864583333337
6660,0.03038386975754288,433.59375000000006
6661,0.12550106417655285,433.6588541666667
6662,0.10797378030236453,433.72395833333337
6663,0.22845999042512796,433.78906250000006
6664,0.1475491656221128,433.8541666666667
6665,0.24732498162161187,433.91927083333337
6666,0.21981952195555127,433.98437500000006
6667,0.25367445566232144,434.0494791666667
6668,0.2531254607257654,434.11458333333337
6669,0.263677292205498,434.17968750000006
6670,0.44106245548374323,434.2447916666667
6671,0.4194004845079687,434.30989583333337
6672,0.38313296224455345,434.37500000000006
6673,0.44794214511280817,434.4401041666667
6674,0.39643930614377787,434.50520833333337
6675,0.38359680936307494,434.57031250000006
6676,0.3894983094913766,434.6354166666667
6677,0.4651855183662512,434.70052083333337
6678,0.5778102143847467,434.76562500000006
6679,0.5262779560027282,434.8307291666667
6680,0.5068719610299338,434.89583333333337
6681,0.5919299907015169,434.96093750000006
6682,0.6244176995332151,435.0260416666667
6683,0.5822806137657334,435.09114583333337
6684,0.5977705395202273,435.15625000000006
6685,0.5949890629422793,435.2213541666667
6686,0.663895093075039,435.28645833333337
6687,0.7399869629740925,435.35156250000006
6688,0.6799177183798648,435.4166666666667
6689,0.7375800553928782,435.48177083333337
6690,0.7063398097581718,435.54687500000006
6691,0.6733475303150854,435.6119791666667
6692,0.7212374774627712,435.67708333333337
6693,0.8385100803727557,435.74218750000006
6694,0.7765362047609101,435.8072916666667
6695,0.7923999419554874,435.87239583333337
6696,0.787549454069341,435.93750000000006
6697,0.8077178572138145,436.0026041666667
6698,0.8317060944435031,436.06770833333337
6699,0.7922922561275054,436.13281250000006
6700,0.9359050301927726,436.1979166666667
6701,0.879320648543477,436.26302083333337
6702,0.9043415016427312,436.32812500000006
6703,0.8870599419645577,436.3932291666667
6704,0.8862652841670946,436.45833333333337
6705,0.8990218488056199,436.52343750000006
6706,0.9020801127662834,436.5885416666667
6707,0.8486165215278382,436.65364583333337
6708,0.9960399437588473,436.71875000000006
6709,0.9735660755429274,436.7838541666667
6710,1.0016648552958423,436.84895833333337
6711,0.9423654928034998,436.91406250000006
6712,0.9795523497152708,436.9791666666667
6713,1.031958769104942,437.04427083333337
6714,0.9628305299035368,437.10937500000006
6715,0.9160368008688724,437.1744791666667
6716,1.0066928728733056,437.23958333333337
6717,0.9713160167516374,437.30468750000006
6718,0.9047336529149722,437.3697916666667
6719,1.0036324086023554,437.43489583333337
6720,1.0548204902072207,437.50000000000006
6721,1.0585066254503874,437.5651041666667
6722,0.981643686127383,437.63020833333337
6723,0.9459856656972768,437.69531250000006
6724,0.9840218409754123,437.7604166666667
6725,0.8915968212730372,437.82552083333337
6726,0.9600968032521773,437.89062500000006
6727,0.986172741982285,437.9557291666667
6728,0.8522053346326366,438.02083333333337
6729,0.9596482840877492,438.08593750000006
6730,0.8460646097380051,438.1510416666667
6731,0.8622927203006817,438.21614583333337
6732,0.9431923769140215,438.28125000000006
6733,0.8743555567351253,438.3463541666667
6734,0.9007060031376825,438.41145833333337
6735,0.912206708441388,438.47656250000006
6736,0.9308654863711439,438.5416666666667
6737,0.8706721669793734,438.60677083333337
6738,0.9055468271905118,438.67187500000006
6739,0.9107868104901609,438.7369791666667
6740,0.8208095401391929,438.80208333333337
6741,0.9088074816554768,438.86718750000006
6742,0.7968959270178472,438.9322916666667
6743,0.7842566503555575,438.99739583333337
6744,0.7085457396439516,439.06250000000006
6745,0.7985348532135469,439.1276041666667
6746,0.7649994616099165,439.19270833333337
6747,0.8237801950357296,439.25781250000006
6748,0.6783436250010674,439.3229166666667
6749,0.6752692363504552,439.38802083333337
6750,0.6859197649458803,439.45312500000006
6751,0.6202420864522329,439.5182291666667
6752,0.6972718296420004,439.58333333333337
6753,0.6582607664599,439.64843750000006
6754,0.6072359509057285,439.7135416666667
6755,0.5027985756713682,439.77864583333337
6756,0.6129268633453108,439.84375000000006
6757,0.5110739758081455,439.9088541666667
6758,0.6286726894169804,439.97395833333337
6759,0.5047337244447818,440.03906250000006
6760,0.4653571520512198,440.1041666666667
6761,0.4641236299737717,440.16927083333337
6762,0.4856037958967089,440.23437500000006
6763,0.4848997051569741,440.2994791666667
6764,0.4227582538665555,440.36458333333337
6765,0.4891043481749427,440.42968750000006
6766,0.3462163479839883,440.4947916666667
6767,0.28778390883770333,440.55989583333337
6768,0.34440816735650676,440.62500000000006
6769,0.31948764901463933,440.6901041666667
6770,0.2795925627793824,440.75520833333337
6771,0.3165731305571208,440.82031250000006
6772,0.3340157175292096,440.8854166666667
6773,0.21854684742636585,440.95052083333337
6774,0.20062770138505218,441.01562500000006
6775,0.2782578629154693,441.0807291666667
6776,0.2228192480090319,441.14583333333337
6777,0.24592319026024684,441.21093750000006
6778,0.15032685709950439,441.2760416666667
6779,0.14347495907683464,441.34114583333337
6780,0.06889300236353674,441.40625000000006
6781,0.05199717953395078,441.4713541666667
6782,0.0309143998785492,441.53645833333337
6783,0.06909344750297845,441.60156250000006
6784,-0.008603966244190395,441.6666666666667
6785,0.02245908586258487,441.73177083333337
6786,-0.023679291962252418,441.79687500000006
6787,0.022737534251129576,441.8619791666667
6788,-0.09092528400697705,441.92708333333337
6789,-0.08590505167661254,441.99218750000006
6790,-0.05047753202859985,442.0572916666667
6791,-0.07428453529530687,442.12239583333337
6792,-0.12868726556765817,442.18750000000006
6793,-0.19563864032449194,442.2526041666667
6794,-0.18991501690065182,442.31770833333337
6795,-0.235779764273928,442.38281250000006
6796,-0.2791807734828755,442.4479166666667
6797,-0.33148766655761447,442.51302083333337
6798,-0.2349666626285935,442.57812500000006
6799,-0.31892770384353686,442.6432291666667
6800,-0.39665881888644766,442.70833333333337
6801,-0.36907718013767404,442.77343750000006
6802,-0.3373284682718499,442.8385416666667
6803,-0.3759943571588105,442.90364583333337
6804,-0.4611917700743978,442.96875000000006
6805,-0.4150177566597654,443.0338541666667
6806,-0.5016168335000146,443.09895833333337
6807,-0.4722508932775329,443.16406250000006
6808,-0.4455761813431034,443.2291666666667
6809,-0.5326365146624203,443.29427083333337
6810,-0.49810714954515234,443.35937500000006
6811,-0.48691680741528826,443.4244791666667
6812,-0.5737903429991419,443.48958333333337
6813,-0.5945224811060204,443.55468750000006
6814,-0.5482015683301115,443.6197916666667
6815,-0.6547724048573178,443.68489583333337
6816,-0.6309987680683329,443.75000000000006
6817,-0.5814212388495352,443.8151041666667
6818,-0.6701712567988606,443.88020833333337
6819,-0.647288131032555,443.94531250000006
6820,-0.7382185894780062,444.0104166666667
6821,-0.6963709845183147,444.07552083333337
6822,-0.6882076920489316,444.14062500000006
6823,-0.7663687669647379,444.2057291666667
6824,-0.775427469581045,444.27083333333337
6825,-0.6735342626078893,444.33593750000006
6826,-0.754654701888862,444.4010416666667
6827,-0.8139510314580252,444.46614583333337
6828,-0.8334951968358826,444.53125000000006
6829,-0.8047739093392825,444.5963541666667
6830,-0.8144444427707396,444.66145833333337
6831,-0.7270781410357374,444.72656250000006
6832,-0.8129159102755712,444.7916666666667
6833,-0.8525597161233045,444.85677083333337
6834,-0.8973226756164815,444.92187500000006
6835,-0.864553913770241,444.9869791666667
6836,-0.8811810052639315,445.05208333333337
6837,-0.8817676723140239,445.11718750000006
6838,-0.8993081469915737,445.1822916666667
6839,-0.8475738842898237,445.24739583333337
6840,-0.9228335393676557,445.31250000000006
6841,-0.8746402666157366,445.3776041666667
6842,-0.908537872187312,445.44270833333337
6843,-0.8893403422893391,445.50781250000006
6844,-0.9192506069389339,445.5729166666667
6845,-0.851805543937449,445.63802083333337
6846,-0.903352699848858,445.70312500000006
6847,-0.9164217674453252,445.7682291666667
6848,-0.914335250737509,445.83333333333337
6849,-0.8739781135511784,445.89843750000006
6850,-0.7978386340214468,445.9635416666667
6851,-0.9012559131879682,446.02864583333337
6852,-0.8231674247109512,446.09375000000006
6853,-0.9678134690054886,446.1588541666667
6854,-0.7986210968128477,446.22395833333337
6855,-0.8244512668898704,446.28906250000006
6856,-0.7343608401423835,446.3541666666667
6857,-0.8899358074175365,446.41927083333337
6858,-0.8740282423983919,446.48437500000006
6859,-0.8553009819035234,446.5494791666667
6860,-0.8977175884962763,446.61458333333337
6861,-0.8259780510457889,446.67968750000006
6862,-0.8550495756382422,446.7447916666667
6863,-0.7586362234786921,446.80989583333337
6864,-0.7533142141906876,446.87500000000006
6865,-0.8134853816997039,446.9401041666667
6866,-0.842907638247892,447.00520833333337
6867,-0.7329264390526302,447.07031250000006
6868,-0.8102946976635287,447.1354166666667
6869,-0.8113208322247247,447.20052083333337
6870,-0.7869999271438909,447.26562500000006
6871,-0.725380904111544,447.3307291666667
6872,-0.7576253964144563,447.39583333333337
6873,-0.6789463709964009,447.46093750000006
6874,-0.6977765602072795,447.5260416666667
6875,-0.666742932335873,447.59114583333337
6876,-0.6811784004437087,447.65625000000006
6877,-0.5856615805317622,447.7213541666667
6878,-0.5781599586649266,447.78645833333337
6879,-0.6009817681058707,447.85156250000006
6880,-0.6619122138393041,447.9166666666667
6881,-0.6218822749834562,447.98177083333337
6882,-0.5951943601699693,448.04687500000006
6883,-0.6435969505719465,448.1119791666667
6884,-0.5815396632908583,448.17708333333337
6885,-0.4828132421535817,448.24218750000006
6886,-0.5006347129343691,448.3072916666667
6887,-0.46596969491761014,448.37239583333337
6888,-0.4853026581965973,448.43750000000006
6889,-0.40270784053495723,448.5026041666667
6890,-0.5075633318740953,448.56770833333337
6891,-0.49125547248272283,448.63281250000006
6892,-0.34541079100236427,448.6979166666667
6893,-0.37698366536183614,448.76302083333337
6894,-0.37238200110687836,448.82812500000006
6895,-0.32375397939948647,448.8932291666667
6896,-0.2735264658530306,448.95833333333337
6897,-0.33770179205105466,449.02343750000006
6898,-0.319142885871711,449.0885416666667
6899,-0.3473785010130028,449.15364583333337
6900,-0.1929501884850133,449.21875000000006
6901,-0.21369087323231917,449.2838541666667
6902,-0.23115245116018332,449.34895833333337
6903,-0.13783094763048434,449.41406250000006
6904,-0.17396424778166966,449.4791666666667
6905,-0.1653799178132079,449.54427083333337
6906,-0.1441238013612321,449.60937500000006
6907,-0.05924014512475051,449.6744791666667
6908,-0.003639845740129801,449.73958333333337
6909,-0.07980210305593438,449.80468750000006
6910,-0.023432325855747768,449.8697916666667
6911,-0.03936545254738541,449.93489583333337
6912,-0.019571683265455428,450.00000000000006
6913,0.034338660583279494,450.0651041666667
6914,0.04668151394172966,450.13020833333337
6915,0.1309007737164648,450.19531250000006
6916,0.09519826341216865,450.2604166666667
6917,0.15694012767207224,450.32552083333337
6918,0.09931601818050939,450.39062500000006
6919,0.16219703894478046,450.4557291666667
6920,0.17777784284270762,450.52083333333337
6921,0.20468232624904303,450.58593750000006
6922,0.20844991619655245,450.6510416666667
6923,0.24938200901984914,450.71614583333337
6924,0.24373207087057447,450.78125000000006
6925,0.2612896308361745,450.8463541666667
6926,0.2421557621981697,450.91145833333337
6927,0.3910682617794197,450.97656250000006
6928,0.3495146771954192,451.0416666666667
6929,0.36672805222092103,451.10677083333337
6930,0.3347816701882982,451.17187500000006
6931,0.3507747836214171,451.2369791666667
6932,0.5426880115239842,451.30208333333337
6933,0.3695073173103049,451.36718750000006
6934,0.5060755531790089,451.4322916666667
6935,0.40300977457325876,451.49739583333337
6936,0.4742195490886092,451.56250000000006
6937,0.45244253101676746,451.6276041666667
6938,0.5146816950320896,451.69270833333337
6939,0.5823789454333097,451.75781250000006
6940,0.5156511637796565,451.8229166666667
6941,0.6168216789438005,451.88802083333337
6942,0.5302542346444398,451.95312500000006
6943,0.6054991282647578,452.0182291666667
6944,0.6166815574893303,452.08333333333337
6945,0.6520990370015568,452.14843750000006
6946,0.5674222229028508,452.2135416666667
6947,0.6108871769098674,452.27864583333337
6948,0.6083971255285385,452.34375000000006
6949,0.6698455577988791,452.4088541666667
6950,0.6949153302119143,452.47395833333337
6951,0.6791888621436307,452.53906250000006
6952,0.6553149853843189,452.6041666666667
6953,0.7043806869945199,452.66927083333337
6954,0.8323122117946429,452.73437500000006
6955,0.7730486768355971,452.7994791666667
6956,0.7003861199739935,452.86458333333337
6957,0.7184548792690382,452.92968750000006
6958,0.7808973366548385,452.9947916666667
6959,0.7275275537737751,453.05989583333337
6960,0.8323433742845979,453.12500000000006
6961,0.7875575942412913,453.1901041666667
6962,0.7954129523375381,453.25520833333337
6963,0.8393582131636697,453.32031250000006
6964,0.8753621336226524,453.3854166666667
6965,0.8575054644186973,453.45052083333337
6966,0.8326072887399835,453.51562500000006
6967,0.7895615210804757,453.5807291666667
6968,0.8565753792929028,453.64583333333337
6969,0.8625751413153004,453.71093750000006
6970,0.9011629535512692,453.7760416666667
6971,0.8250555777296532,453.84114583333337
6972,0.9202652133594253,453.90625000000006
6973,0.8606664644300502,453.9713541666667
6974,0.8345572355494545,454.03645833333337
6975,0.8971423769498728,454.10156250000006
6976,0.8497807172433418,454.1666666666667
6977,0.8312199255550596,454.23177083333337
6978,0.8252660793634577,454.29687500000006
6979,0.8447982329460585,454.3619791666667
6980,0.8498652624987559,454.42708333333337
6981,0.8817503971843247,454.49218750000006
6982,0.8013329034840612,454.5572916666667
6983,0.9050175183887179,454.62239583333337
6984,0.883781108487669,454.68750000000006
6985,0.8251524936050385,454.7526041666667
6986,0.8084698329820373,454.81770833333337
6987,0.7788052463605999,454.88281250000006
6988,0.8255439399459042,454.9479166666667
6989,0.835990534330874,455.01302083333337
6990,0.8027633565986984,455.07812500000006
6991,0.8395667002167999,455.1432291666667
6992,0.7545200185658848,455.20833333333337
6993,0.7667013795376528,455.27343750000006
6994,0.7410429248124843,455.3385416666667
6995,0.7009972011575794,455.40364583333337
6996,0.7882516331121737,455.46875000000006
6997,0.7746105456725605,455.5338541666667
6998,0.7834433637767058,455.59895833333337
6999,0.7189273244470702,455.66406250000006
7000,0.7567688210676984,455.7291666666667
7001,0.6540461464774446,455.79427083333337
7002,0.7008285830358185,455.85937500000006
7003,0.7259484212812121,455.9244791666667
7004,0.6409467031672971,455.98958333333337
7005,0.702100542817544,456.05468750000006
7006,0.6651078282068482,456.1197916666667
7007,0.6920770460772848,456.18489583333337
7008,0.5851805920238732,456.25000000000006
7009,0.6367368748521351,456.3151041666667
7010,0.6299825381556734,456.38020833333337
7011,0.6362126890064063,456.44531250000006
7012,0.5574795585405544,456.5104166666667
7013,0.5825299496279308,456.57552083333337
7014,0.525194317427589,456.64062500000006
7015,0.47053206223641364,456.7057291666667
7016,0.42074122652532425,456.77083333333337
7017,0.48104006080912454,456.83593750000006
7018,0.45848678103216944,456.9010416666667
7019,0.3874594531560604,456.96614583333337
7020,0.37158100432803765,457.03125000000006
7021,0.48763707804850087,457.0963541666667
7022,0.33085506298100953,457.16145833333337
7023,0.3931249871608942,457.22656250000006
7024,0.42425356151373605,457.2916666666667
7025,0.3919004536367656,457.35677083333337
7026,0.287442301418211,457.42187500000006
7027,0.2635907930704597,457.4869791666667
7028,0.22369019909463272,457.55208333333337
7029,0.2157045750753962,457.61718750000006
7030,0.13014564383055394,457.6822916666667
7031,0.1796765125572223,457.74739583333337
7032,0.0960325311519379,457.81250000000006
7033,0.12292704519089133,457.8776041666667
7034,0.09528204619174971,457.94270833333337
7035,0.07042800726238399,458.00781250000006
7036,0.043776311367418275,458.0729166666667
7037,-0.05274529826595684,458.13802083333337
7038,0.01452801437484613,458.20312500000006
7039,0.008678316448948935,458.2682291666667
7040,0.04349632150123772,458.33333333333337
7041,0.015209831213453158,458.39843750000006
7042,0.007301005797937535,458.4635416666667
7043,-0.033573609156600556,458.52864583333337
7044,-0.04343505778556364,458.59375000000006
7045,-0.11287990846609647,458.6588541666667
7046,-0.12236408262425878,458.72395833333337
7047,-0.19555687379245734,458.78906250000006
7048,-0.15905854546981296,458.8541666666667
7049,-0.14677510750872366,458.91927083333337
7050,-0.2463658649497267,458.98437500000006
7051,-0.12712567381224832,459.0494791666667
7052,-0.20046151796072456,459.11458333333337
7053,-0.31463332089409735,459.17968750000006
7054,-0.2600426500487493,459.2447916666667
7055,-0.3670519676953801,459.30989583333337
7056,-0.3410322101113051,459.37500000000006
7057,-0.37225324652342534,459.4401041666667
7058,-0.33380418351588254,459.50520833333337
7059,-0.46450536100909867,459.57031250000006
7060,-0.3037286644344261,459.6354166666667
7061,-0.3779161970417971,459.70052083333337
7062,-0.40354219347995574,459.76562500000006
7063,-0.4945916975224928,459.8307291666667
7064,-0.49411621184361765,459.89583333333337
7065,-0.5276327754235187,459.96093750000006
7066,-0.4587339888902775,460.0260416666667
7067,-0.5107374926178895,460.09114583333337
7068,-0.45127741331014193,460.15625000000006
7069,-0.5768879649645263,460.2213541666667
7070,-0.5353137163801238,460.28645833333337
7071,-0.6671620755147561,460.35156250000006
7072,-0.5630718621896615,460.4166666666667
7073,-0.6417002823420512,460.48177083333337
7074,-0.6483418721077793,460.54687500000006
7075,-0.65735728907079,460.6119791666667
7076,-0.6543605668364688,460.67708333333337
7077,-0.6954969475114627,460.74218750000006
7078,-0.7288987079753627,460.8072916666667
7079,-0.7632872242515201,460.87239583333337
7080,-0.7344235691261275,460.93750000000006
7081,-0.7865684269272166,461.0026041666667
7082,-0.7028407923757524,461.06770833333337
7083,-0.7254631650924707,461.13281250000006
7084,-0.762740939546942,461.1979166666667
7085,-0.8341727995602807,461.26302083333337
7086,-0.7692415437873743,461.32812500000006
7087,-0.8099367530309415,461.3932291666667
7088,-0.8357968831575222,461.45833333333337
7089,-0.8160055635037096,461.52343750000006
7090,-0.8190577660180014,461.5885416666667
7091,-0.8089210767386866,461.65364583333337
7092,-0.9111929767019851,461.71875000000006
7093,-0.8602228063321189,461.7838541666667
7094,-0.9073877771982333,461.84895833333337
7095,-0.8648475262775094,461.91406250000006
7096,-0.9028726658630997,461.9791666666667
7097,-0.8006758525522867,462.04427083333337
7098,-0.7912407893182409,462.10937500000006
7099,-0.8446047891092753,462.1744791666667
7100,-0.8428201641692297,462.23958333333337
7101,-0.8635528973035812,462.30468750000006
7102,-0.920330307641802,462.3697916666667
7103,-0.8766682008771327,462.43489583333337
7104,-0.8566811018061057,462.50000000000006
7105,-0.8622835191946687,462.5651041666667
7106,-0.9643327959132557,462.63020833333337
7107,-0.8946234552089081,462.69531250000006
7108,-0.8698741547644996,462.7604166666667
7109,-0.8605832076192282,462.82552083333337
7110,-0.8173793958770834,462.89062500000006
7111,-0.8925387597408653,462.9557291666667
7112,-0.8170445132664168,463.02083333333337
7113,-0.8826485473072789,463.08593750000006
7114,-0.9124695866120699,463.1510416666667
7115,-0.9177603275957202,463.21614583333337
7116,-0.9441487121982653,463.28125000000006
7117,-0.85388811127191,463.3463541666667
7118,-0.876385359654192,463.41145833333337
7119,-0.742159474486768,463.47656250000006
7120,-0.8402724507606554,463.5416666666667
7121,-0.8657164450389337,463.60677083333337
7122,-0.8039488337046199,463.67187500000006
7123,-0.7789601081541739,463.7369791666667
7124,-0.8282829628980296,463.80208333333337
7125,-0.715609133084102,463.86718750000006
7126,-0.7730029692120746,463.9322916666667
7127,-0.7800567704908975,463.99739583333337
7128,-0.7550855764304327,464.06250000000006
7129,-0.7447140848572907,464.1276041666667
7130,-0.6542076316776496,464.19270833333337
7131,-0.6997315134674096,464.25781250000006
7132,-0.6874724957318328,464.3229166666667
7133,-0.6495983485689739,464.38802083333337
7134,-0.6796204698020311,464.45312500000006
7135,-0.6456821780384172,464.5182291666667
7136,-0.6279461322927643,464.58333333333337
7137,-0.5618951549860578,464.64843750000006
7138,-0.6423241725631427,464.7135416666667
7139,-0.5826729478348288,464.77864583333337
7140,-0.6053703478558622,464.84375000000006
7141,-0.5495804169911287,464.9088541666667
7142,-0.5263321797357389,464.97395833333337
7143,-0.5534018771142302,465.03906250000006
7144,-0.527522677792378,465.1041666666667
7145,-0.4750592576650944,465.16927083333337
7146,-0.5093412430378472,465.23437500000006
7147,-0.5688645830418485,465.2994791666667
7148,-0.483772693460421,465.36458333333337
7149,-0.36029847041609114,465.42968750000006
7150,-0.396646236721493,465.4947916666667
7151,-0.3856831101272147,465.55989583333337
7152,-0.3063499853960655,465.62500000000006
7153,-0.29931800065474723,465.6901041666667
7154,-0.2994032551336987,465.75520833333337
7155,-0.24295304432270748,465.82031250000006
7156,-0.2990563945010977,465.8854166666667
7157,-0.2643324637020014,465.95052083333337
7158,-0.20905216020587442,466.01562500000006
7159,-0.19758938525239278,466.0807291666667
7160,-0.21960951688612806,466.14583333333337
7161,-0.17202480861474181,466.21093750000006
7162,-0.12938510589339458,466.2760416666667
7163,-0.15502146602211891,466.34114583333337
7164,-0.09967907311313781,466.40625000000006
7165,-0.05015089196904067,466.4713541666667
7166,-0.08765649574964783,466.53645833333337
7167,-0.05966461962073554,466.60156250000006
7168,-0.06059866979834729,466.6666666666667
7169,0.013658814235590514,466.73177083333337
7170,0.029952541525830396,466.79687500000006
7171,0.07862689099221871,466.8619791666667
7172,0.07292850139298315,466.92708333333337
7173,0.10130823392819946,466.99218750000006
7174,0.1051651984156326,467.0572916666667
7175,0.19176757835464256,467.12239583333337
7176,0.2173150258384465,467.18750000000006
7177,0.2317021611597071,467.2526041666667
7178,0.22532988902821335,467.31770833333337
7179,0.24947633419940138,467.38281250000006
7180,0.254254001613872,467.4479166666667
7181,0.2554032805753923,467.51302083333337
7182,0.2430752987876909,467.57812500000006
7183,0.30744821008258205,467.6432291666667
7184,0.30398895291718697,467.70833333333337
7185,0.3650993648344666,467.77343750000006
7186,0.41765240502996964,467.8385416666667
7187,0.36038854162678136,467.90364583333337
7188,0.4319987281238024,467.96875000000006
7189,0.5033760843963911,468.0338541666667
7190,0.48858486574328364,468.09895833333337
7191,0.5094747803361488,468.16406250000006
7192,0.5356829032251079,468.2291666666667
7193,0.46096348313434893,468.29427083333337
7194,0.6892521731673764,468.35937500000006
7195,0.6232132315277212,468.4244791666667
7196,0.574719008033001,468.48958333333337
7197,0.6075504104573015,468.55468750000006
7198,0.6064559999022443,468.6197916666667
7199,0.7321707085136335,468.68489583333337
7200,0.6621355783352322,468.75000000000006
7201,0.7232061663747142,468.8151041666667
7202,0.5936581280666248,468.88020833333337
7203,0.6535122359972616,468.94531250000006
7204,0.6776357193772472,469.0104166666667
7205,0.6957570649417001,469.07552083333337
7206,0.7782416151016327,469.14062500000006
7207,0.7163018647467314,469.2057291666667
7208,0.7823381643209482,469.27083333333337
7209,0.8019235105303322,469.33593750000006
7210,0.7865534214414204,469.4010416666667
7211,0.8557732047612638,469.46614583333337
7212,0.8351227705905749,469.53125000000006
7213,0.8715598214086566,469.5963541666667
7214,0.915104399151413,469.66145833333337
7215,0.8510407004740272,469.72656250000006
7216,0.8711367659688901,469.7916666666667
7217,0.935914055881181,469.85677083333337
7218,0.8798269259377722,469.92187500000006
7219,0.8775477333699169,469.9869791666667
7220,0.9607017930073708,470.05208333333337
7221,0.9366997125116124,470.11718750000006
7222,0.9021329797640384,470.1822916666667
7223,0.9542807923643305,470.24739583333337
7224,0.963540846292118,470.31250000000006
7225,0.9633335256797595,470.3776041666667
7226,0.9145196933943655,470.44270833333337
7227,0.9388405370482856,470.50781250000006
7228,0.9739703270649097,470.5729166666667
7229,0.9121557137298063,470.63802083333337
7230,0.934952194199807,470.70312500000006
7231,0.9463435064292776,470.7682291666667
7232,0.9318166598936203,470.83333333333337
7233,0.947906806460521,470.89843750000006
7234,0.9425448356692561,470.9635416666667
7235,0.8903693091520579,471.02864583333337
7236,0.9859743011808976,471.09375000000006
7237,0.8726717267448196,471.1588541666667
7238,0.96569825808256,471.22395833333337
7239,0.9661523710999971,471.28906250000006
7240,0.8777496783707404,471.3541666666667
7241,0.9312960902179565,471.41927083333337
7242,0.9354315836543629,471.48437500000006
7243,0.9586487848687876,471.5494791666667
7244,0.9620961838991351,471.61458333333337
7245,0.835497600016328,471.67968750000006
7246,1.0110855161020247,471.7447916666667
7247,0.8663092780849876,471.80989583333337
7248,0.8985708346043266,471.87500000000006
7249,0.921152926986787,471.9401041666667
7250,0.9137568671320521,472.00520833333337
7251,0.8251348950484929,472.07031250000006
7252,0.8822744725374481,472.1354166666667
7253,0.7760826974673085,472.20052083333337
7254,0.8241886014255412,472.26562500000006
7255,0.7937849526408558,472.3307291666667
7256,0.863793145739807,472.39583333333337
7257,0.7881987032858706,472.46093750000006
7258,0.8296577870354032,472.5260416666667
7259,0.7034689220370524,472.59114583333337
7260,0.800483088120544,472.65625000000006
7261,0.8183514473433658,472.7213541666667
7262,0.6784351319013547,472.78645833333337
7263,0.7326954362621748,472.85156250000006
7264,0.6542654262766233,472.9166666666667
7265,0.7577797841134988,472.98177083333337
7266,0.6805762891899356,473.04687500000006
7267,0.5845640824249286,473.1119791666667
7268,0.663537403381081,473.17708333333337
7269,0.6210476356704108,473.24218750000006
7270,0.6617730693113612,473.3072916666667
7271,0.5656003208659295,473.37239583333337
7272,0.6102803148937477,473.43750000000006
7273,0.4547684975636467,473.5026041666667
7274,0.4228560442221633,473.56770833333337
7275,0.6053290451925906,473.63281250000006
7276,0.5488453865029553,473.6979166666667
7277,0.3781897996862483,473.76302083333337
7278,0.4650525285406382,473.82812500000006
7279,0.4037306667929584,473.8932291666667
7280,0.3570074116350611,473.95833333333337
7281,0.31399721604360264,474.02343750000006
7282,0.25450358665530054,474.0885416666667
7283,0.29458285506432036,474.15364583333337
7284,0.2907524181628087,474.21875000000006
7285,0.21957985486654516,474.2838541666667
7286,0.1979734441170151,474.34895833333337
7287,0.16019967038948701,474.41406250000006
7288,0.15749735761188183,474.4791666666667
7289,0.24884191672027905,474.54427083333337
7290,0.129535012982734,474.60937500000006
7291,0.12026686374837725,474.6744791666667
7292,0.14621677519805287,474.73958333333337
7293,0.010838042615689342,474.80468750000006
7294,0.026744285686173076,474.8697916666667
7295,-0.04573431802108023,474.93489583333337
7296,-0.046938457350669274,475.00000000000006
7297,-0.20212749783365097,475.0651041666667
7298,-0.07931971268699789,475.13020833333337
7299,-0.03977013252479376,475.19531250000006
7300,-0.1307925621438701,475.2604166666667
7301,-0.1691172954597126,475.32552083333337
7302,-0.11778418835375665,475.39062500000006
7303,-0.1799677956732258,475.4557291666667
7304,-0.24308510835161273,475.52083333333337
7305,-0.23854646903965748,475.58593750000006
7306,-0.37244669692749033,475.6510416666667
7307,-0.2744883274679909,475.71614583333337
7308,-0.35082949464495705,475.78125000000006
7309,-0.3304756534639528,475.8463541666667
7310,-0.42953726578209106,475.91145833333337
7311,-0.2771968987001949,475.97656250000006
7312,-0.4402701068339166,476.0416666666667
7313,-0.4821708892912417,476.10677083333337
7314,-0.41362829473975976,476.17187500000006
7315,-0.5275509060815783,476.2369791666667
7316,-0.5295303208168045,476.30208333333337
7317,-0.5979968932099459,476.36718750000006
7318,-0.5323452009076736,476.4322916666667
7319,-0.5596979182935404,476.49739583333337
7320,-0.5680497698179485,476.56250000000006
7321,-0.6613899383262156,476.6276041666667
7322,-0.597162143046838,476.69270833333337
7323,-0.6555341584734322,476.75781250000006
7324,-0.7577570230165368,476.8229166666667
7325,-0.6133007588903945,476.88802083333337
7326,-0.749316181311559,476.95312500000006
7327,-0.7184031918584969,477.0182291666667
7328,-0.657811665133459,477.08333333333337
7329,-0.7015576044977817,477.14843750000006
7330,-0.7929842156639242,477.2135416666667
7331,-0.7872216413877281,477.27864583333337
7332,-0.8307270865394493,477.34375000000006
7333,-0.7937360201222275,477.4088541666667
7334,-0.8726213615676547,477.47395833333337
7335,-0.8536098892453061,477.53906250000006
7336,-0.9032078538080789,477.6041666666667
7337,-0.879940298459676,477.66927083333337
7338,-0.7277081006536275,477.73437500000006
7339,-0.8520535817770905,477.7994791666667
7340,-0.8793064610046452,477.86458333333337
7341,-0.9592323277685536,477.92968750000006
7342,-0.914066385754823,477.9947916666667
7343,-1.0307401172289874,478.05989583333337
7344,-0.9541190744001836,478.12500000000006
7345,-0.8957842315202176,478.1901041666667
7346,-0.9086697793290582,478.25520833333337
7347,-1.0618475705257582,478.32031250000006
7348,-0.9786063270085075,478.3854166666667
7349,-1.0299496819018048,478.45052083333337
7350,-1.0305914393693811,478.51562500000006
7351,-1.0585536470040686,478.5807291666667
7352,-0.9970325232063657,478.64583333333337
7353,-1.044266651437906,478.71093750000006
7354,-1.1571993617209617,478.7760416666667
7355,-1.0213347426619896,478.84114583333337
7356,-0.9896755160342144,478.90625000000006
7357,-1.130981910295509,478.9713541666667
7358,-1.1110467624543672,479.03645833333337
7359,-1.111898161955747,479.10156250000006
7360,-1.0954491601205794,479.1666666666667
7361,-1.0867845903233222,479.23177083333337
7362,-1.0797109370887887,479.29687500000006
7363,-1.1767968972863299,479.3619791666667
7364,-1.0707214916757724,479.42708333333337
7365,-1.0749177390005733,479.49218750000006
7366,-1.0252370166462463,479.5572916666667
7367,-1.0945191179567606,479.62239583333337
7368,-0.975653998533971,479.68750000000006
7369,-1.0249143679118617,479.7526041666667
7370,-1.0740172891616921,479.81770833333337
7371,-1.0806292668846775,479.88281250000006
7372,-1.056208866966805,479.9479166666667
7373,-1.0739743870154208,480.01302083333337
7374,-1.005454507220811,480.07812500000006
7375,-0.9585508217284114,480.1432291666667
7376,-0.9123300663805669,480.20833333333337
7377,-0.9752486078754519,480.27343750000006
7378,-0.9316030097990102,480.3385416666667
7379,-0.9651536374788656,480.40364583333337
7380,-0.9330681688400951,480.46875000000006
7381,-1.0601281529145798,480.5338541666667
7382,-0.9917128451069753,480.59895833333337
7383,-0.9825160113043077,480.66406250000006
7384,-0.8299973594930365,480.7291666666667
7385,-0.8726210383486878,480.79427083333337
7386,-0.9022104938619122,480.85937500000006
7387,-0.8032775038097023,480.9244791666667
7388,-0.8019965876882481,480.98958333333337
7389,-0.8049307947893409,481.05468750000006
7390,-0.7212807200790422,481.1197916666667
7391,-0.5886815030730461,481.18489583333337
7392,-0.8001076449342984,481.25000000000006
7393,-0.9077727801756913,481.3151041666667
7394,-0.7004467295700395,481.38020833333337
7395,-0.6773316251592562,481.44531250000006
7396,-0.744787162392805,481.5104166666667
7397,-0.6974592767088471,481.57552083333337
7398,-0.6154146785328388,481.64062500000006
7399,-0.6670315475518659,481.7057291666667
7400,-0.5807363997155273,481.77083333333337
7401,-0.6356010365424714,481.83593750000006
7402,-0.4894433112878561,481.9010416666667
7403,-0.49781507143289716,481.96614583333337
7404,-0.6196674332301703,482.03125000000006
7405,-0.45719949701361684,482.0963541666667
7406,-0.5089009635775108,482.16145833333337
7407,-0.4626069027168152,482.22656250000006
7408,-0.4303334142654229,482.2916666666667
7409,-0.3501865058097626,482.35677083333337
7410,-0.33758126789321363,482.42187500000006
7411,-0.31150418516387623,482.4869791666667
7412,-0.23915787519127282,482.55208333333337
7413,-0.3074120808465918,482.61718750000006
7414,-0.35491600301501,482.6822916666667
7415,-0.22938779091356704,482.74739583333337
7416,-0.16431560193417336,482.81250000000006
7417,-0.10956598890767898,482.8776041666667
7418,-0.09654310098850133,482.94270833333337
7419,-0.20344784107580163,483.00781250000006
7420,4.844336627072008e-05,483.0729166666667
7421,0.005258966835032142,483.13802083333337
7422,0.026017567798067624,483.20312500000006
7423,-0.04559046682140679,483.2682291666667
7424,-0.07259894348367998,483.33333333333337
7425,-0.0438493645746533,483.39843750000006
7426,0.0313817314161437,483.4635416666667
7427,0.16319038880163605,483.52864583333337
7428,0.12935914635466456,483.59375000000006
7429,0.12170007350892187,483.6588541666667
7430,0.18385478780795186,483.72395833333337
7431,0.14750091952723676,483.78906250000006
7432,0.24697795075482498,483.8541666666667
7433,0.1736207859537463,483.91927083333337
7434,0.2942343554501182,483.98437500000006
7435,0.2583992649345575,484.0494791666667
7436,0.242300951456963,484.11458333333337
7437,0.34166188498113076,484.17968750000006
7438,0.38864639240881566,484.2447916666667
7439,0.42963651758280974,484.30989583333337
7440,0.3931729774917276,484.37500000000006
7441,0.45200533226790857,484.4401041666667
7442,0.3952695664415744,484.50520833333337
7443,0.5846638835037123,484.57031250000006
7444,0.507709928421511,484.6354166666667
7445,0.5562136485590031,484.70052083333337
7446,0.5905917623093034,484.76562500000006
7447,0.6185341023974982,484.8307291666667
7448,0.5355946564051256,484.89583333333337
7449,0.6411738048301401,484.96093750000006
7450,0.5937098111105679,485.0260416666667
7451,0.6681213447642288,485.09114583333337
7452,0.6536598619378494,485.15625000000006
7453,0.7390573306237085,485.2213541666667
7454,0.7352337379228558,485.28645833333337
7455,0.7494012438782158,485.35156250000006
7456,0.8391547736695716,485.4166666666667
7457,0.7953466456310881,485.48177083333337
7458,0.8150585952115911,485.54687500000006
7459,0.8551994601054016,485.6119791666667
7460,0.8198593337315329,485.67708333333337
7461,0.9325930577225914,485.74218750000006
7462,0.9224539420709067,485.8072916666667
7463,0.8388638453341818,485.87239583333337
7464,0.9042498283955698,485.93750000000006
7465,0.9248699659826104,486.0026041666667
7466,0.9690466112107946,486.06770833333337
7467,0.9237888896740605,486.13281250000006
7468,0.9403680662834449,486.1979166666667
7469,1.0295713178626849,486.26302083333337
7470,1.1061704233710694,486.32812500000006
7471,0.9802037536098771,486.3932291666667
7472,1.0219765607891333,486.45833333333337
7473,1.0285133567695173,486.52343750000006
7474,1.1201654714333567,486.5885416666667
7475,0.9574585567101731,486.65364583333337
7476,1.1050401377136014,486.71875000000006
7477,1.1420733031804975,486.7838541666667
7478,1.0870118741353638,486.84895833333337
7479,1.0564631571577705,486.91406250000006
7480,1.2094780364548037,486.9791666666667
7481,1.1548142172771334,487.04427083333337
7482,1.0906226264981662,487.10937500000006
7483,1.0646932640162803,487.1744791666667
7484,1.112574789404095,487.23958333333337
7485,1.1420956400913742,487.30468750000006
7486,1.1071107538581642,487.3697916666667
7487,1.058551251858953,487.43489583333337
7488,1.123596610357812,487.50000000000006
7489,1.0996132221103874,487.5651041666667
7490,1.1141006165779732,487.63020833333337
7491,1.0616490874343512,487.69531250000006
7492,1.1468556241799608,487.7604166666667
7493,1.0638604718809146,487.82552083333337
7494,1.1681214558170525,487.89062500000006
7495,1.133447435452436,487.9557291666667
7496,1.1176007441898879,488.02083333333337
7497,1.1553506742971447,488.08593750000006
7498,1.0568740947655815,488.1510416666667
7499,1.0260329867134244,488.21614583333337
7500,1.1313073242663954,488.28125000000006
7501,1.1152324640530327,488.3463541666667
7502,1.1327805959618678,488.41145833333337
7503,1.0049182221755377,488.47656250000006
7504,1.0299012015693947,488.5416666666667
7505,0.949506091197548,488.60677083333337
7506,0.9287135403587563,488.67187500000006
7507,1.0468467501331442,488.7369791666667
7508,0.9873876953758098,488.80208333333337
7509,1.0049218960655144,488.86718750000006
7510,0.9570999104431559,488.9322916666667
7511,0.8822553720915989,488.99739583333337
7512,0.9281319147239071,489.06250000000006
7513,0.9137073636699937,489.1276041666667
7514,0.8340567574526011,489.19270833333337
7515,1.0124047649640324,489.25781250000006
7516,0.8168217291535873,489.3229166666667
7517,0.7225464625846394,489.38802083333337
7518,0.8533717023475971,489.45312500000006
7519,0.7998789860191872,489.5182291666667
7520,0.7994439207000519,489.58333333333337
7521,0.7527512864966127,489.64843750000006
7522,0.7898343544358615,489.7135416666667
7523,0.8170373097724011,489.77864583333337
7524,0.7242413787777993,489.84375000000006
7525,0.6995843961009716,489.9088541666667
7526,0.7545185829226285,489.97395833333337
7527,0.6587794818693917,490.03906250000006
7528,0.48509487624135056,490.1041666666667
7529,0.6729769007630122,490.16927083333337
7530,0.5635773117440829,490.23437500000006
7531,0.5160205142178855,490.2994791666667
7532,0.4591065205332559,490.36458333333337
7533,0.556175297775885,490.42968750000006
7534,0.40953255733227517,490.4947916666667
7535,0.503441939524326,490.55989583333337
7536,0.3988039413140943,490.62500000000006
7537,0.4487670468985307,490.6901041666667
7538,0.3581723462799992,490.75520833333337
7539,0.32631640329363765,490.82031250000006
7540,0.4499293029576825,490.8854166666667
7541,0.32409194180340745,490.95052083333337
7542,0.3582352578322092,491.01562500000006
7543,0.16665144628669726,491.0807291666667
7544,0.25759862465765626,491.14583333333337
7545,0.27716877184482286,491.21093750000006
7546,0.27209779716658306,491.2760416666667
7547,0.1390954476571047,491.34114583333337
7548,0.05304452447063684,491.40625000000006
7549,0.013091330028095956,491.4713541666667
7550,-0.012896073437606348,491.53645833333337
7551,0.031625882831125454,491.60156250000006
7552,-0.005677289019454658,491.6666666666667
7553,-0.0007101404408337,491.73177083333337
7554,-0.038470380167358924,491.79687500000006
7555,-0.0375322074286793,491.8619791666667
7556,-0.12549457666116537,491.92708333333337
7557,-0.11273248857796724,491.99218750000006
7558,-0.07720784354390932,492.0572916666667
7559,-0.15485663443974998,492.12239583333337
7560,-0.19009007358497285,492.18750000000006
7561,-0.2532076137496581,492.2526041666667
7562,-0.23630523485806781,492.31770833333337
7563,-0.28076332929102393,492.38281250000006
7564,-0.3268296946657609,492.4479166666667
7565,-0.4405171315247418,492.51302083333337
7566,-0.3950168831212891,492.57812500000006
7567,-0.4635923535045127,492.6432291666667
7568,-0.40798832204150604,492.70833333333337
7569,-0.5519335561334895,492.77343750000006
7570,-0.5324122530026335,492.8385416666667
7571,-0.643857899103931,492.90364583333337
7572,-0.6169733026559547,492.96875000000006
7573,-0.4767528046758018,493.0338541666667
7574,-0.5985615790431584,493.09895833333337
7575,-0.6023647253683296,493.16406250000006
7576,-0.629852021877729,493.2291666666667
7577,-0.7017828590710437,493.29427083333337
7578,-0.6639019673451362,493.35937500000006
7579,-0.6884973462069047,493.4244791666667
7580,-0.7818893606517243,493.48958333333337
7581,-0.8720336165155184,493.55468750000006
7582,-0.8339517836619744,493.6197916666667
7583,-0.751084900811861,493.68489583333337
7584,-0.7523924977462362,493.75000000000006
7585,-0.7938401989274682,493.8151041666667
7586,-0.9280832024096836,493.88020833333337
7587,-0.8465826575227193,493.94531250000006
7588,-0.806728500207222,494.0104166666667
7589,-0.9527950159123232,494.07552083333337
7590,-0.8906138302243172,494.14062500000006
7591,-0.8297679628761495,494.2057291666667
7592,-0.9010321312416728,494.27083333333337
7593,-0.9186408019224699,494.33593750000006
7594,-0.9794716246691232,494.4010416666667
7595,-0.9009062662796504,494.46614583333337
7596,-1.0506728025291325,494.53125000000006
7597,-0.9481393388580985,494.5963541666667
7598,-1.106170297390612,494.66145833333337
7599,-1.0128260891177525,494.72656250000006
7600,-0.9837616889525883,494.7916666666667
7601,-1.1834087104818078,494.85677083333337
7602,-1.120540337064181,494.92187500000006
7603,-1.0290547580658331,494.9869791666667
7604,-1.1121681642289774,495.05208333333337
7605,-1.1702486989783898,495.11718750000006
7606,-1.0946337123804977,495.1822916666667
7607,-1.136751300567591,495.24739583333337
7608,-1.0937698068209498,495.31250000000006
7609,-1.1080643819506497,495.3776041666667
7610,-1.1546428236175774,495.44270833333337
7611,-1.1631002102624728,495.50781250000006
7612,-1.1041312074901835,495.5729166666667
7613,-1.132927401185302,495.63802083333337
7614,-1.1324960776630406,495.70312500000006
7615,-1.1558568635959507,495.7682291666667
7616,-1.169981086441046,495.83333333333337
7617,-1.3148003806108919,495.89843750000006
7618,-1.2275936058022414,495.9635416666667
7619,-1.1226275629993023,496.02864583333337
7620,-1.18197606586689,496.09375000000006
7621,-1.1576639875790495,496.1588541666667
7622,-1.0762071498284134,496.22395833333337
7623,-1.086559919855671,496.28906250000006
7624,-1.0141652046868044,496.3541666666667
7625,-1.1338242982468052,496.41927083333337
7626,-1.1717317723329355,496.48437500000006
7627,-1.0317923130554814,496.5494791666667
7628,-1.0861482813631917,496.61458333333337
7629,-1.1275103607349328,496.67968750000006
7630,-1.1579482864219517,496.7447916666667
7631,-1.1060803362040525,496.80989583333337
7632,-1.1656330630279341,496.87500000000006
7633,-0.995309567907091,496.9401041666667
7634,-0.964930869794214,497.00520833333337
7635,-1.033757949254748,497.07031250000006
7636,-1.0252618950442887,497.1354166666667
7637,-0.9935802056496321,497.20052083333337
7638,-0.8856601199547021,497.26562500000006
7639,-1.0632829338628047,497.3307291666667
7640,-0.9266927679491425,497.39583333333337
7641,-0.8274433745572806,497.46093750000006
7642,-0.9167645220829836,497.5260416666667
7643,-0.939713558813857,497.59114583333337
7644,-0.8694451240847996,497.65625000000006
7645,-0.9441006749611232,497.7213541666667
7646,-0.8536044611786032,497.78645833333337
7647,-0.8191483558152252,497.85156250000006
7648,-0.7972223854326326,497.9166666666667
7649,-0.8641934533928746,497.98177083333337
7650,-0.7247064647417593,498.04687500000006
7651,-0.6742823856873644,498.1119791666667
7652,-0.7180201535358959,498.17708333333337
7653,-0.7055542725262206,498.24218750000006
7654,-0.6650420845934836,498.3072916666667
7655,-0.6328467620774891,498.37239583333337
7656,-0.7183987499872234,498.43750000000006
7657,-0.6693027974371614,498.5026041666667
7658,-0.6364442747092858,498.56770833333337
7659,-0.5241975797345755,498.63281250000006
7660,-0.507132661798269,498.6979166666667
7661,-0.458046159250549,498.76302083333337
7662,-0.5443963976557764,498.82812500000006
7663,-0.5345731271247477,498.8932291666667
7664,-0.374396301772412,498.95833333333337
7665,-0.43060052086769784,499.02343750000006
7666,-0.37571966420083625,499.0885416666667
7667,-0.38978916940370806,499.15364583333337
7668,-0.3278393394077364,499.21875000000006
7669,-0.3195814329946608,499.2838541666667
7670,-0.2676888443086148,499.34895833333337
7671,-0.18008628308211772,499.41406250000006
7672,-0.2297787168802937,499.4791666666667
7673,-0.2019538206838258,499.54427083333337
7674,-0.06205876376196588,499.60937500000006
7675,-0.045873468027317524,499.6744791666667
7676,-0.16488999861877512,499.73958333333337
7677,-0.08703303797423835,499.80468750000006
7678,0.036324128564106106,499.8697916666667
7679,-0.05708072350750339,499.93489583333337
7680,0.10228847542920541,500.00000000000006
7681,0.04773029877996553,500.0651041666667
7682,0.057086400951340266,500.13020833333337
7683,0.04352704526917538,500.19531250000006
7684,0.004925529899149261,500.2604166666667
7685,0.13644248144940765,500.32552083333337
7686,0.2456843504883141,500.39062500000006
7687,0.2942099232859872,500.4557291666667
7688,0.1326689872837583,500.52083333333337
7689,0.2397022661973111,500.58593750000006
7690,0.30562505813190816,500.6510416666667
7691,0.27183118222655595,500.71614583333337
7692,0.25236787153331575,500.78125000000006
7693,0.40244838432381763,500.8463541666667
7694,0.3153859742882372,500.91145833333337
7695,0.4876076122692216,500.97656250000006
7696,0.41706558832072493,501.0416666666667
7697,0.44594695256563893,501.10677083333337
7698,0.4045806686353358,501.17187500000006
7699,0.5118161421730291,501.2369791666667
7700,0.42839542356520016,501.30208333333337
7701,0.594087999530063,501.36718750000006
7702,0.5186460352187252,501.4322916666667
7703,0.48144576193708777,501.49739583333337
7704,0.7138499565357854,501.56250000000006
7705,0.6374543599080155,501.6276041666667
7706,0.7036449236476136,501.69270833333337
7707,0.6673477720690698,501.75781250000006
7708,0.7023875538179123,501.8229166666667
7709,0.7860642257182578,501.88802083333337
7710,0.8388406107896922,501.95312500000006
7711,0.813391977604335,502.0182291666667
7712,0.8276124391255736,502.08333333333337
7713,0.8686100681732334,502.14843750000006
7714,0.8341436806690694,502.2135416666667
7715,0.8490143028173082,502.27864583333337
7716,0.859562264211677,502.34375000000006
7717,0.8465806769130477,502.4088541666667
7718,0.8952304818553756,502.47395833333337
7719,0.941887316036001,502.53906250000006
7720,0.9187730639679352,502.6041666666667
7721,0.923125549024434,502.66927083333337
7722,1.0147316427152044,502.73437500000006
7723,1.0007324641498467,502.7994791666667
7724,0.9873829097189163,502.86458333333337
7725,1.122524424936038,502.92968750000006
7726,1.006446771799187,502.9947916666667
7727,1.077093457024998,503.05989583333337
7728,0.9211721003300819,503.12500000000006
7729,1.0464655692040934,503.1901041666667
7730,1.1733196550664513,503.25520833333337
7731,1.020396420500034,503.32031250000006
7732,1.127073774415727,503.3854166666667
7733,1.0675348716985533,503.45052083333337
7734,1.196677362720138,503.51562500000006
7735,1.0071864351789328,503.5807291666667
7736,1.0485196991999262,503.64583333333337
7737,1.0992001595277878,503.71093750000006
7738,1.0220549057493133,503.7760416666667
7739,1.1132958389817313,503.84114583333337
7740,1.0553900802679133,503.90625000000006
7741,1.1333840625964284,503.9713541666667
7742,1.0625587848611011,504.03645833333337
7743,1.0908387594613145,504.10156250000006
7744,1.1368551523968011,504.1666666666667
7745,1.1249233446301992,504.23177083333337
7746,0.9928553948322775,504.29687500000006
7747,1.0859261952384478,504.3619791666667
7748,1.2349114303541768,504.42708333333337
7749,1.0669430248013771,504.49218750000006
7750,1.0753120010758324,504.5572916666667
7751,1.0502969119463075,504.62239583333337
7752,1.095158232720848,504.68750000000006
7753,1.1386689732390771,504.7526041666667
7754,1.1439862934884397,504.81770833333337
7755,1.0863075834369227,504.88281250000006
7756,1.0254028086022444,504.9479166666667
7757,0.9753635043041063,505.01302083333337
7758,1.0345831516925685,505.07812500000006
7759,1.0871833259765449,505.1432291666667
7760,0.9710564451256591,505.20833333333337
7761,1.0502869349195068,505.27343750000006
7762,0.9454761242276282,505.3385416666667
7763,0.9677473330365899,505.40364583333337
7764,0.9525180467850212,505.46875000000006
7765,0.8773364395457601,505.5338541666667
7766,0.8376603655250376,505.59895833333337
7767,0.9358309367800011,505.66406250000006
7768,0.904890635565327,505.7291666666667
7769,0.9084213770696945,505.79427083333337
7770,0.840195276244176,505.85937500000006
7771,0.8947401905652796,505.9244791666667
7772,0.8839028202459214,505.98958333333337
7773,0.873260114158923,506.05468750000006
7774,0.8008990491256543,506.1197916666667
7775,0.7271751781287861,506.18489583333337
7776,0.7894323019189692,506.25000000000006
7777,0.7632015187192516,506.3151041666667
7778,0.654885066352926,506.38020833333337
7779,0.7553466118652403,506.44531250000006
7780,0.7240289310318224,506.5104166666667
7781,0.6419032807095507,506.57552083333337
7782,0.7041649311353925,506.64062500000006
7783,0.6536819395869998,506.7057291666667
7784,0.4962110401359178,506.77083333333337
7785,0.5442293788915459,506.83593750000006
7786,0.6158393831919321,506.9010416666667
7787,0.49046017598170166,506.96614583333337
7788,0.5737184119545855,507.03125000000006
7789,0.5701011997021938,507.0963541666667
7790,0.3661414921656128,507.16145833333337
7791,0.5029202465770711,507.22656250000006
7792,0.3626039899328802,507.2916666666667
7793,0.3448910909878107,507.35677083333337
7794,0.4200554224018248,507.42187500000006
7795,0.26065554278743003,507.4869791666667
7796,0.2664141090276808,507.55208333333337
7797,0.33667930818627234,507.61718750000006
7798,0.31296162508133446,507.6822916666667
7799,0.2256763975526052,507.74739583333337
7800,0.23445734469906537,507.81250000000006
7801,0.18130668524957866,507.8776041666667
7802,0.16995512277072114,507.94270833333337
7803,0.12249778903657864,508.00781250000006
7804,0.04216355592916628,508.0729166666667
7805,0.1409049325806024,508.13802083333337
7806,-0.030244116574490252,508.20312500000006
7807,0.028931308275349538,508.2682291666667
7808,-0.03388069202117794,508.33333333333337
7809,-0.08158203179360878,508.39843750000006
7810,-0.056772000621997776,508.4635416666667
7811,-0.03943286839646704,508.52864583333337
7812,-0.14235111077578042,508.59375000000006
7813,-0.11965847905151193,508.6588541666667
7814,-0.1914684875324322,508.72395833333337
7815,-0.22974588259238582,508.78906250000006
7816,-0.12773022773379758,508.8541666666667
7817,-0.2246660209404015,508.91927083333337
7818,-0.2747705620780408,508.98437500000006
7819,-0.3025382216023392,509.0494791666667
7820,-0.37520397367494196,509.11458333333337
7821,-0.3031847149694111,509.17968750000006
7822,-0.4007953689303719,509.2447916666667
7823,-0.33278610391511126,509.30989583333337
7824,-0.41540627781169576,509.37500000000006
7825,-0.4315148186000825,509.4401041666667
7826,-0.47031511011398963,509.50520833333337
7827,-0.5019243887141612,509.57031250000006
7828,-0.48390477607388915,509.6354166666667
7829,-0.5451679017937735,509.70052083333337
7830,-0.6169925477800762,509.76562500000006
7831,-0.5415461368964894,509.8307291666667
7832,-0.5407083041938515,509.89583333333337
7833,-0.605839036193673,509.96093750000006
7834,-0.6489148547848036,510.0260416666667
7835,-0.727082292597282,510.09114583333337
7836,-0.7510215542554612,510.15625000000006
7837,-0.6348110753622952,510.2213541666667
7838,-0.6554929793952202,510.28645833333337
7839,-0.7746331959615734,510.35156250000006
7840,-0.807732431812145,510.4166666666667
7841,-0.6862390763763374,510.48177083333337
7842,-0.7636832904779401,510.54687500000006
7843,-0.6921838825621014,510.6119791666667
7844,-0.8571019742201186,510.67708333333337
7845,-0.7705115447662886,510.74218750000006
7846,-0.797751430131124,510.8072916666667
7847,-0.8644046123802853,510.87239583333337
7848,-0.8693513410833906,510.93750000000006
7849,-0.8940918082328617,511.0026041666667
7850,-0.8146888426878279,511.06770833333337
7851,-0.9004795540772239,511.13281250000006
7852,-0.8434375105363224,511.1979166666667
7853,-0.9500735602477005,511.26302083333337
7854,-0.9003129122746379,511.32812500000006
7855,-0.9260442028462872,511.3932291666667
7856,-1.0004491119061771,511.45833333333337
7857,-0.9926551194859423,511.52343750000006
7858,-0.8800371405509968,511.5885416666667
7859,-0.9613314230645817,511.65364583333337
7860,-0.9906738178688806,511.71875000000006
7861,-1.0383507293666043,511.7838541666667
7862,-0.9687899796583904,511.84895833333337
7863,-1.0054222795833652,511.91406250000006
7864,-1.0366787919074167,511.9791666666667
7865,-1.0184016444663586,512.0442708333334
7866,-0.9352522610884634,512.109375
7867,-0.9852960148090157,512.1744791666667
7868,-1.048754698980121,512.2395833333334
7869,-1.001733667761955,512.3046875
7870,-1.0101236554589144,512.3697916666667
7871,-1.0281862633150767,512.4348958333334
7872,-1.0199819988568708,512.5
7873,-1.022771052807644,512.5651041666667
7874,-1.0536031351951056,512.6302083333334
7875,-1.0620276607506378,512.6953125
7876,-0.9709491216486619,512.7604166666667
7877,-0.8926857214569329,512.8255208333334
7878,-0.9198891906743423,512.890625
7879,-1.0120827628911027,512.9557291666667
7880,-0.9718078461971735,513.0208333333334
7881,-0.9673999748179037,513.0859375
7882,-0.8824284270940538,513.1510416666667
7883,-0.9328730389592399,513.2161458333334
7884,-0.9715106188440285,513.28125
7885,-0.9336905533130089,513.3463541666667
7886,-0.9277599665915325,513.4114583333334
7887,-0.8821961213708885,513.4765625
7888,-0.8811655857643486,513.5416666666667
7889,-0.8824882818933937,513.6067708333334
7890,-0.8589788020325168,513.671875
7891,-0.8279777490593796,513.7369791666667
7892,-0.8870476299000832,513.8020833333334
7893,-0.9110039900996644,513.8671875
7894,-0.8449066286564081,513.9322916666667
7895,-0.8470936240354918,513.9973958333334
7896,-0.7316353312860172,514.0625
7897,-0.8632504229223554,514.1276041666667
7898,-0.785412102387029,514.1927083333334
7899,-0.7735541112520533,514.2578125
7900,-0.7501605913111212,514.3229166666667
7901,-0.7441659785724902,514.3880208333334
7902,-0.7548421800685974,514.453125
7903,-0.7082295895740823,514.5182291666667
7904,-0.7809400251227774,514.5833333333334
7905,-0.7016327462824365,514.6484375
7906,-0.6764230459550945,514.7135416666667
7907,-0.6151793982621986,514.7786458333334
7908,-0.6073399289846079,514.84375
7909,-0.5028835843474474,514.9088541666667
7910,-0.552020698130545,514.9739583333334
7911,-0.6140299323465992,515.0390625
7912,-0.5485601479797191,515.1041666666667
7913,-0.478826344606375,515.1692708333334
7914,-0.5165447574193326,515.234375
7915,-0.4160912250983387,515.2994791666667
7916,-0.5251087645369578,515.3645833333334
7917,-0.5107124387311099,515.4296875
7918,-0.45672329151673524,515.4947916666667
7919,-0.4960119855033957,515.5598958333334
7920,-0.3104362150828528,515.625
7921,-0.3113423278110286,515.6901041666667
7922,-0.3334609109509022,515.7552083333334
7923,-0.30413883698414257,515.8203125
7924,-0.3857456400816475,515.8854166666667
7925,-0.26923917446779494,515.9505208333334
7926,-0.24308796829179014,516.015625
7927,-0.19379138442892635,516.0807291666667
7928,-0.1631840867428126,516.1458333333334
7929,-0.24652937381244297,516.2109375
7930,-0.1552855555211669,516.2760416666667
7931,-0.09846090227135927,516.3411458333334
7932,-0.12134077039308938,516.40625
7933,-0.12122181732441827,516.4713541666667
7934,-0.07378969506170477,516.5364583333334
7935,-0.03010120870805907,516.6015625
7936,-0.007597937780327689,516.6666666666667
7937,0.0359885489340319,516.7317708333334
7938,0.011971736806540392,516.796875
7939,0.032122455884153724,516.8619791666667
7940,0.12599493760350727,516.9270833333334
7941,0.06808226319556743,516.9921875
7942,0.15952753320189994,517.0572916666667
7943,0.08616109423450262,517.1223958333334
7944,0.10597622823585338,517.1875
7945,0.06134303569908233,517.2526041666667
7946,0.221879219201634,517.3177083333334
7947,0.30807312173863066,517.3828125
7948,0.35125850352400806,517.4479166666667
7949,0.2870576535891281,517.5130208333334
7950,0.33931713279023434,517.578125
7951,0.39363386118060245,517.6432291666667
7952,0.4140017422238615,517.7083333333334
7953,0.4064375916637947,517.7734375
7954,0.44494351240975766,517.8385416666667
7955,0.34505466666783835,517.9036458333334
7956,0.40671444951080815,517.96875
7957,0.52557939466237,518.0338541666667
7958,0.5620913842227335,518.0989583333334
7959,0.4106037458889618,518.1640625
7960,0.5973233948855322,518.2291666666667
7961,0.5035073819730296,518.2942708333334
7962,0.60838582802635,518.359375
7963,0.6032165918796757,518.4244791666667
7964,0.6118591182995524,518.4895833333334
7965,0.6493953482478639,518.5546875
7966,0.5571845960137041,518.6197916666667
7967,0.6704087295750375,518.6848958333334
7968,0.7217022368429297,518.75
7969,0.6840502312761512,518.8151041666667
7970,0.7369331436663101,518.8802083333334
7971,0.6161565592502388,518.9453125
7972,0.8106593782208202,519.0104166666667
7973,0.7836583621715174,519.0755208333334
7974,0.8306136446654009,519.140625
7975,0.8653394690455126,519.2057291666667
7976,0.6749722886586406,519.2708333333334
7977,0.8701214623439661,519.3359375
7978,0.8117362914876884,519.4010416666667
7979,0.889786626795743,519.4661458333334
7980,0.8054775474058585,519.53125
7981,0.8577525302165039,519.5963541666667
7982,0.8233348871937914,519.6614583333334
7983,0.841610437654183,519.7265625
7984,0.8479738407235108,519.7916666666667
7985,0.7906819839124021,519.8567708333334
7986,0.7926558826687852,519.921875
7987,0.8516298312343286,519.9869791666667
7988,0.7727374753264948,520.0520833333334
7989,0.8741780660987579,520.1171875
7990,0.8670077688731758,520.1822916666667
7991,0.921468637434284,520.2473958333334
7992,0.950401355329891,520.3125
7993,0.9648938131742166,520.3776041666667
7994,0.9484879229717957,520.4427083333334
7995,0.9786790684829987,520.5078125
7996,0.992422938664369,520.5729166666667
7997,0.8957652650699264,520.6380208333334
7998,0.8728487676529124,520.703125
7999,0.9038453975142539,520.7682291666667
8000,1.0202209125496713,520.8333333333334
8001,0.9522632473830134,520.8984375
8002,0.9218723816101962,520.9635416666667
8003,0.8685318710628728,521.0286458333334
8004,0.9446903102781546,521.09375
8005,0.8829544399306479,521.1588541666667
8006,0.9185247130560524,521.2239583333334
8007,0.9001801980687775,521.2890625
8008,0.9099116319104951,521.3541666666667
8009,0.9048649600261798,521.4192708333334
8010,0.9401861448111608,521.484375
8011,0.9120903491005089,521.5494791666667
8012,0.9253997312730956,521.6145833333334
8013,0.8446507882065895,521.6796875
8014,0.7720336403033662,521.7447916666667
8015,0.853898014534474,521.8098958333334
8016,0.8547770134283058,521.875
8017,0.8169172646479893,521.9401041666667
8018,0.7676886716848023,522.0052083333334
8019,0.8362619636502627,522.0703125
8020,0.802131696675322,522.1354166666667
8021,0.737273759843807,522.2005208333334
8022,0.6895257063417171,522.265625
8023,0.8031475372501711,522.3307291666667
8024,0.7060793937226839,522.3958333333334
8025,0.7779914542424342,522.4609375
8026,0.6562355899265676,522.5260416666667
8027,0.7611869008081711,522.5911458333334
8028,0.7345472302262896,522.65625
8029,0.7048876217512955,522.7213541666667
8030,0.7144452814238645,522.7864583333334
8031,0.6832466098134194,522.8515625
8032,0.6546446488119997,522.9166666666667
8033,0.6212728609507756,522.9817708333334
8034,0.5377193758600766,523.046875
8035,0.5815442374030325,523.1119791666667
8036,0.5387013844989998,523.1770833333334
8037,0.6159592519080187,523.2421875
8038,0.5388270237643438,523.3072916666667
8039,0.6017552737322261,523.3723958333334
8040,0.4206278758155975,523.4375
8041,0.5217628783267152,523.5026041666667
8042,0.4470946026387904,523.5677083333334
8043,0.48939506888516693,523.6328125
8044,0.48622954098496723,523.6979166666667
8045,0.39401732229648206,523.7630208333334
8046,0.39817569433593886,523.828125
8047,0.39274423394879193,523.8932291666667
8048,0.2616526260551812,523.9583333333334
8049,0.27479425063284313,524.0234375
8050,0.30047871361871625,524.0885416666667
8051,0.3159365218170377,524.1536458333334
8052,0.2678191944022167,524.21875
8053,0.3798913281856248,524.2838541666667
8054,0.2859010081212583,524.3489583333334
8055,0.23498177981776766,524.4140625
8056,0.1656541810733918,524.4791666666667
8057,0.08930802729392766,524.5442708333334
8058,0.046808892566350055,524.609375
8059,0.07766264645052312,524.6744791666667
8060,0.1066289059804554,524.7395833333334
8061,0.054247655832550104,524.8046875
8062,0.0026122906819876757,524.8697916666667
8063,0.08151107690236671,524.9348958333334
8064,-0.0019778743009640307,525.0
8065,-0.004583862169986044,525.0651041666667
8066,-0.08610458430666193,525.1302083333334
8067,-0.006673189202673477,525.1953125
8068,-0.12225867521478921,525.2604166666667
8069,-0.0715702449804344,525.3255208333334
8070,-0.15535102324647368,525.390625
8071,-0.17562405040237003,525.4557291666667
8072,-0.16397820077488975,525.5208333333334
8073,-0.276725633468617,525.5859375
8074,-0.1821489882979003,525.6510416666667
8075,-0.31792393089206045,525.7161458333334
8076,-0.2042126858116994,525.78125
8077,-0.28863928436392733,525.8463541666667
8078,-0.2785308571481858,525.9114583333334
8079,-0.39864243667344534,525.9765625
8080,-0.338725398515911,526.0416666666667
8081,-0.4000652983801988,526.1067708333334
8082,-0.3793690662337904,526.171875
8083,-0.4067181349665634,526.2369791666667
8084,-0.45305997746772636,526.3020833333334
8085,-0.46615239844835815,526.3671875
8086,-0.42228119063213554,526.4322916666667
8087,-0.4146521120107344,526.4973958333334
8088,-0.4319228095433326,526.5625
8089,-0.5232513273092394,526.6276041666667
8090,-0.5498408927804738,526.6927083333334
8091,-0.5275289377165687,526.7578125
8092,-0.4849347127707996,526.8229166666667
8093,-0.5866881677189044,526.8880208333334
8094,-0.561112100428805,526.953125
8095,-0.6956208315900119,527.0182291666667
8096,-0.5506678828252909,527.0833333333334
8097,-0.5919305347842772,527.1484375
8098,-0.6509623717191727,527.2135416666667
8099,-0.7214471364363716,527.2786458333334
8100,-0.6629803083412088,527.34375
8101,-0.6483091309116082,527.4088541666667
8102,-0.7399743390051131,527.4739583333334
8103,-0.6777875090015327,527.5390625
8104,-0.7124676879073382,527.6041666666667
8105,-0.6810679614517059,527.6692708333334
8106,-0.7514741796481889,527.734375
8107,-0.7234697107933856,527.7994791666667
8108,-0.774461514131288,527.8645833333334
8109,-0.8172186079862681,527.9296875
8110,-0.844428050168016,527.9947916666667
8111,-0.7623007777942945,528.0598958333334
8112,-0.8153318483725814,528.125
8113,-0.7628044959177156,528.1901041666667
8114,-0.8856264800356703,528.2552083333334
8115,-0.7786215580116569,528.3203125
8116,-0.8046394158749162,528.3854166666667
8117,-0.8292147440239024,528.4505208333334
8118,-0.853356196935875,528.515625
8119,-0.7934783234283754,528.5807291666667
8120,-0.8802445698562839,528.6458333333334
8121,-0.9116941459358049,528.7109375
8122,-0.8071716613162191,528.7760416666667
8123,-0.8442440280554047,528.8411458333334
8124,-0.9103731506208198,528.90625
8125,-0.8309199880963313,528.9713541666667
8126,-0.8527600601348037,529.0364583333334
8127,-0.896935447352044,529.1015625
8128,-0.8378858773397764,529.1666666666667
8129,-0.836080872033638,529.2317708333334
8130,-0.8715071753404895,529.296875
8131,-0.8402659091673251,529.3619791666667
8132,-0.8582021641374632,529.4270833333334
8133,-0.8056107321536078,529.4921875
8134,-0.8830172989535404,529.5572916666667
8135,-0.8981350673965733,529.6223958333334
8136,-0.8607825361532204,529.6875
8137,-0.8242130474144972,529.7526041666667
8138,-0.8948119207252184,529.8177083333334
8139,-0.8406448271371846,529.8828125
8140,-0.7998479498327674,529.9479166666667
8141,-0.85701451307394,530.0130208333334
8142,-0.8897908367032589,530.078125
8143,-0.8451536061163003,530.1432291666667
8144,-0.8024515631807833,530.2083333333334
8145,-0.7609207889699764,530.2734375
8146,-0.8483543308634597,530.3385416666667
8147,-0.7921809046142975,530.4036458333334
8148,-0.7588826099685083,530.46875
8149,-0.7213511369545705,530.5338541666667
8150,-0.7126716957446462,530.5989583333334
8151,-0.690106095129672,530.6640625
8152,-0.7501900732473528,530.7291666666667
8153,-0.7773156871394974,530.7942708333334
8154,-0.7154282409294176,530.859375
8155,-0.6800013067089408,530.9244791666667
8156,-0.6700071430530687,530.9895833333334
8157,-0.6231859790584546,531.0546875
8158,-0.6116378429371468,531.1197916666667
8159,-0.5723995905794501,531.1848958333334
8160,-0.5755173227116442,531.25
8161,-0.6245452335369945,531.3151041666667
8162,-0.65236432880396,531.3802083333334
8163,-0.6772686766545507,531.4453125
8164,-0.5757512546072723,531.5104166666667
8165,-0.43561014970868545,531.5755208333334
8166,-0.5332130826189798,531.640625
8167,-0.46846160219184174,531.7057291666667
8168,-0.5182789491614239,531.7708333333334
8169,-0.4049698699618254,531.8359375
8170,-0.4631836084829212,531.9010416666667
8171,-0.4787545420042324,531.9661458333334
8172,-0.33314374903795535,532.03125
8173,-0.33902864411185774,532.0963541666667
8174,-0.34023654594696745,532.1614583333334
8175,-0.3811460586304844,532.2265625
8176,-0.3576632409932551,532.2916666666667
8177,-0.3525159841206916,532.3567708333334
8178,-0.322979762408185,532.421875
8179,-0.24443056240809186,532.4869791666667
8180,-0.27190579813374977,532.5520833333334
8181,-0.27148801029633846,532.6171875
8182,-0.2166002001607609,532.6822916666667
8183,-0.19963715704107202,532.7473958333334
8184,-0.21366084290018092,532.8125
8185,-0.09114979708819193,532.8776041666667
8186,-0.132392485207792,532.9427083333334
8187,-0.053920666291168505,533.0078125
8188,-0.1158036801728362,533.0729166666667
8189,-0.014501198512280378,533.1380208333334
8190,-0.04919841814542921,533.203125
8191,-0.011564854738901285,533.2682291666667
8192,0.035064091010830446,533.3333333333334
8193,0.008962087775894086,533.3984375
8194,0.13392761258488692,533.4635416666667
8195,0.08296152054352218,533.5286458333334
8196,0.12495355142550163,533.59375
8197,0.10047794665656296,533.6588541666667
8198,0.16839970643925362,533.7239583333334
8199,0.1764116624317778,533.7890625
8200,0.1845275319689907,533.8541666666667
8201,0.2323428509834076,533.9192708333334
8202,0.17549021293569858,533.984375
8203,0.24396299815899988,534.0494791666667
8204,0.35028415320289547,534.1145833333334
8205,0.27862197393484933,534.1796875
8206,0.2929349544047497,534.2447916666667
8207,0.3170155595159745,534.3098958333334
8208,0.24301871878360642,534.375
8209,0.35451408851037447,534.4401041666667
8210,0.3284529855548816,534.5052083333334
8211,0.3740236473694884,534.5703125
8212,0.3705152444388307,534.6354166666667
8213,0.46208232826373363,534.7005208333334
8214,0.42131562711036247,534.765625
8215,0.4374010771311899,534.8307291666667
8216,0.45440835580601197,534.8958333333334
8217,0.5687167729853856,534.9609375
8218,0.5855361138114401,535.0260416666667
8219,0.47490913626512465,535.0911458333334
8220,0.5103186309703486,535.15625
8221,0.5490426917402029,535.2213541666667
8222,0.5409323821968688,535.2864583333334
8223,0.6172881697761006,535.3515625
8224,0.5710836396985323,535.4166666666667
8225,0.6486079978898543,535.4817708333334
8226,0.640035513489864,535.546875
8227,0.5559217326185114,535.6119791666667
8228,0.7156639574787738,535.6770833333334
8229,0.6941423488045608,535.7421875
8230,0.6815351694699682,535.8072916666667
8231,0.697031466038599,535.8723958333334
8232,0.7413722155178146,535.9375
8233,0.6625212375729239,536.0026041666667
8234,0.7619513968609902,536.0677083333334
8235,0.7789568348008936,536.1328125
8236,0.7731040346279101,536.1979166666667
8237,0.777408620394845,536.2630208333334
8238,0.8270712918050461,536.328125
8239,0.8619519435142966,536.3932291666667
8240,0.76503372111814,536.4583333333334
8241,0.794266761113305,536.5234375
8242,0.8330266259826911,536.5885416666667
8243,0.8394645796966415,536.6536458333334
8244,0.7250480701411418,536.71875
8245,0.8068240362209446,536.7838541666667
8246,0.8402200781502981,536.8489583333334
8247,0.8667776497931221,536.9140625
8248,0.8227479340792806,536.9791666666667
8249,0.8977475047857543,537.0442708333334
8250,0.7893434014160535,537.109375
8251,0.854889615437109,537.1744791666667
8252,0.8355310576258189,537.2395833333334
8253,0.8644325626579722,537.3046875
8254,0.8674918745960993,537.3697916666667
8255,0.961822793886236,537.4348958333334
8256,0.8340628194049844,537.5
8257,0.8410373270106307,537.5651041666667
8258,0.7952099479064819,537.6302083333334
8259,0.9083529410215364,537.6953125
8260,0.8843414151362283,537.7604166666667
8261,0.9224501355101025,537.8255208333334
8262,0.786352447909453,537.890625
8263,0.8745635299745574,537.9557291666667
8264,0.8976365864241426,538.0208333333334
8265,0.8340116806628938,538.0859375
8266,0.8454174040896713,538.1510416666667
8267,0.8537964492731668,538.2161458333334
8268,0.8891150879291411,538.28125
8269,0.8219402902519587,538.3463541666667
8270,0.7874605180929343,538.4114583333334
8271,0.8391312215273068,538.4765625
8272,0.7845214459833001,538.5416666666667
8273,0.8253371819509212,538.6067708333334
8274,0.7720567384691562,538.671875
8275,0.8191397806669345,538.7369791666667
8276,0.7478388747281388,538.8020833333334
8277,0.712454596297712,538.8671875
8278,0.7654138272367881,538.9322916666667
8279,0.7054332370914658,538.9973958333334
8280,0.7086521367529162,539.0625
8281,0.7461595172644635,539.1276041666667
8282,0.6871352070461368,539.1927083333334
8283,0.6860510557730988,539.2578125
8284,0.6550484977112994,539.3229166666667
8285,0.7141061667161633,539.3880208333334
8286,0.6481594635170168,539.453125
8287,0.631351045624268,539.5182291666667
8288,0.5960064556265879,539.5833333333334
8289,0.6529957874574643,539.6484375
8290,0.5764166493621891,539.7135416666667
8291,0.6103064601797134,539.7786458333334
8292,0.5424524219777969,539.84375
8293,0.5236961331880564,539.9088541666667
8294,0.5233261701621896,539.9739583333334
8295,0.531211301880788,540.0390625
8296,0.5277272660704572,540.1041666666667
8297,0.4948988431760135,540.1692708333334
8298,0.3977316545022021,540.234375
8299,0.4824200658263492,540.2994791666667
8300,0.4575825703695413,540.3645833333334
8301,0.41558247947106264,540.4296875
8302,0.2757899723285461,540.4947916666667
8303,0.4966245012183767,540.5598958333334
8304,0.3707459386310685,540.625
8305,0.34671402407574936,540.6901041666667
8306,0.30416205331601337,540.7552083333334
8307,0.2743781095517349,540.8203125
8308,0.1955439492337999,540.8854166666667
8309,0.22316549675904995,540.9505208333334
8310,0.2368151742504117,541.015625
8311,0.1721158327923606,541.0807291666667
8312,0.2296689956299201,541.1458333333334
8313,0.18188851874836706,541.2109375
8314,0.07919225862517731,541.2760416666667
8315,0.11250370957683203,541.3411458333334
8316,0.10776582171824542,541.40625
8317,0.09654338243120926,541.4713541666667
8318,0.07573640642090396,541.5364583333334
8319,0.053522529061813366,541.6015625
8320,-0.018124288452190006,541.6666666666667
8321,0.004373124821550189,541.7317708333334
8322,-0.1551912015826808,541.796875
8323,-0.11995532088485242,541.8619791666667
8324,0.019792558735520903,541.9270833333334
8325,-0.15535225590078758,541.9921875
8326,-0.09009375073444047,542.0572916666667
8327,-0.08975127910507098,542.1223958333334
8328,-0.1863468219822165,542.1875
8329,-0.1782356324422317,542.2526041666667
8330,-0.1510882607189593,542.3177083333334
8331,-0.2541459927609088,542.3828125
8332,-0.28571433655160183,542.4479166666667
8333,-0.26184825702001047,542.5130208333334
8334,-0.2570394570941465,542.578125
8335,-0.28582664835912813,542.6432291666667
8336,-0.37030189516190165,542.7083333333334
8337,-0.32512356258587616,542.7734375
8338,-0.43676983568173605,542.8385416666667
8339,-0.36987331966499637,542.9036458333334
8340,-0.3675945761305333,542.96875
8341,-0.5571532438684637,543.0338541666667
8342,-0.5280009778134536,543.0989583333334
8343,-0.384582759940018,543.1640625
8344,-0.5057561940884853,543.2291666666667
8345,-0.5554004435088014,543.2942708333334
8346,-0.5218442083628442,543.359375
8347,-0.621084651100828,543.4244791666667
8348,-0.6237559934168752,543.4895833333334
8349,-0.6427445170731529,543.5546875
8350,-0.5562223059728622,543.6197916666667
8351,-0.7270922072065643,543.6848958333334
8352,-0.6338912282319111,543.75
8353,-0.6910062456268338,543.8151041666667
8354,-0.727016533334137,543.8802083333334
8355,-0.6674317931175627,543.9453125
8356,-0.7312195414200687,544.0104166666667
8357,-0.6893069606478415,544.0755208333334
8358,-0.7245432217038803,544.140625
8359,-0.7143225681900613,544.2057291666667
8360,-0.8343180125818783,544.2708333333334
8361,-0.7821659251402842,544.3359375
8362,-0.7768118062239513,544.4010416666667
8363,-0.7265282003659932,544.4661458333334
8364,-0.7702439360781784,544.53125
8365,-0.7900403639100887,544.5963541666667
8366,-0.8146337858149002,544.6614583333334
8367,-0.7863264356130601,544.7265625
8368,-0.8142619660472044,544.7916666666667
8369,-0.865864288377494,544.8567708333334
8370,-0.8543448893532176,544.921875
8371,-0.9648574578027128,544.9869791666667
8372,-0.7640161658792116,545.0520833333334
8373,-0.8741498124464719,545.1171875
8374,-0.8471043868267735,545.1822916666667
8375,-0.8662746761625102,545.2473958333334
8376,-0.8390344806741457,545.3125
8377,-0.9011096881946854,545.3776041666667
8378,-0.8261822722086603,545.4427083333334
8379,-0.9416836471120643,545.5078125
8380,-0.9799657129771566,545.5729166666667
8381,-0.8728156798044752,545.6380208333334
8382,-0.9249038395164476,545.703125
8383,-1.053367353391038,545.7682291666667
8384,-0.9453605024547984,545.8333333333334
8385,-0.9157607628077145,545.8984375
8386,-0.870826369904278,545.9635416666667
8387,-0.928389849975801,546.0286458333334
8388,-0.9190519338683774,546.09375
8389,-1.02338169179762,546.1588541666667
8390,-0.8625097717386456,546.2239583333334
8391,-0.8668771974270448,546.2890625
8392,-0.9781286585096143,546.3541666666667
8393,-0.9108289615395341,546.4192708333334
8394,-0.9575566021788772,546.484375
8395,-0.9218644642990028,546.5494791666667
8396,-0.9092594988593716,546.6145833333334
8397,-0.986070087224065,546.6796875
8398,-0.853112793631813,546.7447916666667
8399,-0.8898024257600208,546.8098958333334
8400,-0.9075767803443979,546.875
8401,-0.7463130930698495,546.9401041666667
8402,-0.7939984491826373,547.0052083333334
8403,-0.837712537733338,547.0703125
8404,-0.8422779488802535,547.1354166666667
8405,-0.799530768421055,547.2005208333334
8406,-0.7914586984839689,547.265625
8407,-0.7990641203516624,547.3307291666667
8408,-0.7853026884243518,547.3958333333334
8409,-0.7823433186326634,547.4609375
8410,-0.8635339719728676,547.5260416666667
8411,-0.7727570916977341,547.5911458333334
8412,-0.7400227874134728,547.65625
8413,-0.6681658769320371,547.7213541666667
8414,-0.7566831943478649,547.7864583333334
8415,-0.766213399066399,547.8515625
8416,-0.6171119991832413,547.9166666666667
8417,-0.6461062901369707,547.9817708333334
8418,-0.57963713368592,548.046875
8419,-0.6394340437206332,548.1119791666667
8420,-0.5455664701008028,548.1770833333334
8421,-0.6217292659374862,548.2421875
8422,-0.6251411163983821,548.3072916666667
8423,-0.5610122693904558,548.3723958333334
8424,-0.5833278660746861,548.4375
8425,-0.42078144530303374,548.5026041666667
8426,-0.4338874776732376,548.5677083333334
8427,-0.4049153491902502,548.6328125
8428,-0.5588671952203305,548.6979166666667
8429,-0.39858035695452276,548.7630208333334
8430,-0.3268036017845813,548.828125
8431,-0.3502569643398569,548.8932291666667
8432,-0.3389469614186721,548.9583333333334
8433,-0.3348342764816289,549.0234375
8434,-0.39151448532485394,549.0885416666667
8435,-0.32495957583499485,549.1536458333334
8436,-0.3318698920748103,549.21875
8437,-0.3318176376963142,549.2838541666667
8438,-0.15002390457339318,549.3489583333334
8439,-0.18171913466882356,549.4140625
8440,-0.19355819029472648,549.4791666666667
8441,-0.17531282874839701,549.5442708333334
8442,-0.14902226504617178,549.609375
8443,-0.12533144320363085,549.6744791666667
8444,-0.14828129988293332,549.7395833333334
8445,-0.1355454332208154,549.8046875
8446,-0.004588612154860525,549.8697916666667
8447,-0.02838736991687554,549.9348958333334
8448,0.07271900983829371,550.0
8449,-0.0015003519458904764,550.0651041666667
8450,0.08955389853481159,550.1302083333334
8451,0.09311702191277386,550.1953125
8452,0.1627749524447556,550.2604166666667
8453,0.1350502164640876,550.3255208333334
8454,0.22004608507603496,550.390625
8455,0.14180111993393166,550.4557291666667
8456,0.12539003330245413,550.5208333333334
8457,0.23600829350269728,550.5859375
8458,0.2739846886652216,550.6510416666667
8459,0.25596029290189093,550.7161458333334
8460,0.19041565976970656,550.78125
8461,0.28503739822836116,550.8463541666667
8462,0.2783460635605418,550.9114583333334
8463,0.4205430032719604,550.9765625
8464,0.3593184216822071,551.0416666666667
8465,0.4393926249731177,551.1067708333334
8466,0.4347906264388002,551.171875
8467,0.44159607278021595,551.2369791666667
8468,0.503053988720555,551.3020833333334
8469,0.5444303783853662,551.3671875
8470,0.4841353389042883,551.4322916666667
8471,0.5192491365658981,551.4973958333334
8472,0.5051484649872424,551.5625
8473,0.6072752421174722,551.6276041666667
8474,0.578253832938828,551.6927083333334
8475,0.644710351704951,551.7578125
8476,0.5855265827188464,551.8229166666667
8477,0.7290558535664503,551.8880208333334
8478,0.6675702734444227,551.953125
8479,0.646878150282149,552.0182291666667
8480,0.6784807429753287,552.0833333333334
8481,0.7809131537083325,552.1484375
8482,0.6333508071993541,552.2135416666667
8483,0.6542433286140422,552.2786458333334
8484,0.7596980659860675,552.34375
8485,0.8354221196049649,552.4088541666667
8486,0.7856184217340716,552.4739583333334
8487,0.8431802452033235,552.5390625
8488,0.8684481902743681,552.6041666666667
8489,0.8830055059582045,552.6692708333334
8490,0.8642700554116368,552.734375
8491,0.9339761460854643,552.7994791666667
8492,0.9080692040742627,552.8645833333334
8493,0.8259789799513386,552.9296875
8494,0.9513983496291121,552.9947916666667
8495,0.9017460697564696,553.0598958333334
8496,0.8729381098774395,553.125
8497,0.9421221398003712,553.1901041666667
8498,0.9794722577714969,553.2552083333334
8499,0.9147966315405246,553.3203125
8500,0.9981858148206929,553.3854166666667
8501,1.0443661992586473,553.4505208333334
8502,0.9428713815197997,553.515625
8503,0.9328602855234731,553.5807291666667
8504,1.0151563657158351,553.6458333333334
8505,0.9764353588736858,553.7109375
8506,1.04077756786102,553.7760416666667
8507,0.9513638092429071,553.8411458333334
8508,1.016608723100536,553.90625
8509,1.0785421550636818,553.9713541666667
8510,1.028743392568383,554.0364583333334
8511,1.056576794005515,554.1015625
8512,1.0524274456076061,554.1666666666667
8513,1.0536159588413039,554.2317708333334
8514,0.9748871145374042,554.296875
8515,0.9659593867953478,554.3619791666667
8516,1.048335672221688,554.4270833333334
8517,0.9753086438054587,554.4921875
8518,0.9741268638006144,554.5572916666667
8519,0.9599587358744356,554.6223958333334
8520,0.936725333144631,554.6875
8521,1.061332294816459,554.7526041666667
8522,0.9431396604909408,554.8177083333334
8523,0.985952781815182,554.8828125
8524,0.9337943852159235,554.9479166666667
8525,0.9971668282003822,555.0130208333334
8526,0.9258503400837682,555.078125
8527,0.9565711582771782,555.1432291666667
8528,0.9550253786198304,555.2083333333334
8529,0.9094893414826543,555.2734375
8530,0.8634911008717168,555.3385416666667
8531,0.9006155161395291,555.4036458333334
8532,0.8786527967523178,555.46875
8533,0.8931612500327557,555.5338541666667
8534,0.8577127206685555,555.5989583333334
8535,0.759050518190068,555.6640625
8536,0.8115639904552346,555.7291666666667
8537,0.9049026332869782,555.7942708333334
8538,0.8932965830799278,555.859375
8539,0.8028909087407577,555.9244791666667
8540,0.8013506841479577,555.9895833333334
8541,0.7732058291752485,556.0546875
8542,0.7857592930033481,556.1197916666667
8543,0.7939137417956382,556.1848958333334
8544,0.772489584288703,556.25
8545,0.7507137645852676,556.3151041666667
8546,0.6855853129280899,556.3802083333334
8547,0.6681157451427439,556.4453125
8548,0.7002888077680665,556.5104166666667
8549,0.6253463655449719,556.5755208333334
8550,0.595926734301968,556.640625
8551,0.5386735103821539,556.7057291666667
8552,0.5725529259938446,556.7708333333334
8553,0.6415802473274155,556.8359375
8554,0.4433248399258245,556.9010416666667
8555,0.546168820386761,556.9661458333334
8556,0.4763438387960789,557.03125
8557,0.4486627112929586,557.0963541666667
8558,0.3949005199465877,557.1614583333334
8559,0.44288652200319384,557.2265625
8560,0.3228607345475763,557.2916666666667
8561,0.36489079227715315,557.3567708333334
8562,0.34290887296939776,557.421875
8563,0.33672345157500105,557.4869791666667
8564,0.27002713830650155,557.5520833333334
8565,0.24932648280673467,557.6171875
8566,0.2837174003458983,557.6822916666667
8567,0.20942364063073743,557.7473958333334
8568,0.17642566184127523,557.8125
8569,0.1627475495170958,557.8776041666667
8570,0.22333297719246417,557.9427083333334
8571,0.022098551797715617,558.0078125
8572,0.052719565627397165,558.0729166666667
8573,0.03015509427758589,558.1380208333334
8574,-0.05141144160490795,558.203125
8575,0.001992384273920507,558.2682291666667
8576,0.15580224945752608,558.3333333333334
8577,-0.04507060433569254,558.3984375
8578,-0.024337759878988206,558.4635416666667
8579,-0.1768759906350248,558.5286458333334
8580,-0.0008412913727998426,558.59375
8581,-0.23906327560111632,558.6588541666667
8582,-0.08871437871264902,558.7239583333334
8583,-0.2501450807927743,558.7890625
8584,-0.2746142549406444,558.8541666666667
8585,-0.21682823608057034,558.9192708333334
8586,-0.2961471414270633,558.984375
8587,-0.31042792687553084,559.0494791666667
8588,-0.2680430732993927,559.1145833333334
8589,-0.38003404111476685,559.1796875
8590,-0.423325330376191,559.2447916666667
8591,-0.4550520362465821,559.3098958333334
8592,-0.3241342428540223,559.375
8593,-0.44745931964353763,559.4401041666667
8594,-0.4119772115735998,559.5052083333334
8595,-0.5535895376944882,559.5703125
8596,-0.4837590360063388,559.6354166666667
8597,-0.4540334898609974,559.7005208333334
8598,-0.6129143624083571,559.765625
8599,-0.5504776092920772,559.8307291666667
8600,-0.5354977480185966,559.8958333333334
8601,-0.5946871107241846,559.9609375
8602,-0.5612206280338917,560.0260416666667
8603,-0.7250875275762433,560.0911458333334
8604,-0.7138090027247501,560.15625
8605,-0.581095865845899,560.2213541666667
8606,-0.8095019459271706,560.2864583333334
8607,-0.7553431962482078,560.3515625
8608,-0.8241039694520251,560.4166666666667
8609,-0.7570114737913836,560.4817708333334
8610,-0.7611067557706,560.546875
8611,-0.8649760214800729,560.6119791666667
8612,-0.8899535823141754,560.6770833333334
8613,-0.9260547155910142,560.7421875
8614,-0.8767312544238115,560.8072916666667
8615,-0.814563042355118,560.8723958333334
8616,-0.8872117121112455,560.9375
8617,-0.874162750389172,561.0026041666667
8618,-0.9464703835287422,561.0677083333334
8619,-0.9723338646455191,561.1328125
8620,-0.9264719059121732,561.1979166666667
8621,-0.9328966560801891,561.2630208333334
8622,-0.9698445186002198,561.328125
8623,-1.0653316082678963,561.3932291666667
8624,-1.0021154900125762,561.4583333333334
8625,-1.0119284899600507,561.5234375
8626,-0.9723735759848954,561.5885416666667
8627,-1.066038761201121,561.6536458333334
8628,-0.9806300929419932,561.71875
8629,-1.0401207938281471,561.7838541666667
8630,-1.1314864965826916,561.8489583333334
8631,-1.0398271385047984,561.9140625
8632,-1.1137166556030185,561.9791666666667
8633,-1.0714336514528042,562.0442708333334
8634,-1.0469410423074974,562.109375
8635,-1.043955690627221,562.1744791666667
8636,-1.0689978978995873,562.2395833333334
8637,-1.2296504043539802,562.3046875
8638,-1.0887253794284755,562.3697916666667
8639,-0.992310843492459,562.4348958333334
8640,-1.1236207838662102,562.5
8641,-1.1220210546944445,562.5651041666667
8642,-1.0815160778489714,562.6302083333334
8643,-1.053831467485185,562.6953125
8644,-1.0864037339823431,562.7604166666667
8645,-1.0967658494714794,562.8255208333334
8646,-1.0895820565557837,562.890625
8647,-1.1958923064362825,562.9557291666667
8648,-1.1454188100861753,563.0208333333334
8649,-1.1226629539442599,563.0859375
8650,-1.049593007675691,563.1510416666667
8651,-1.0050504743393585,563.2161458333334
8652,-0.9908349276277187,563.28125
8653,-1.1115145050531454,563.3463541666667
8654,-1.0153216420099707,563.4114583333334
8655,-1.0194360695226212,563.4765625
8656,-0.9929467051388116,563.5416666666667
8657,-0.9161746715584302,563.6067708333334
8658,-1.0510354642225896,563.671875
8659,-0.9869737749996229,563.7369791666667
8660,-0.8961706147611781,563.8020833333334
8661,-0.9812755726713396,563.8671875
8662,-1.0441803974580328,563.9322916666667
8663,-0.9261452715532384,563.9973958333334
8664,-0.8863214961047138,564.0625
8665,-0.8684946034696791,564.1276041666667
8666,-0.9116303466142018,564.1927083333334
8667,-0.9026015150467022,564.2578125
8668,-0.9526787413297453,564.3229166666667
8669,-0.8997675252812779,564.3880208333334
8670,-0.9337913344381389,564.453125
8671,-0.8483716362103255,564.5182291666667
8672,-0.7199436699073561,564.5833333333334
8673,-0.723742371523558,564.6484375
8674,-0.7124972644401547,564.7135416666667
8675,-0.7864500528792135,564.7786458333334
8676,-0.6829059427958546,564.84375
8677,-0.6861258542040299,564.9088541666667
8678,-0.6895897320937244,564.9739583333334
8679,-0.5999300564640161,565.0390625
8680,-0.5191106280181685,565.1041666666667
8681,-0.6527338641827233,565.1692708333334
8682,-0.5446524818839228,565.234375
8683,-0.5069034954837321,565.2994791666667
8684,-0.5092439230877757,565.3645833333334
8685,-0.5292142006458881,565.4296875
8686,-0.5164370989420508,565.4947916666667
8687,-0.44441286327928037,565.5598958333334
8688,-0.3236859066903591,565.625
8689,-0.4054558407094882,565.6901041666667
8690,-0.35761254018470423,565.7552083333334
8691,-0.446008904713238,565.8203125
8692,-0.29621984029537324,565.8854166666667
8693,-0.318115931955854,565.9505208333334
8694,-0.2666346598213198,566.015625
8695,-0.3395554519818302,566.0807291666667
8696,-0.31490748455997936,566.1458333333334
8697,-0.24463597834970247,566.2109375
8698,-0.06965632575824961,566.2760416666667
8699,-0.020909130937774127,566.3411458333334
8700,-0.16059140629175964,566.40625
8701,-0.07415919293626323,566.4713541666667
8702,-0.04466399728212556,566.5364583333334
8703,0.02287522938189775,566.6015625
8704,-0.055236272586566625,566.6666666666667
8705,0.07536963071638497,566.7317708333334
8706,-0.01567952281614162,566.796875
8707,0.09646679636114024,566.8619791666667
8708,0.1403468844038969,566.9270833333334
8709,0.14063181036960884,566.9921875
8710,0.16686589266731386,567.0572916666667
8711,0.20644642656949377,567.1223958333334
8712,0.2785101396121966,567.1875
8713,0.10236081881254826,567.2526041666667
8714,0.22876826328744257,567.3177083333334
8715,0.3285145168318387,567.3828125
8716,0.4064349455828529,567.4479166666667
8717,0.34353129061612064,567.5130208333334
8718,0.3496134919313158,567.578125
8719,0.38785307562825866,567.6432291666667
8720,0.4306248983062565,567.7083333333334
8721,0.43233338667802,567.7734375
8722,0.4767958306239362,567.8385416666667
8723,0.462065992459795,567.9036458333334
8724,0.45562773481480423,567.96875
8725,0.6192594698013387,568.0338541666667
8726,0.5951908584305041,568.0989583333334
8727,0.5257203587859244,568.1640625
8728,0.6432672129949657,568.2291666666667
8729,0.7438754779070069,568.2942708333334
8730,0.6544444276893533,568.359375
8731,0.6557223903060602,568.4244791666667
8732,0.7604704062250892,568.4895833333334
8733,0.783789913397225,568.5546875
8734,0.8204069382300159,568.6197916666667
8735,0.7795606509908027,568.6848958333334
8736,0.8625101406589425,568.75
8737,0.9153456881400163,568.8151041666667
8738,0.8251621941422375,568.8802083333334
8739,0.837202800960531,568.9453125
8740,0.8084099408623859,569.0104166666667
8741,0.9329552271111842,569.0755208333334
8742,0.9352609047675718,569.140625
8743,0.8966801464211163,569.2057291666667
8744,0.9207776822709529,569.2708333333334
8745,0.8773158325001164,569.3359375
8746,0.9330261238116953,569.4010416666667
8747,0.961705910459838,569.4661458333334
8748,0.9536138697142447,569.53125
8749,1.0575244814633245,569.5963541666667
8750,0.9928373355461215,569.6614583333334
8751,1.0824551124975976,569.7265625
8752,1.0749072384658604,569.7916666666667
8753,1.0116798601224954,569.8567708333334
8754,1.042189209984537,569.921875
8755,1.0746558170611065,569.9869791666667
8756,1.1611169921396196,570.0520833333334
8757,0.9994573936973714,570.1171875
8758,0.9317884433263461,570.1822916666667
8759,1.1540893279513869,570.2473958333334
8760,1.1119140049073806,570.3125
8761,1.1470048499116783,570.3776041666667
8762,1.1158206935950707,570.4427083333334
8763,1.004585033617426,570.5078125
8764,1.095792067336319,570.5729166666667
8765,1.1064146074036039,570.6380208333334
8766,1.098855341658319,570.703125
8767,1.1493633585457774,570.7682291666667
8768,1.0369702195215018,570.8333333333334
8769,1.112883660125255,570.8984375
8770,1.1515543597579232,570.9635416666667
8771,1.1858387564359134,571.0286458333334
8772,1.1564365601850295,571.09375
8773,1.098880883710217,571.1588541666667
8774,1.0841508643542683,571.2239583333334
8775,1.1181059721576814,571.2890625
8776,1.130676572662738,571.3541666666667
8777,1.0600162545918406,571.4192708333334
8778,1.1885919492365666,571.484375
8779,1.1149773333008668,571.5494791666667
8780,1.0083422257009538,571.6145833333334
8781,1.0674724779822393,571.6796875
8782,1.1000161063795892,571.7447916666667
8783,1.0103047945431893,571.8098958333334
8784,1.0746715152839637,571.875
8785,1.0842464306887063,571.9401041666667
8786,1.0330897321769046,572.0052083333334
8787,1.0758339678226299,572.0703125
8788,0.9014174854131011,572.1354166666667
8789,0.9888801440716727,572.2005208333334
8790,0.9469861119210999,572.265625
8791,1.0148511928246722,572.3307291666667
8792,0.928490616950904,572.3958333333334
8793,0.9157719819572462,572.4609375
8794,0.8806135055744772,572.5260416666667
8795,0.8971254195221725,572.5911458333334
8796,0.8812197058885843,572.65625
8797,0.8350183015806624,572.7213541666667
8798,0.7942577149504665,572.7864583333334
8799,0.8883668681812382,572.8515625
8800,0.8447430847050631,572.9166666666667
8801,0.8072080449372256,572.9817708333334
8802,0.8161844513999577,573.046875
8803,0.7463964529427067,573.1119791666667
8804,0.693914729563695,573.1770833333334
8805,0.7197927768314014,573.2421875
8806,0.6776053760090343,573.3072916666667
8807,0.6405958910978131,573.3723958333334
8808,0.6610890567613241,573.4375
8809,0.6590306734910761,573.5026041666667
8810,0.5283994980708147,573.5677083333334
8811,0.6935488739142417,573.6328125
8812,0.6999730246137307,573.6979166666667
8813,0.5441117966823004,573.7630208333334
8814,0.4530041620637009,573.828125
8815,0.4799933698214131,573.8932291666667
8816,0.4086550288249051,573.9583333333334
8817,0.3894134071737427,574.0234375
8818,0.31411765386089463,574.0885416666667
8819,0.3187659466464685,574.1536458333334
8820,0.29364263066977375,574.21875
8821,0.25566765494954646,574.2838541666667
8822,0.3534465692294216,574.3489583333334
8823,0.34002099676007,574.4140625
8824,0.16338335804505016,574.4791666666667
8825,0.1276564429992027,574.5442708333334
8826,0.15287437553313815,574.609375
8827,0.17388746638016284,574.6744791666667
8828,0.14239359338188068,574.7395833333334
8829,0.16371498882829993,574.8046875
8830,0.1254979011354576,574.8697916666667
8831,0.042622523701338164,574.9348958333334
8832,-0.01457117105237858,575.0
8833,-0.028776678914507758,575.0651041666667
8834,-0.10555262317375184,575.1302083333334
8835,0.004548197695561773,575.1953125
8836,-0.16148956352283728,575.2604166666667
8837,-0.2020473191098643,575.3255208333334
8838,-0.14397577225751898,575.390625
8839,-0.15346908993822947,575.4557291666667
8840,-0.21501573852029374,575.5208333333334
8841,-0.18525204958905908,575.5859375
8842,-0.3273717766081503,575.6510416666667
8843,-0.39927959296061416,575.7161458333334
8844,-0.35815676917760647,575.78125
8845,-0.2970371883633876,575.8463541666667
8846,-0.44508351891745374,575.9114583333334
8847,-0.4183084659495317,575.9765625
8848,-0.43150601758672685,576.0416666666667
8849,-0.40633669483093077,576.1067708333334
8850,-0.519124166438638,576.171875
8851,-0.5794782858648484,576.2369791666667
8852,-0.5068603189167901,576.3020833333334
8853,-0.5453570547748017,576.3671875
8854,-0.6593869105795725,576.4322916666667
8855,-0.6437901684330016,576.4973958333334
8856,-0.676165311700516,576.5625
8857,-0.7250156048921447,576.6276041666667
8858,-0.6852479125500301,576.6927083333334
8859,-0.6985487529480083,576.7578125
8860,-0.6581109283147106,576.8229166666667
8861,-0.7407803507147703,576.8880208333334
8862,-0.8231983173014592,576.953125
8863,-0.761513557475415,577.0182291666667
8864,-0.8002807627960623,577.0833333333334
8865,-0.7530147827475431,577.1484375
8866,-0.8079761019473193,577.2135416666667
8867,-0.9018910165992933,577.2786458333334
8868,-0.7370650081088543,577.34375
8869,-0.9976794402840967,577.4088541666667
8870,-0.9116349431886066,577.4739583333334
8871,-0.9882398930870371,577.5390625
8872,-1.0288472764164278,577.6041666666667
8873,-0.9586583658893696,577.6692708333334
8874,-0.941340165065736,577.734375
8875,-0.979785164292426,577.7994791666667
8876,-1.0033846012604792,577.8645833333334
8877,-0.9833749259744692,577.9296875
8878,-0.9707121261008925,577.9947916666667
8879,-1.027784700641593,578.0598958333334
8880,-0.997616337674054,578.125
8881,-1.0638208000782783,578.1901041666667
8882,-0.9899290314672012,578.2552083333334
8883,-1.0833742113928482,578.3203125
8884,-1.167385271204569,578.3854166666667
8885,-1.1638794216132036,578.4505208333334
8886,-1.0730971305759482,578.515625
8887,-1.129486559181577,578.5807291666667
8888,-1.1093625716349755,578.6458333333334
8889,-1.1534012372933253,578.7109375
8890,-1.1430962441444743,578.7760416666667
8891,-1.1787873115645304,578.8411458333334
8892,-1.0286917494685102,578.90625
8893,-1.0199148960685411,578.9713541666667
8894,-1.0416735778969157,579.0364583333334
8895,-1.1280034522502491,579.1015625
8896,-1.1329493236707298,579.1666666666667
8897,-1.042085879794302,579.2317708333334
8898,-1.010347104431862,579.296875
8899,-1.0903564664068897,579.3619791666667
8900,-1.213171666831889,579.4270833333334
8901,-1.0437122558112146,579.4921875
8902,-1.030655340965689,579.5572916666667
8903,-1.0429250648614095,579.6223958333334
8904,-1.095354668068965,579.6875
8905,-1.0919968340279376,579.7526041666667
8906,-0.9394177629948546,579.8177083333334
8907,-1.07940945675624,579.8828125
8908,-1.0228559884025499,579.9479166666667
8909,-1.1736604607947483,580.0130208333334
8910,-1.0885062401602088,580.078125
8911,-0.9784467077356673,580.1432291666667
8912,-0.9868768079699279,580.2083333333334
8913,-1.123705280014654,580.2734375
8914,-1.0492020894633134,580.3385416666667
8915,-0.9419657408049497,580.4036458333334
8916,-0.9959852235825888,580.46875
8917,-1.0087630211020482,580.5338541666667
8918,-0.9297302032677579,580.5989583333334
8919,-0.9760358156341079,580.6640625
8920,-0.9731984065974786,580.7291666666667
8921,-0.9659101426051858,580.7942708333334
8922,-0.8654052905047738,580.859375
8923,-0.7437787252514831,580.9244791666667
8924,-0.9372722908383425,580.9895833333334
8925,-0.8907635189491864,581.0546875
8926,-0.8457728179757079,581.1197916666667
8927,-0.7957580253114367,581.1848958333334
8928,-0.9157954774734073,581.25
8929,-0.8714018268812892,581.3151041666667
8930,-0.8240176449235471,581.3802083333334
8931,-0.7153779387118628,581.4453125
8932,-0.6977785811702679,581.5104166666667
8933,-0.6026672492571158,581.5755208333334
8934,-0.6543648987528573,581.640625
8935,-0.6854045865572455,581.7057291666667
8936,-0.599081705471144,581.7708333333334
8937,-0.6003929594475474,581.8359375
8938,-0.5028116408364817,581.9010416666667
8939,-0.5602362145844376,581.9661458333334
8940,-0.594925150577714,582.03125
8941,-0.48615489555004154,582.0963541666667
8942,-0.4437628431680287,582.1614583333334
8943,-0.48867608623573106,582.2265625
8944,-0.4623971273015285,582.2916666666667
8945,-0.4147974098771634,582.3567708333334
8946,-0.46691338046114866,582.421875
8947,-0.37259017362900143,582.4869791666667
8948,-0.2907532129173537,582.5520833333334
8949,-0.20734789067544215,582.6171875
8950,-0.21466230043938966,582.6822916666667
8951,-0.15050612067912586,582.7473958333334
8952,-0.3084757711987033,582.8125
8953,-0.13229677704744805,582.8776041666667
8954,-0.1382656141168342,582.9427083333334
8955,-0.1608969967468299,583.0078125
8956,-0.028357243284009615,583.0729166666667
8957,-0.07229799842024612,583.1380208333334
8958,-0.09000253707452935,583.203125
8959,-0.10598814275500619,583.2682291666667
8960,-0.07537003788406363,583.3333333333334
8961,0.06892832164841155,583.3984375
8962,-0.0750296368851972,583.4635416666667
8963,0.1204624691197789,583.5286458333334
8964,0.09925824788850943,583.59375
8965,0.11990040041133804,583.6588541666667
8966,0.1719649106170995,583.7239583333334
8967,0.20612421711239154,583.7890625
8968,0.2236748528288782,583.8541666666667
8969,0.2620739878375355,583.9192708333334
8970,0.19949572547404135,583.984375
8971,0.29741971452062127,584.0494791666667
8972,0.2867229218448077,584.1145833333334
8973,0.3382520582811143,584.1796875
8974,0.35769635920856646,584.2447916666667
8975,0.35292371490116137,584.3098958333334
8976,0.46851890639918914,584.375
8977,0.46180797364121856,584.4401041666667
8978,0.4909280583867821,584.5052083333334
8979,0.5507456492288294,584.5703125
8980,0.49571544281506563,584.6354166666667
8981,0.5310275722536641,584.7005208333334
8982,0.5559085583941082,584.765625
8983,0.6644965865940049,584.8307291666667
8984,0.591516783487924,584.8958333333334
8985,0.6681847305279781,584.9609375
8986,0.6618553898865737,585.0260416666667
8987,0.6518942898389587,585.0911458333334
8988,0.72656419257624,585.15625
8989,0.6077002727677668,585.2213541666667
8990,0.7612422269900575,585.2864583333334
8991,0.7199719565340216,585.3515625
8992,0.8374358091702682,585.4166666666667
8993,0.8246859329342311,585.4817708333334
8994,0.7939280161995979,585.546875
8995,0.8540951400755302,585.6119791666667
8996,0.8757826397849255,585.6770833333334
8997,0.8414757909779151,585.7421875
8998,0.9144899456452115,585.8072916666667
8999,0.7622652208041214,585.8723958333334
9000,0.9165446990535767,585.9375
9001,0.9435874386738449,586.0026041666667
9002,0.9252218565911046,586.0677083333334
9003,0.8853071834407478,586.1328125
9004,0.7741927894275261,586.1979166666667
9005,0.9997732114391937,586.2630208333334
9006,1.0077439936213306,586.328125
9007,0.9695020803929549,586.3932291666667
9008,0.9984697993881605,586.4583333333334
9009,1.0322975869478013,586.5234375
9010,0.9912142807564485,586.5885416666667
9011,0.9896524644433545,586.6536458333334
9012,0.9877179277480915,586.71875
9013,0.9579411176284144,586.7838541666667
9014,0.984164006756609,586.8489583333334
9015,1.0650272263374,586.9140625
9016,0.917506840261205,586.9791666666667
9017,1.0138545967819486,587.0442708333334
9018,1.0870643569145235,587.109375
9019,0.9989673426300468,587.1744791666667
9020,1.0799032343085089,587.2395833333334
9021,1.0048310347390341,587.3046875
9022,1.0271196948465304,587.3697916666667
9023,1.0277807626169082,587.4348958333334
9024,1.0124206996691234,587.5
9025,1.0262766488611346,587.5651041666667
9026,1.0595996809103119,587.6302083333334
9027,0.9797288869797554,587.6953125
9028,1.1377937602842332,587.7604166666667
9029,1.0442106225474161,587.8255208333334
9030,0.9874524539745063,587.890625
9031,1.0256451071240555,587.9557291666667
9032,1.054220922243118,588.0208333333334
9033,1.029506636546146,588.0859375
9034,0.9401991225861754,588.1510416666667
9035,1.018481132656524,588.2161458333334
9036,1.1103097118904413,588.28125
9037,1.0069579213932318,588.3463541666667
9038,1.0657786466088364,588.4114583333334
9039,0.8492266069837461,588.4765625
9040,0.9553483793310149,588.5416666666667
9041,0.9646652719177393,588.6067708333334
9042,0.9257286547806352,588.671875
9043,0.8853608766441367,588.7369791666667
9044,0.9424606798146036,588.8020833333334
9045,0.8552166329744483,588.8671875
9046,0.8722407733305919,588.9322916666667
9047,0.8269528773778569,588.9973958333334
9048,0.7454110141688426,589.0625
9049,0.9338527379488498,589.1276041666667
9050,0.9002031422636666,589.1927083333334
9051,0.8126736768294488,589.2578125
9052,0.7788807863050105,589.3229166666667
9053,0.7336361735890328,589.3880208333334
9054,0.7627381310461305,589.453125
9055,0.8157830539361138,589.5182291666667
9056,0.7027783232579345,589.5833333333334
9057,0.7347540829631539,589.6484375
9058,0.6048416193717907,589.7135416666667
9059,0.7146098198454598,589.7786458333334
9060,0.6802855183590812,589.84375
9061,0.6450885590802695,589.9088541666667
9062,0.6110548693369504,589.9739583333334
9063,0.4864425334655727,590.0390625
9064,0.5780220648222343,590.1041666666667
9065,0.5176420561234334,590.1692708333334
9066,0.557873347150427,590.234375
9067,0.6097455944134913,590.2994791666667
9068,0.4651595529785155,590.3645833333334
9069,0.44388861362681803,590.4296875
9070,0.4080863369818609,590.4947916666667
9071,0.43459159726331537,590.5598958333334
9072,0.38202851901069923,590.625
9073,0.4002240445241304,590.6901041666667
9074,0.3861747708463101,590.7552083333334
9075,0.4059072999255535,590.8203125
9076,0.2157826523599586,590.8854166666667
9077,0.35215117175208915,590.9505208333334
9078,0.2452516339871364,591.015625
9079,0.20881489096990102,591.0807291666667
9080,0.10696874677954102,591.1458333333334
9081,0.16224536497340192,591.2109375
9082,0.05129731514054116,591.2760416666667
9083,0.012884963112826272,591.3411458333334
9084,0.11157365430094672,591.40625
9085,0.04741341115251694,591.4713541666667
9086,0.06483863077394496,591.5364583333334
9087,0.08920695691805167,591.6015625
9088,-0.013583658225684374,591.6666666666667
9089,-0.05537791399043996,591.7317708333334
9090,-0.010627743823908064,591.796875
9091,-0.03628599531548824,591.8619791666667
9092,-0.03198311425722868,591.9270833333334
9093,-0.13691070234501163,591.9921875
9094,-0.12547501346030618,592.0572916666667
9095,-0.16613538267957834,592.1223958333334
9096,-0.16498637642783795,592.1875
9097,-0.20988477042942422,592.2526041666667
9098,-0.17835697146752946,592.3177083333334
9099,-0.3069488540527224,592.3828125
9100,-0.3033598394051578,592.4479166666667
9101,-0.3552102670043481,592.5130208333334
9102,-0.4115196087679602,592.578125
9103,-0.3453129004613173,592.6432291666667
9104,-0.46351364682686796,592.7083333333334
9105,-0.437905833809832,592.7734375
9106,-0.4753919492518526,592.8385416666667
9107,-0.4587500645650679,592.9036458333334
9108,-0.5964978370695141,592.96875
9109,-0.4471232631192829,593.0338541666667
9110,-0.5603906353209761,593.0989583333334
9111,-0.4925455239775284,593.1640625
9112,-0.570737820709205,593.2291666666667
9113,-0.5257689351101714,593.2942708333334
9114,-0.5279863437890006,593.359375
9115,-0.618439440013794,593.4244791666667
9116,-0.6467684272335059,593.4895833333334
9117,-0.6554216539313721,593.5546875
9118,-0.728460282962853,593.6197916666667
9119,-0.671629893605367,593.6848958333334
9120,-0.6820204139064867,593.75
9121,-0.7038545653934669,593.8151041666667
9122,-0.7213177767906177,593.8802083333334
9123,-0.7937388023459218,593.9453125
9124,-0.8414087058254167,594.0104166666667
9125,-0.7680977859730891,594.0755208333334
9126,-0.784929420931672,594.140625
9127,-0.8153799318211226,594.2057291666667
9128,-0.7799341836052678,594.2708333333334
9129,-0.8646755063656605,594.3359375
9130,-0.8434739449021911,594.4010416666667
9131,-0.8050816433115612,594.4661458333334
9132,-0.9114952160573913,594.53125
9133,-0.8475677619837676,594.5963541666667
9134,-0.8947331160204787,594.6614583333334
9135,-0.8504792682503668,594.7265625
9136,-0.9659898296172839,594.7916666666667
9137,-0.8445819545049891,594.8567708333334
9138,-0.9473636244088961,594.921875
9139,-0.8586455161415976,594.9869791666667
9140,-0.9229945728356882,595.0520833333334
9141,-0.9375947198048715,595.1171875
9142,-0.8871031824077652,595.1822916666667
9143,-0.9368640106367994,595.2473958333334
9144,-0.9780067272397609,595.3125
9145,-0.9021011408293832,595.3776041666667
9146,-1.000257837524418,595.4427083333334
9147,-0.9300602416451242,595.5078125
9148,-1.0021873034026791,595.5729166666667
9149,-0.9975314789045935,595.6380208333334
9150,-0.9848031995257772,595.703125
9151,-0.9571727666076066,595.7682291666667
9152,-0.9849943504587264,595.8333333333334
9153,-0.9098047782718502,595.8984375
9154,-0.9930773344848757,595.9635416666667
9155,-0.9239226032364161,596.0286458333334
9156,-1.0034079475803483,596.09375
9157,-0.9063146814473906,596.1588541666667
9158,-0.8841630985899442,596.2239583333334
9159,-0.9186136795796236,596.2890625
9160,-0.9047674828965284,596.3541666666667
9161,-0.980022522626455,596.4192708333334
9162,-0.9131717255908732,596.484375
9163,-0.9730143029220429,596.5494791666667
9164,-0.9706594194685748,596.6145833333334
9165,-0.9162079511452902,596.6796875
9166,-0.9572622208209645,596.7447916666667
9167,-0.9251551388721476,596.8098958333334
9168,-0.9188565556659308,596.875
9169,-0.867392125878163,596.9401041666667
9170,-0.8385495726310556,597.0052083333334
9171,-0.9183982427214124,597.0703125
9172,-0.9029670065378592,597.1354166666667
9173,-0.7665396316012966,597.2005208333334
9174,-0.7609869588520336,597.265625
9175,-0.8174632549536417,597.3307291666667
9176,-0.799047219789943,597.3958333333334
9177,-0.8735874195224677,597.4609375
9178,-0.758594085449027,597.5260416666667
9179,-0.6960606550056809,597.5911458333334
9180,-0.8355993103980464,597.65625
9181,-0.6475537642287879,597.7213541666667
9182,-0.6242329109192479,597.7864583333334
9183,-0.7365877599524346,597.8515625
9184,-0.6890747618840716,597.9166666666667
9185,-0.6282800453744264,597.9817708333334
9186,-0.6517212420271216,598.046875
9187,-0.6548571540798793,598.1119791666667
9188,-0.5797423663458547,598.1770833333334
9189,-0.6078974530083202,598.2421875
9190,-0.512395202602876,598.3072916666667
9191,-0.47874304425686737,598.3723958333334
9192,-0.5777779148364195,598.4375
9193,-0.5421631469955999,598.5026041666667
9194,-0.49086173628492813,598.5677083333334
9195,-0.44922950251363725,598.6328125
9196,-0.4431576632158874,598.6979166666667
9197,-0.40588014943854817,598.7630208333334
9198,-0.35263219015517655,598.828125
9199,-0.4312856574550401,598.8932291666667
9200,-0.22979088288733646,598.9583333333334
9201,-0.25105449808371905,599.0234375
9202,-0.3622026934062276,599.0885416666667
9203,-0.37691227965437574,599.1536458333334
9204,-0.29497087588378434,599.21875
9205,-0.14043114089551506,599.2838541666667
9206,-0.21689691120983862,599.3489583333334
9207,-0.14348816862473904,599.4140625
9208,-0.1868648084369879,599.4791666666667
9209,-0.0767424967714057,599.5442708333334
9210,-0.11454961593899357,599.609375
9211,-0.17316305542989827,599.6744791666667
9212,-0.11921157733259435,599.7395833333334
9213,-0.00730144492450157,599.8046875
9214,0.017744010652752606,599.8697916666667
9215,-0.016586367344917398,599.9348958333334
9216,0.021524638823552798,600.0
9217,0.025158893418304143,600.0651041666667
9218,0.09246948577176431,600.1302083333334
9219,0.03420702251791449,600.1953125
9220,0.06621098228736227,600.2604166666667
9221,0.10277276933368445,600.3255208333334
9222,0.08719292309327364,600.390625
9223,0.12850643068090922,600.4557291666667
9224,0.18201968879828911,600.5208333333334
9225,0.205366968558598,600.5859375
9226,0.15389433851106502,600.6510416666667
9227,0.23534105466148134,600.7161458333334
9228,0.3049417297291982,600.78125
9229,0.22062929819098479,600.8463541666667
9230,0.2835158527763272,600.9114583333334
9231,0.3502739236512484,600.9765625
9232,0.3975766254526099,601.0416666666667
9233,0.3504996103133083,601.1067708333334
9234,0.34269363984454143,601.171875
9235,0.4359029640043054,601.2369791666667
9236,0.3968561951002638,601.3020833333334
9237,0.4333148122565577,601.3671875
9238,0.47153982907381425,601.4322916666667
9239,0.461661620362428,601.4973958333334
9240,0.508158916956499,601.5625
9241,0.5705095877432512,601.6276041666667
9242,0.4806384873389997,601.6927083333334
9243,0.6224058994911827,601.7578125
9244,0.5598512811096295,601.8229166666667
9245,0.586450187076405,601.8880208333334
9246,0.6158812308562578,601.953125
9247,0.5886764633278254,602.0182291666667
9248,0.609601315607876,602.0833333333334
9249,0.6640159974754941,602.1484375
9250,0.7411917517310096,602.2135416666667
9251,0.614253410534769,602.2786458333334
9252,0.6505102006222949,602.34375
9253,0.6902127650667959,602.4088541666667
9254,0.7616159280689283,602.4739583333334
9255,0.8023204080420909,602.5390625
9256,0.8596027245505635,602.6041666666667
9257,0.7841245446415646,602.6692708333334
9258,0.7931099626881049,602.734375
9259,0.7564751052928059,602.7994791666667
9260,0.8115357636201644,602.8645833333334
9261,0.8149639216349427,602.9296875
9262,0.8300522107213004,602.9947916666667
9263,0.7700573952808919,603.0598958333334
9264,0.8326396934611294,603.125
9265,0.7618903969243409,603.1901041666667
9266,0.8331334758237461,603.2552083333334
9267,0.8557410553228294,603.3203125
9268,0.9265272875926589,603.3854166666667
9269,0.9069247758719341,603.4505208333334
9270,0.8489409364012709,603.515625
9271,0.8177810077239421,603.5807291666667
9272,0.9292090875078179,603.6458333333334
9273,0.8681145964036239,603.7109375
9274,0.9060584068250037,603.7760416666667
9275,0.872545823759006,603.8411458333334
9276,0.8925372727775589,603.90625
9277,0.9526391602536964,603.9713541666667
9278,0.9556980109217442,604.0364583333334
9279,0.8412317028459768,604.1015625
9280,0.9075777422786105,604.1666666666667
9281,0.8406621280413582,604.2317708333334
9282,0.8582480200812859,604.296875
9283,0.8714851739482814,604.3619791666667
9284,0.9309866520555063,604.4270833333334
9285,0.9031895061712746,604.4921875
9286,0.7608979212336814,604.5572916666667
9287,0.8511265720625515,604.6223958333334
9288,0.8943342709225637,604.6875
9289,0.8691523922856648,604.7526041666667
9290,0.8850289635579903,604.8177083333334
9291,0.9054447386080859,604.8828125
9292,0.7846284923967277,604.9479166666667
9293,0.8697781237671708,605.0130208333334
9294,0.9277015745591396,605.078125
9295,0.8184263964417533,605.1432291666667
9296,0.8629003087823182,605.2083333333334
9297,0.6817462562070932,605.2734375
9298,0.834802188518019,605.3385416666667
9299,0.7805042934934104,605.4036458333334
9300,0.8219226151716139,605.46875
9301,0.7929693321590525,605.5338541666667
9302,0.7491661275685655,605.5989583333334
9303,0.6739256855626378,605.6640625
9304,0.7721659950917378,605.7291666666667
9305,0.7788091395255091,605.7942708333334
9306,0.7829441468511027,605.859375
9307,0.7058812153146895,605.9244791666667
9308,0.7692100424173745,605.9895833333334
9309,0.6682439739631761,606.0546875
9310,0.5838821595736435,606.1197916666667
9311,0.6673003498883024,606.1848958333334
9312,0.6929968692058861,606.25
9313,0.6513917610783115,606.3151041666667
9314,0.5634216196435669,606.3802083333334
9315,0.6412327804848006,606.4453125
9316,0.6281703878574557,606.5104166666667
9317,0.5468839187103675,606.5755208333334
9318,0.5812783980553122,606.640625
9319,0.5398579774935446,606.7057291666667
9320,0.5212726170363337,606.7708333333334
9321,0.4558533015819873,606.8359375
9322,0.4407987495189012,606.9010416666667
9323,0.47329117647797403,606.9661458333334
9324,0.4215617604895928,607.03125
9325,0.39856681341274147,607.0963541666667
9326,0.33488639944554766,607.1614583333334
9327,0.35977203428888344,607.2265625
9328,0.3460913049799925,607.2916666666667
9329,0.34459078902720675,607.3567708333334
9330,0.17875065407075477,607.421875
9331,0.29679265608352673,607.4869791666667
9332,0.32908606808834084,607.5520833333334
9333,0.25456585660167896,607.6171875
9334,0.24415720510939398,607.6822916666667
9335,0.18142980833953465,607.7473958333334
9336,0.172889079089148,607.8125
9337,0.19058490568988876,607.8776041666667
9338,0.12267481211512044,607.9427083333334
9339,0.09569613910744536,608.0078125
9340,0.10060137232872547,608.0729166666667
9341,0.03482872570670088,608.1380208333334
9342,0.036683201160074855,608.203125
9343,0.020751305815976968,608.2682291666667
9344,0.05110345685779381,608.3333333333334
9345,0.10015827739507846,608.3984375
9346,-0.07846579758303139,608.4635416666667
9347,-0.06773143783693805,608.5286458333334
9348,-0.09345066940736443,608.59375
9349,-0.033597503495306075,608.6588541666667
9350,-0.21495364893307456,608.7239583333334
9351,-0.12243259091837999,608.7890625
9352,-0.13343928417203918,608.8541666666667
9353,-0.12703665331085046,608.9192708333334
9354,-0.20286138488011096,608.984375
9355,-0.28089890849078236,609.0494791666667
9356,-0.2916751435196685,609.1145833333334
9357,-0.27218961372795875,609.1796875
9358,-0.30576651469876714,609.2447916666667
9359,-0.3322375551976659,609.3098958333334
9360,-0.3314029831872905,609.375
9361,-0.29992643875713737,609.4401041666667
9362,-0.3608212437114414,609.5052083333334
9363,-0.4169504797033949,609.5703125
9364,-0.42454393592950884,609.6354166666667
9365,-0.39479404181641825,609.7005208333334
9366,-0.49546292113864104,609.765625
9367,-0.44192071366672997,609.8307291666667
9368,-0.4801297817950074,609.8958333333334
9369,-0.5166223400920866,609.9609375
9370,-0.5013045132500368,610.0260416666667
9371,-0.477097656983734,610.0911458333334
9372,-0.5114835168056153,610.15625
9373,-0.597604513941362,610.2213541666667
9374,-0.5712627779509015,610.2864583333334
9375,-0.6007391021010583,610.3515625
9376,-0.6051370477814666,610.4166666666667
9377,-0.5589300355211341,610.4817708333334
9378,-0.6551988734716474,610.546875
9379,-0.6262299590185902,610.6119791666667
9380,-0.6689404284138876,610.6770833333334
9381,-0.6095621252171091,610.7421875
9382,-0.647499234270147,610.8072916666667
9383,-0.6875550299927133,610.8723958333334
9384,-0.7135026121220995,610.9375
9385,-0.7092688837882428,611.0026041666667
9386,-0.731925781507104,611.0677083333334
9387,-0.7521222048482664,611.1328125
9388,-0.7483757192205837,611.1979166666667
9389,-0.8274547212080698,611.2630208333334
9390,-0.7326832124260525,611.328125
9391,-0.8573481016736929,611.3932291666667
9392,-0.7753905710710883,611.4583333333334
9393,-0.7265184966832259,611.5234375
9394,-0.7976672937125376,611.5885416666667
9395,-0.7768186798401545,611.6536458333334
9396,-0.7353531972985095,611.71875
9397,-0.8372073701292648,611.7838541666667
9398,-0.8394109374291434,611.8489583333334
9399,-0.9065893613323859,611.9140625
9400,-0.8169514892413325,611.9791666666667
9401,-0.8748892419202065,612.0442708333334
9402,-0.9135272557687029,612.109375
9403,-0.8542882764352668,612.1744791666667
9404,-0.8891307225251016,612.2395833333334
9405,-0.8525203667069418,612.3046875
9406,-0.8866558257373254,612.3697916666667
9407,-0.9470247046193246,612.4348958333334
9408,-0.8001681072438458,612.5
9409,-0.8990974860049289,612.5651041666667
9410,-0.8568289301458517,612.6302083333334
9411,-0.8135723992129332,612.6953125
9412,-0.8840208774748497,612.7604166666667
9413,-0.8765433077820438,612.8255208333334
9414,-0.8532892905385924,612.890625
9415,-0.8700006408506507,612.9557291666667
9416,-0.7716518730293603,613.0208333333334
9417,-0.8602401031808629,613.0859375
9418,-0.828093330457068,613.1510416666667
9419,-0.845706042054897,613.2161458333334
9420,-0.8690462344665691,613.28125
9421,-0.8456730099181823,613.3463541666667
9422,-0.7647961052414034,613.4114583333334
9423,-0.8523601108955324,613.4765625
9424,-0.8423228145536543,613.5416666666667
9425,-0.7432983733913511,613.6067708333334
9426,-0.8439574145930975,613.671875
9427,-0.7449700568593556,613.7369791666667
9428,-0.7298725570076542,613.8020833333334
9429,-0.7799126776769865,613.8671875
9430,-0.7590738103433353,613.9322916666667
9431,-0.7184650743797953,613.9973958333334
9432,-0.7375782853045264,614.0625
9433,-0.7141740942149898,614.1276041666667
9434,-0.7419743591784931,614.1927083333334
9435,-0.6793859198607328,614.2578125
9436,-0.6655424843118319,614.3229166666667
9437,-0.6842769686425344,614.3880208333334
9438,-0.7009576692450283,614.453125
9439,-0.6597400058952858,614.5182291666667
9440,-0.6481756322818941,614.5833333333334
9441,-0.6149124228587776,614.6484375
9442,-0.5098915079128707,614.7135416666667
9443,-0.5309971607770008,614.7786458333334
9444,-0.6033834999363865,614.84375
9445,-0.5218157754756662,614.9088541666667
9446,-0.5392452694941503,614.9739583333334
9447,-0.49368333881940507,615.0390625
9448,-0.4323454238919889,615.1041666666667
9449,-0.37969314790803554,615.1692708333334
9450,-0.437900544703507,615.234375
9451,-0.46313661839628373,615.2994791666667
9452,-0.4022887594757996,615.3645833333334
9453,-0.4456000461874072,615.4296875
9454,-0.39894427355967976,615.4947916666667
9455,-0.3376238187255892,615.5598958333334
9456,-0.34492757647249084,615.625
9457,-0.31710788566663833,615.6901041666667
9458,-0.23191849302640877,615.7552083333334
9459,-0.3005309884576787,615.8203125
9460,-0.19175026703809156,615.8854166666667
9461,-0.20217372352034463,615.9505208333334
9462,-0.16195548356691375,616.015625
9463,-0.1891301039739139,616.0807291666667
9464,-0.18527270575764226,616.1458333333334
9465,-0.12265129996896076,616.2109375
9466,-0.12397221080039902,616.2760416666667
9467,-0.09091902267002254,616.3411458333334
9468,-0.12304923551627044,616.40625
9469,-0.07398357760608787,616.4713541666667
9470,-0.05103908119008043,616.5364583333334
9471,-0.02980100276641177,616.6015625
9472,-0.0013319199943271779,616.6666666666667
9473,0.11302280899547565,616.7317708333334
9474,0.03979441729114736,616.796875
9475,-0.014983633598654584,616.8619791666667
9476,0.10440469696214427,616.9270833333334
9477,0.10615591841990173,616.9921875
9478,0.12112939667055427,617.0572916666667
9479,0.1793105221506105,617.1223958333334
9480,0.15780735794053916,617.1875
9481,0.2692781219087505,617.2526041666667
9482,0.25964138365446243,617.3177083333334
9483,0.2821062081476757,617.3828125
9484,0.17956973414788166,617.4479166666667
9485,0.22912571725964007,617.5130208333334
9486,0.3476858591107704,617.578125
9487,0.25750942701786955,617.6432291666667
9488,0.3466080175952544,617.7083333333334
9489,0.2542015108234107,617.7734375
9490,0.31668961465722434,617.8385416666667
9491,0.36364774890445734,617.9036458333334
9492,0.3545433341254873,617.96875
9493,0.385153259824431,618.0338541666667
9494,0.4246750727620984,618.0989583333334
9495,0.4012151546465371,618.1640625
9496,0.4780437404562978,618.2291666666667
9497,0.5593189433617747,618.2942708333334
9498,0.6269217313465194,618.359375
9499,0.5333145152780198,618.4244791666667
9500,0.4413345072257693,618.4895833333334
9501,0.6078504124929643,618.5546875
9502,0.6410469826224091,618.6197916666667
9503,0.5718981850269789,618.6848958333334
9504,0.6161482381313934,618.75
9505,0.7359025952203838,618.8151041666667
9506,0.6337319058482777,618.8802083333334
9507,0.6949991046332558,618.9453125
9508,0.6972341905104915,619.0104166666667
9509,0.6751968785281302,619.0755208333334
9510,0.7096530835330951,619.140625
9511,0.655846332523887,619.2057291666667
9512,0.7591406191493215,619.2708333333334
9513,0.713213238206092,619.3359375
9514,0.7651034442034037,619.4010416666667
9515,0.8806541882978838,619.4661458333334
9516,0.7381218131432963,619.53125
9517,0.7188654026554953,619.5963541666667
9518,0.7315963630044545,619.6614583333334
9519,0.8501346789539352,619.7265625
9520,0.8276913717883658,619.7916666666667
9521,0.8360596241377571,619.8567708333334
9522,0.7904634004846081,619.921875
9523,0.849355210518211,619.9869791666667
9524,0.8493806147919437,620.0520833333334
9525,0.8883000185904261,620.1171875
9526,0.8398120785580542,620.1822916666667
9527,0.8561175106128157,620.2473958333334
9528,0.9242819188729106,620.3125
9529,0.8815702849177894,620.3776041666667
9530,0.8959918048412797,620.4427083333334
9531,0.8777496658401117,620.5078125
9532,0.889713418156639,620.5729166666667
9533,0.7857006132031736,620.6380208333334
9534,0.9489228590004801,620.703125
9535,0.8195965294936438,620.7682291666667
9536,0.8867843778953599,620.8333333333334
9537,0.8476705965558206,620.8984375
9538,0.9004197672852637,620.9635416666667
9539,0.9306304625769195,621.0286458333334
9540,0.9574753740039007,621.09375
9541,0.9089589684170145,621.1588541666667
9542,0.8990697143691555,621.2239583333334
9543,0.9057223370724026,621.2890625
9544,0.8887261855992424,621.3541666666667
9545,0.9661151289960215,621.4192708333334
9546,0.8642763101764152,621.484375
9547,0.8737711780908648,621.5494791666667
9548,0.8214839548949443,621.6145833333334
9549,0.7922775711124379,621.6796875
9550,0.9387208066047483,621.7447916666667
9551,0.9132674202441754,621.8098958333334
9552,0.8143091459602837,621.875
9553,0.9039573184154671,621.9401041666667
9554,0.7331616594677041,622.0052083333334
9555,0.8652016352049536,622.0703125
9556,0.8106737690162108,622.1354166666667
9557,0.7900623018287144,622.2005208333334
9558,0.7518504368456937,622.265625
9559,0.7721233862057094,622.3307291666667
9560,0.7791874585090426,622.3958333333334
9561,0.8108978962149167,622.4609375
9562,0.641627809727163,622.5260416666667
9563,0.7644560497209956,622.5911458333334
9564,0.7143220404569468,622.65625
9565,0.6688213327514162,622.7213541666667
9566,0.6691742298682825,622.7864583333334
9567,0.6808288417607926,622.8515625
9568,0.6927919960634868,622.9166666666667
9569,0.6310139420715413,622.9817708333334
9570,0.6318673021691203,623.046875
9571,0.5934671472126286,623.1119791666667
9572,0.5211432310853471,623.1770833333334
9573,0.5745499781173417,623.2421875
9574,0.43317632477025436,623.3072916666667
9575,0.5219980996990403,623.3723958333334
9576,0.47433118828815424,623.4375
9577,0.38778379894742593,623.5026041666667
9578,0.5016392910927032,623.5677083333334
9579,0.5701185705819076,623.6328125
9580,0.46267206704413366,623.6979166666667
9581,0.3055317318934509,623.7630208333334
9582,0.41074860539084856,623.828125
9583,0.3579794978623086,623.8932291666667
9584,0.3993138729269475,623.9583333333334
9585,0.29863730692349316,624.0234375
9586,0.33105078763842377,624.0885416666667
9587,0.33546459422964237,624.1536458333334
9588,0.2981589812071208,624.21875
9589,0.20101961980823999,624.2838541666667
9590,0.25870718130500625,624.3489583333334
9591,0.15952897016942943,624.4140625
9592,0.2401302025574441,624.4791666666667
9593,0.18782540865978356,624.5442708333334
9594,0.2006302311874913,624.609375
9595,0.12674449008640226,624.6744791666667
9596,0.14439354513669592,624.7395833333334
9597,0.13503140830124438,624.8046875
9598,0.031012768581570524,624.8697916666667
9599,0.05538765566561153,624.9348958333334
9600,-0.03590680409922712,625.0
9601,-0.07566400307378084,625.0651041666667
9602,0.0037117002352698614,625.1302083333334
9603,-0.09534585067122991,625.1953125
9604,-0.043186903213890966,625.2604166666667
9605,-0.07175297202923699,625.3255208333334
9606,-0.21938352442222483,625.390625
9607,-0.13112704471833572,625.4557291666667
9608,-0.08246163215159513,625.5208333333334
9609,-0.19119481976840677,625.5859375
9610,-0.24739459449359724,625.6510416666667
9611,-0.13230769294216407,625.7161458333334
9612,-0.16852803308527434,625.78125
9613,-0.3395173220585439,625.8463541666667
9614,-0.40187449316356083,625.9114583333334
9615,-0.31888009706506054,625.9765625
9616,-0.4149527412490648,626.0416666666667
9617,-0.32934252138769116,626.1067708333334
9618,-0.43516005737481944,626.171875
9619,-0.3767772784989155,626.2369791666667
9620,-0.48703317344582026,626.3020833333334
9621,-0.433735594577445,626.3671875
9622,-0.4311346740807213,626.4322916666667
9623,-0.5457548026037953,626.4973958333334
9624,-0.500026804501793,626.5625
9625,-0.5639242898984045,626.6276041666667
9626,-0.617588910050808,626.6927083333334
9627,-0.695401437946531,626.7578125
9628,-0.6022927416561067,626.8229166666667
9629,-0.6397388695766091,626.8880208333334
9630,-0.5991889606947123,626.953125
9631,-0.5985967295018353,627.0182291666667
9632,-0.7003145891208298,627.0833333333334
9633,-0.7179449265627105,627.1484375
9634,-0.7151542536342697,627.2135416666667
9635,-0.7258259382844782,627.2786458333334
9636,-0.702426624499208,627.34375
9637,-0.7071887264801958,627.4088541666667
9638,-0.7792558386189543,627.4739583333334
9639,-0.7555818351220418,627.5390625
9640,-0.8146525715464397,627.6041666666667
9641,-0.8310469431553201,627.6692708333334
9642,-0.8709879567700098,627.734375
9643,-0.8564065370348137,627.7994791666667
9644,-0.8062894019898517,627.8645833333334
9645,-0.8416200606473372,627.9296875
9646,-0.8103365770251393,627.9947916666667
9647,-0.8308085394045693,628.0598958333334
9648,-0.8632355082453097,628.125
9649,-0.9316194513539329,628.1901041666667
9650,-0.8746878939697831,628.2552083333334
9651,-0.9102791894666362,628.3203125
9652,-0.8303411327034679,628.3854166666667
9653,-0.9111616096392313,628.4505208333334
9654,-0.9823660654869982,628.515625
9655,-0.9896479915654521,628.5807291666667
9656,-0.99272172955304,628.6458333333334
9657,-0.9769340903518441,628.7109375
9658,-0.9171669541129182,628.7760416666667
9659,-1.0311122196817695,628.8411458333334
9660,-0.9537841739411143,628.90625
9661,-0.9831017015911161,628.9713541666667
9662,-0.9818445137115295,629.0364583333334
9663,-0.9745433334617674,629.1015625
9664,-0.9661236077660033,629.1666666666667
9665,-1.021549824277848,629.2317708333334
9666,-0.9365611682547755,629.296875
9667,-0.974952861990894,629.3619791666667
9668,-0.9127143181998103,629.4270833333334
9669,-0.9903930682715166,629.4921875
9670,-0.9638643147444833,629.5572916666667
9671,-0.9196991814295078,629.6223958333334
9672,-0.9914955585923841,629.6875
9673,-0.9374715401633813,629.7526041666667
9674,-0.9889908407724858,629.8177083333334
9675,-0.9520393502960122,629.8828125
9676,-1.0066490948132485,629.9479166666667
9677,-0.9362686119171665,630.0130208333334
9678,-0.9610968705621938,630.078125
9679,-0.8690690303875197,630.1432291666667
9680,-0.9190065250116981,630.2083333333334
9681,-0.9146204257316175,630.2734375
9682,-0.8950983181971194,630.3385416666667
9683,-0.8985909950207168,630.4036458333334
9684,-0.8273908175295696,630.46875
9685,-0.8537430298962366,630.5338541666667
9686,-0.953187589360486,630.5989583333334
9687,-0.7272760830117231,630.6640625
9688,-0.8077937311410346,630.7291666666667
9689,-0.7919559488180384,630.7942708333334
9690,-0.7774505254073617,630.859375
9691,-0.7224682481124854,630.9244791666667
9692,-0.7771208678452506,630.9895833333334
9693,-0.7418239469469766,631.0546875
9694,-0.7737491924815575,631.1197916666667
9695,-0.6511139469584689,631.1848958333334
9696,-0.7680843138328923,631.25
9697,-0.6180246275639273,631.3151041666667
9698,-0.7292915677497608,631.3802083333334
9699,-0.7081870056322468,631.4453125
9700,-0.6175934273179253,631.5104166666667
9701,-0.5847041753064508,631.5755208333334
9702,-0.5980329346338963,631.640625
9703,-0.6581921622438559,631.7057291666667
9704,-0.5919968198517221,631.7708333333334
9705,-0.6186458492433033,631.8359375
9706,-0.5382733430015435,631.9010416666667
9707,-0.5336455215673901,631.9661458333334
9708,-0.500301733819492,632.03125
9709,-0.4520434596228332,632.0963541666667
9710,-0.37859901640726823,632.1614583333334
9711,-0.418535453630289,632.2265625
9712,-0.41804108606244295,632.2916666666667
9713,-0.42734932952514165,632.3567708333334
9714,-0.33122562589091964,632.421875
9715,-0.30668209561357307,632.4869791666667
9716,-0.22255923509156575,632.5520833333334
9717,-0.2273966110034037,632.6171875
9718,-0.19544732494165087,632.6822916666667
9719,-0.28073057331288814,632.7473958333334
9720,-0.22079373376463546,632.8125
9721,-0.24463498801555267,632.8776041666667
9722,-0.09073321460291768,632.9427083333334
9723,-0.1329331091793393,633.0078125
9724,-0.15445302462385216,633.0729166666667
9725,-0.04892082355378434,633.1380208333334
9726,-0.036323275068857866,633.203125
9727,-0.10237185908911521,633.2682291666667
9728,-0.03371709304990252,633.3333333333334
9729,0.054499513887586226,633.3984375
9730,0.06484126112201205,633.4635416666667
9731,0.08111684745346859,633.5286458333334
9732,0.22995097397612693,633.59375
9733,0.1413800359573535,633.6588541666667
9734,0.0876332062233956,633.7239583333334
9735,0.1422532495838747,633.7890625
9736,0.15169477606076495,633.8541666666667
9737,0.15580788177623706,633.9192708333334
9738,0.3154096050014291,633.984375
9739,0.2782750968100764,634.0494791666667
9740,0.28997629106245504,634.1145833333334
9741,0.3883551109483087,634.1796875
9742,0.31851891142696315,634.2447916666667
9743,0.3079794556558396,634.3098958333334
9744,0.41837238863994486,634.375
9745,0.43804813861274783,634.4401041666667
9746,0.38975537663472,634.5052083333334
9747,0.5020063959069437,634.5703125
9748,0.49439628099936117,634.6354166666667
9749,0.5174971524494126,634.7005208333334
9750,0.5319075020855387,634.765625
9751,0.602040821924972,634.8307291666667
9752,0.5483486718376492,634.8958333333334
9753,0.5930911303315257,634.9609375
9754,0.6188256114215527,635.0260416666667
9755,0.5762730811273727,635.0911458333334
9756,0.6121263684648045,635.15625
9757,0.6738605068247597,635.2213541666667
9758,0.7302449241049963,635.2864583333334
9759,0.720284334562323,635.3515625
9760,0.761167396659375,635.4166666666667
9761,0.880553120190459,635.4817708333334
9762,0.743107470608327,635.546875
9763,0.8651543341762841,635.6119791666667
9764,0.7813310552035062,635.6770833333334
9765,0.8549793659283823,635.7421875
9766,0.7496529040481495,635.8072916666667
9767,0.8091146795787908,635.8723958333334
9768,0.8330132192232547,635.9375
9769,0.8182684308014653,636.0026041666667
9770,0.9100648837374421,636.0677083333334
9771,0.8301518945440421,636.1328125
9772,0.9520050087985311,636.1979166666667
9773,1.0127374307356982,636.2630208333334
9774,0.9660235461030158,636.328125
9775,0.8485428341986252,636.3932291666667
9776,0.986749333632907,636.4583333333334
9777,0.9396523706297312,636.5234375
9778,1.002942714125523,636.5885416666667
9779,1.0349786924120288,636.6536458333334
9780,1.009980681512186,636.71875
9781,1.0452721754890626,636.7838541666667
9782,1.0801034159006324,636.8489583333334
9783,1.0196320247327375,636.9140625
9784,1.0746984993258801,636.9791666666667
9785,1.1031667905659168,637.0442708333334
9786,1.002658931228029,637.109375
9787,0.9573713360735436,637.1744791666667
9788,1.0258215876456822,637.2395833333334
9789,1.015911992250318,637.3046875
9790,1.1070436757708544,637.3697916666667
9791,1.0622416298188233,637.4348958333334
9792,1.1432949401586463,637.5
9793,1.0604139054323571,637.5651041666667
9794,1.1064989127389568,637.6302083333334
9795,1.0096130470983948,637.6953125
9796,1.0279716073158558,637.7604166666667
9797,1.0596250352983405,637.8255208333334
9798,1.0420010980435142,637.890625
9799,1.0127072411534561,637.9557291666667
9800,1.0248272827287408,638.0208333333334
9801,0.9741009383709246,638.0859375
9802,1.1258063264297236,638.1510416666667
9803,1.0340673698030929,638.2161458333334
9804,1.0351236070548107,638.28125
9805,1.0061055626799031,638.3463541666667
9806,0.9517756228314685,638.4114583333334
9807,0.9476271787466694,638.4765625
9808,0.9710246114225877,638.5416666666667
9809,0.9763088154648938,638.6067708333334
9810,0.9640519849766438,638.671875
9811,0.9259250220853412,638.7369791666667
9812,0.9012101029045357,638.8020833333334
9813,0.9637096852516734,638.8671875
9814,0.9330268123588612,638.9322916666667
9815,0.9537566532475313,638.9973958333334
9816,0.8809553768756065,639.0625
9817,0.9123053252368384,639.1276041666667
9818,0.9228455550819743,639.1927083333334
9819,0.889697754011809,639.2578125
9820,0.7507254670870814,639.3229166666667
9821,0.7695164440538089,639.3880208333334
9822,0.8274334369170412,639.453125
9823,0.7754003330709978,639.5182291666667
9824,0.6633883273757405,639.5833333333334
9825,0.7301954424378875,639.6484375
9826,0.738315187986799,639.7135416666667
9827,0.6958192225594928,639.7786458333334
9828,0.6623965167938892,639.84375
9829,0.6408362605239909,639.9088541666667
9830,0.7030614664226962,639.9739583333334
9831,0.6260061392759152,640.0390625
9832,0.6042555842409139,640.1041666666667
9833,0.5415258750137538,640.1692708333334
9834,0.5732563257228888,640.234375
9835,0.5773188310800079,640.2994791666667
9836,0.6448969398296114,640.3645833333334
9837,0.5222981667493818,640.4296875
9838,0.3736225574907073,640.4947916666667
9839,0.35414247096873064,640.5598958333334
9840,0.37666126382285403,640.625
9841,0.26837501259911145,640.6901041666667
9842,0.4001864298917898,640.7552083333334
9843,0.25315886521743236,640.8203125
9844,0.26986575288044845,640.8854166666667
9845,0.2973728205190085,640.9505208333334
9846,0.1892809342254008,641.015625
9847,0.23195178277437614,641.0807291666667
9848,0.2750087839335916,641.1458333333334
9849,0.2775027623312467,641.2109375
9850,0.07192872726350967,641.2760416666667
9851,0.16449890339946427,641.3411458333334
9852,0.19717085929834377,641.40625
9853,0.09129329053226587,641.4713541666667
9854,0.07809892874714365,641.5364583333334
9855,0.14796557532604104,641.6015625
9856,-0.036001892581607166,641.6666666666667
9857,-0.12634540774246825,641.7317708333334
9858,-0.01708633927692393,641.796875
9859,-0.13274141807746054,641.8619791666667
9860,-0.1173652890621479,641.9270833333334
9861,-0.20707241688302983,641.9921875
9862,-0.1970671928901314,642.0572916666667
9863,-0.19917170998208913,642.1223958333334
9864,-0.2102942369805919,642.1875
9865,-0.27726244761949753,642.2526041666667
9866,-0.3105989389446122,642.3177083333334
9867,-0.3230516153377652,642.3828125
9868,-0.26914112898969483,642.4479166666667
9869,-0.27245921921662997,642.5130208333334
9870,-0.313908188999353,642.578125
9871,-0.40042401594208615,642.6432291666667
9872,-0.4239986884775426,642.7083333333334
9873,-0.4826704450137358,642.7734375
9874,-0.4721277344355538,642.8385416666667
9875,-0.40643649294344575,642.9036458333334
9876,-0.5553070648228161,642.96875
9877,-0.6885958592371776,643.0338541666667
9878,-0.6585412478681317,643.0989583333334
9879,-0.6045538590552099,643.1640625
9880,-0.637123308465291,643.2291666666667
9881,-0.681597048748974,643.2942708333334
9882,-0.6108672907553022,643.359375
9883,-0.6780133509059086,643.4244791666667
9884,-0.7330548458717374,643.4895833333334
9885,-0.837856314541331,643.5546875
9886,-0.7623355781280688,643.6197916666667
9887,-0.8083906874003337,643.6848958333334
9888,-0.9132810853501716,643.75
9889,-0.7306516328952561,643.8151041666667
9890,-0.8020409560123598,643.8802083333334
9891,-0.8074921040767143,643.9453125
9892,-0.9051764962226592,644.0104166666667
9893,-0.94650788029586,644.0755208333334
9894,-0.959344987183608,644.140625
9895,-0.9164086514939092,644.2057291666667
9896,-0.8850004869772555,644.2708333333334
9897,-0.8411973972615397,644.3359375
9898,-0.965223588197146,644.4010416666667
9899,-0.9597860284394134,644.4661458333334
9900,-1.0476011772412728,644.53125
9901,-1.003897108800197,644.5963541666667
9902,-0.9448624275380714,644.6614583333334
9903,-1.055457708835661,644.7265625
9904,-0.9950531065254455,644.7916666666667
9905,-1.018341555141601,644.8567708333334
9906,-1.197063483446463,644.921875
9907,-1.040485558741766,644.9869791666667
9908,-1.0198217627437673,645.0520833333334
9909,-1.1220516771391393,645.1171875
9910,-1.1647373402635868,645.1822916666667
9911,-1.066716738771777,645.2473958333334
9912,-1.071036203987471,645.3125
9913,-1.0943552517231536,645.3776041666667
9914,-1.1526759836626874,645.4427083333334
9915,-1.015320673596342,645.5078125
9916,-1.1681353449462994,645.5729166666667
9917,-1.2024871996772744,645.6380208333334
9918,-1.1132868176592419,645.703125
9919,-1.1033507964743954,645.7682291666667
9920,-1.114206613244017,645.8333333333334
9921,-1.028004395452742,645.8984375
9922,-1.1241316089005196,645.9635416666667
9923,-1.089247072180709,646.0286458333334
9924,-1.1649399116453378,646.09375
9925,-1.048797766375418,646.1588541666667
9926,-1.0295206811499176,646.2239583333334
9927,-1.0973096771185744,646.2890625
9928,-1.0449915160329337,646.3541666666667
9929,-1.0154034864149908,646.4192708333334
9930,-1.1330130558445557,646.484375
9931,-1.2036228913815352,646.5494791666667
9932,-0.9265700187863085,646.6145833333334
9933,-0.9858020320708897,646.6796875
9934,-1.0978138207565462,646.7447916666667
9935,-1.0960448741416353,646.8098958333334
9936,-1.1092156615248978,646.875
9937,-1.0141895537575825,646.9401041666667
9938,-1.117052719563727,647.0052083333334
9939,-1.0696199268786255,647.0703125
9940,-0.9110439425977566,647.1354166666667
9941,-0.9397119828223028,647.2005208333334
9942,-0.9448828663916653,647.265625
9943,-0.9631466187370643,647.3307291666667
9944,-0.9908548492790007,647.3958333333334
9945,-0.8942201910375466,647.4609375
9946,-0.8645387825457467,647.5260416666667
9947,-0.8558889143978422,647.5911458333334
9948,-0.8452844385500815,647.65625
9949,-0.8233462534442748,647.7213541666667
9950,-0.7761767523414485,647.7864583333334
9951,-0.8803733996412448,647.8515625
9952,-0.8478788582135693,647.9166666666667
9953,-0.81225515434947,647.9817708333334
9954,-0.7485162743377798,648.046875
9955,-0.7528889606665914,648.1119791666667
9956,-0.775064610207916,648.1770833333334
9957,-0.6908206145103488,648.2421875
9958,-0.7300164946269171,648.3072916666667
9959,-0.6916892226227029,648.3723958333334
9960,-0.7058326972351924,648.4375
9961,-0.6438494948077259,648.5026041666667
9962,-0.531105664874978,648.5677083333334
9963,-0.5828678697846775,648.6328125
9964,-0.4726967601372967,648.6979166666667
9965,-0.5768818449983616,648.7630208333334
9966,-0.34109060866494506,648.828125
9967,-0.4258742034798012,648.8932291666667
9968,-0.35100130468475704,648.9583333333334
9969,-0.4758770434665154,649.0234375
9970,-0.39434456416533564,649.0885416666667
9971,-0.2886496299975429,649.1536458333334
9972,-0.33480678986775053,649.21875
9973,-0.2549963803166824,649.2838541666667
9974,-0.30178372296038525,649.3489583333334
9975,-0.17846196311747883,649.4140625
9976,-0.22282891412673966,649.4791666666667
9977,-0.23449885253678956,649.5442708333334
9978,-0.2200828045388597,649.609375
9979,-0.13677901092310685,649.6744791666667
9980,-0.06181947691732723,649.7395833333334
9981,-0.17034542116973916,649.8046875
9982,-0.008496239730631301,649.8697916666667
9983,-0.026073449730268875,649.9348958333334
9984,-0.07561269971129932,650.0
9985,0.04714824379973763,650.0651041666667
9986,-0.013078348155098651,650.1302083333334
9987,0.17894964508306477,650.1953125
9988,0.16270436526421847,650.2604166666667
9989,0.14874038223813787,650.3255208333334
9990,0.17427534796907002,650.390625
9991,0.1871983363116929,650.4557291666667
9992,0.298204655128609,650.5208333333334
9993,0.3272889113680762,650.5859375
9994,0.32960412575541215,650.6510416666667
9995,0.3613928954421306,650.7161458333334
9996,0.250448458418972,650.78125
9997,0.39042489143948567,650.8463541666667
9998,0.4582887188028515,650.9114583333334
9999,0.4132796583215915,650.9765625
10000,0.5407588201157788,651.0416666666667
10001,0.5641220036809582,651.1067708333334
10002,0.46846359218543426,651.171875
10003,0.4865790318287928,651.2369791666667
10004,0.5358971216686141,651.3020833333334
10005,0.48619660725234987,651.3671875
10006,0.6014527708726879,651.4322916666667
10007,0.595538000003423,651.4973958333334
10008,0.6713784982102899,651.5625
10009,0.6880419839467258,651.6276041666667
10010,0.6935326591764607,651.6927083333334
10011,0.7116598674389805,651.7578125
10012,0.7099437072721252,651.8229166666667
10013,0.7635526507666094,651.8880208333334
10014,0.8259562793134978,651.953125
10015,0.6960064266109603,652.0182291666667
10016,0.8212082951095533,652.0833333333334
10017,0.8619761254698703,652.1484375
10018,0.8275459402959519,652.2135416666667
10019,0.847419528540883,652.2786458333334
10020,0.9356133944051139,652.34375
10021,0.9674540005001832,652.4088541666667
10022,1.0882298703920608,652.4739583333334
10023,1.0140726061122045,652.5390625
10024,0.9536079959549769,652.6041666666667
10025,0.9536464943713644,652.6692708333334
10026,0.9747681786050261,652.734375
10027,0.9108779055458581,652.7994791666667
10028,0.9270616516793604,652.8645833333334
10029,0.995548486426201,652.9296875
10030,0.8794206251915941,652.9947916666667
10031,0.997767276961799,653.0598958333334
10032,1.1508685578566187,653.125
10033,1.220718227393663,653.1901041666667
10034,1.0226507558314568,653.2552083333334
10035,1.0505740792364002,653.3203125
10036,1.0987058885056193,653.3854166666667
10037,1.2052890984535396,653.4505208333334
10038,1.122904879995649,653.515625
10039,1.1751098651112681,653.5807291666667
10040,0.9936159848659366,653.6458333333334
10041,1.0893574852318755,653.7109375
10042,1.1900060732838278,653.7760416666667
10043,1.014480132033128,653.8411458333334
10044,1.096013251923756,653.90625
10045,1.1853396291701923,653.9713541666667
10046,1.1138541587994648,654.0364583333334
10047,1.1402951268664268,654.1015625
10048,1.2146918295568558,654.1666666666667
10049,1.1617914760975476,654.2317708333334
10050,1.131814582441663,654.296875
10051,1.0825862690038575,654.3619791666667
10052,1.1320624043727097,654.4270833333334
10053,1.045247762766625,654.4921875
10054,1.1294001004999579,654.5572916666667
10055,1.1334720347458158,654.6223958333334
10056,1.1192187767234083,654.6875
10057,1.1001567833272723,654.7526041666667
10058,1.1263465509988622,654.8177083333334
10059,0.9465865816169742,654.8828125
10060,1.0795094578091529,654.9479166666667
10061,1.125264059687949,655.0130208333334
10062,1.0328332484244314,655.078125
10063,1.0725864284182343,655.1432291666667
10064,1.071930277248441,655.2083333333334
10065,1.031376118985211,655.2734375
10066,0.9921122687712001,655.3385416666667
10067,1.0095694504815171,655.4036458333334
10068,0.9481699670773699,655.46875
10069,0.9851291893879311,655.5338541666667
10070,0.9597816483012676,655.5989583333334
10071,0.9580786529322507,655.6640625
10072,0.9300436982658361,655.7291666666667
10073,0.9206198789089785,655.7942708333334
10074,0.8782616092481614,655.859375
10075,0.8679600265856812,655.9244791666667
10076,0.8440335775120887,655.9895833333334
10077,0.8856666260991198,656.0546875
10078,0.8103611484317353,656.1197916666667
10079,0.7906299508779275,656.1848958333334
10080,0.914728248649025,656.25
10081,0.8155990615305478,656.3151041666667
10082,0.858520169660558,656.3802083333334
10083,0.7116200795703114,656.4453125
10084,0.7555138097036939,656.5104166666667
10085,0.7291029343412672,656.5755208333334
10086,0.7465276326659962,656.640625
10087,0.7629238647535619,656.7057291666667
10088,0.6616857558584238,656.7708333333334
10089,0.6138145511955042,656.8359375
10090,0.705961564590634,656.9010416666667
10091,0.603279317684038,656.9661458333334
10092,0.5211133903249558,657.03125
10093,0.5142548482431314,657.0963541666667
10094,0.4853193976352821,657.1614583333334
10095,0.4157361332716952,657.2265625
10096,0.40437746963806087,657.2916666666667
10097,0.4589381050361842,657.3567708333334
10098,0.43218861624675736,657.421875
10099,0.33704998297735994,657.4869791666667
10100,0.25508724000839333,657.5520833333334
10101,0.28147493522206446,657.6171875
10102,0.32800880428603824,657.6822916666667
10103,0.20508745529325698,657.7473958333334
10104,0.09656540780849568,657.8125
10105,0.14243472937587015,657.8776041666667
10106,0.20255984749059086,657.9427083333334
10107,0.03514304986738681,658.0078125
10108,0.07415622858276397,658.0729166666667
10109,0.04834882731307922,658.1380208333334
10110,0.011777865594025622,658.203125
10111,0.11193705140997959,658.2682291666667
10112,0.04695608322459054,658.3333333333334
10113,-0.057847461831566326,658.3984375
10114,-0.07560937254042653,658.4635416666667
10115,-0.008280025621647934,658.5286458333334
10116,-0.07379323038912106,658.59375
10117,-0.22453655331552097,658.6588541666667
10118,-0.16126636640009923,658.7239583333334
10119,-0.17294675807986318,658.7890625
10120,-0.22815108587149338,658.8541666666667
10121,-0.10703647413181717,658.9192708333334
10122,-0.2602759643968254,658.984375
10123,-0.19011052961386904,659.0494791666667
10124,-0.33248207214424624,659.1145833333334
10125,-0.3610260776491512,659.1796875
10126,-0.36735576614105675,659.2447916666667
10127,-0.4307265532850968,659.3098958333334
10128,-0.44759628943072266,659.375
10129,-0.33647048828852,659.4401041666667
10130,-0.47887177587189433,659.5052083333334
10131,-0.5260994338675041,659.5703125
10132,-0.615031161204694,659.6354166666667
10133,-0.6046109738267377,659.7005208333334
10134,-0.558972004704851,659.765625
10135,-0.705507684430887,659.8307291666667
10136,-0.5540389870721346,659.8958333333334
10137,-0.6625230933200491,659.9609375
10138,-0.6158965981005353,660.0260416666667
10139,-0.7128926553147396,660.0911458333334
10140,-0.6161276118197194,660.15625
10141,-0.8116017247772233,660.2213541666667
10142,-0.6399356114207213,660.2864583333334
10143,-0.6996068264564395,660.3515625
10144,-0.7203896002095804,660.4166666666667
10145,-0.8860267506765507,660.4817708333334
10146,-0.8388067788830156,660.546875
10147,-0.8523162523858555,660.6119791666667
10148,-0.8536878453323465,660.6770833333334
10149,-0.9155537093392357,660.7421875
10150,-0.9243114712508292,660.8072916666667
10151,-0.8756805455020289,660.8723958333334
10152,-0.8721873424001517,660.9375
10153,-0.9810908046389137,661.0026041666667
10154,-0.9293168383847908,661.0677083333334
10155,-0.9158105565140822,661.1328125
10156,-0.9014574051438277,661.1979166666667
10157,-1.0263751560300811,661.2630208333334
10158,-1.0582882218661296,661.328125
10159,-0.9575065481403993,661.3932291666667
10160,-1.0766008971114842,661.4583333333334
10161,-1.0464068880394866,661.5234375
10162,-1.1425394984961903,661.5885416666667
10163,-0.996834536399878,661.6536458333334
10164,-1.101799476810858,661.71875
10165,-1.0182684553895653,661.7838541666667
10166,-1.0800780105970997,661.8489583333334
10167,-1.1143806236484113,661.9140625
10168,-1.099691426892091,661.9791666666667
10169,-1.1790866629936936,662.0442708333334
10170,-0.9970603797030713,662.109375
10171,-1.04768078866799,662.1744791666667
10172,-1.0509342247217666,662.2395833333334
10173,-1.146124116257487,662.3046875
10174,-1.0616588974469405,662.3697916666667
10175,-1.1115307967790915,662.4348958333334
10176,-1.064433150660197,662.5
10177,-0.9911190458613992,662.5651041666667
10178,-1.0421406581642816,662.6302083333334
10179,-1.1610117558673074,662.6953125
10180,-0.939484511736178,662.7604166666667
10181,-1.0540378321800445,662.8255208333334
10182,-1.07171480383965,662.890625
10183,-1.1537340026896825,662.9557291666667
10184,-1.1412829763283823,663.0208333333334
10185,-1.14098078835041,663.0859375
10186,-1.1169589919046532,663.1510416666667
10187,-0.942455718073205,663.2161458333334
10188,-1.0283078182745158,663.28125
10189,-1.040405056385384,663.3463541666667
10190,-1.0674037797343656,663.4114583333334
10191,-1.0043652039483542,663.4765625
10192,-1.046229009063285,663.5416666666667
10193,-1.0749642382935276,663.6067708333334
10194,-0.9423142900659172,663.671875
10195,-0.9674372398254489,663.7369791666667
10196,-0.9400559206505127,663.8020833333334
10197,-0.9087561589278842,663.8671875
10198,-0.9213805270784161,663.9322916666667
10199,-0.8807593929216649,663.9973958333334
10200,-0.9186833494188119,664.0625
10201,-0.8774632791373115,664.1276041666667
10202,-0.8970148360845511,664.1927083333334
10203,-0.846023384267667,664.2578125
10204,-0.8005652836428756,664.3229166666667
10205,-0.7578943493492907,664.3880208333334
10206,-0.8187172592244952,664.453125
10207,-0.7246427834395395,664.5182291666667
10208,-0.7657169813504676,664.5833333333334
10209,-0.711038707101809,664.6484375
10210,-0.7164312288400114,664.7135416666667
10211,-0.7148249875753069,664.7786458333334
10212,-0.506268172034114,664.84375
10213,-0.7408446705502197,664.9088541666667
10214,-0.5471201617511351,664.9739583333334
10215,-0.5638775807969868,665.0390625
10216,-0.6389555489660006,665.1041666666667
10217,-0.582796498611564,665.1692708333334
10218,-0.6208296654288162,665.234375
10219,-0.4164521655584508,665.2994791666667
10220,-0.5477544172463233,665.3645833333334
10221,-0.4890893677864212,665.4296875
10222,-0.39387034406695665,665.4947916666667
10223,-0.3144459245012479,665.5598958333334
10224,-0.37799622705626035,665.625
10225,-0.4103171088136613,665.6901041666667
10226,-0.3293393860831593,665.7552083333334
10227,-0.19960597232595012,665.8203125
10228,-0.23695458692558097,665.8854166666667
10229,-0.30323970340699014,665.9505208333334
10230,-0.24370653722933663,666.015625
10231,-0.25751175665836096,666.0807291666667
10232,-0.20597062327140453,666.1458333333334
10233,-0.22226872722699262,666.2109375
10234,-0.2643379227053915,666.2760416666667
10235,-0.06274518158703483,666.3411458333334
10236,-0.10278674943173301,666.40625
10237,-0.11758027101444282,666.4713541666667
10238,-0.016214626194893465,666.5364583333334
10239,0.01410532650260607,666.6015625
10240,0.04929029072692936,666.6666666666667
10241,-0.020641341671648786,666.7317708333334
10242,0.12798131762549006,666.796875
10243,0.08003732401836836,666.8619791666667
10244,0.021887487169874955,666.9270833333334
10245,0.1752706218906577,666.9921875
10246,0.11507401571185746,667.0572916666667
10247,0.19492864101845891,667.1223958333334
10248,0.20301385202560734,667.1875
10249,0.1669346126975818,667.2526041666667
10250,0.1893275153080494,667.3177083333334
10251,0.2719155051438318,667.3828125
10252,0.24841023047786667,667.4479166666667
10253,0.3285360141322979,667.5130208333334
10254,0.3389681871660135,667.578125
10255,0.3408338122100706,667.6432291666667
10256,0.3400750830521926,667.7083333333334
10257,0.41888529712216166,667.7734375
10258,0.4289060319793509,667.8385416666667
10259,0.43220615996736333,667.9036458333334
10260,0.47357315370325115,667.96875
10261,0.45102443616724286,668.0338541666667
10262,0.5253331330378757,668.0989583333334
10263,0.5348217104697844,668.1640625
10264,0.6038962811885084,668.2291666666667
10265,0.6082971989629585,668.2942708333334
10266,0.621809972294688,668.359375
10267,0.6730026066032031,668.4244791666667
10268,0.5859713309505943,668.4895833333334
10269,0.6694698637067515,668.5546875
10270,0.6734224914038681,668.6197916666667
10271,0.7336900559969681,668.6848958333334
10272,0.6878692167744567,668.75
10273,0.7150449079581617,668.8151041666667
10274,0.6974125331897195,668.8802083333334
10275,0.7468107692414098,668.9453125
10276,0.7791271027842823,669.0104166666667
10277,0.8172789061194977,669.0755208333334
10278,0.8112414738999357,669.140625
10279,0.8125967057871784,669.2057291666667
10280,0.9408459864626266,669.2708333333334
10281,0.8599541545622237,669.3359375
10282,0.8917264492888805,669.4010416666667
10283,0.9179693099505718,669.4661458333334
10284,0.9215016810286478,669.53125
10285,0.9795950562365794,669.5963541666667
10286,0.8827345956902959,669.6614583333334
10287,1.0046941197909793,669.7265625
10288,0.8577158802184536,669.7916666666667
10289,1.0148959574285574,669.8567708333334
10290,0.9675664895418848,669.921875
10291,0.8452380739522256,669.9869791666667
10292,0.9934508810461699,670.0520833333334
10293,1.0331514750910908,670.1171875
10294,1.0607964326380763,670.1822916666667
10295,1.0180199825337928,670.2473958333334
10296,0.9705339415023359,670.3125
10297,1.0329119920787917,670.3776041666667
10298,1.0120358595176564,670.4427083333334
10299,0.9273789191349731,670.5078125
10300,1.0859756631250912,670.5729166666667
10301,1.0387823899595021,670.6380208333334
10302,1.016666361488459,670.703125
10303,0.9849689245346347,670.7682291666667
10304,0.9557818230331451,670.8333333333334
10305,1.0792138755449545,670.8984375
10306,0.9766111096483806,670.9635416666667
10307,1.0894024158871347,671.0286458333334
10308,0.8785650104437741,671.09375
10309,1.011626148596739,671.1588541666667
10310,0.9277837328830189,671.2239583333334
10311,1.013379367187592,671.2890625
10312,0.8731290502877839,671.3541666666667
10313,0.9880013898562667,671.4192708333334
10314,1.0368655459176719,671.484375
10315,0.8727698085918211,671.5494791666667
10316,0.9819264060155352,671.6145833333334
10317,0.973061174500349,671.6796875
10318,0.9778152323351978,671.7447916666667
10319,0.8866950159105996,671.8098958333334
10320,0.9286132471709243,671.875
10321,0.9243431696626297,671.9401041666667
10322,0.9154322667741168,672.0052083333334
10323,0.8261331058158989,672.0703125
10324,0.8651804887539369,672.1354166666667
10325,0.8499073407449754,672.2005208333334
10326,0.8321756556469279,672.265625
10327,0.8577620688109349,672.3307291666667
10328,0.7984288459905172,672.3958333333334
10329,0.7844848728209319,672.4609375
10330,0.8133601426868923,672.5260416666667
10331,0.7894138715958869,672.5911458333334
10332,0.7262377228489486,672.65625
10333,0.7435862973824318,672.7213541666667
10334,0.6881791951482289,672.7864583333334
10335,0.6881837144315612,672.8515625
10336,0.6576553135710627,672.9166666666667
10337,0.7484449190019719,672.9817708333334
10338,0.6174135568166847,673.046875
10339,0.627751270054787,673.1119791666667
10340,0.7022072765523362,673.1770833333334
10341,0.5835262709641279,673.2421875
10342,0.5477196216933836,673.3072916666667
10343,0.5351237182907875,673.3723958333334
10344,0.5757536205548303,673.4375
10345,0.46892652635661597,673.5026041666667
10346,0.44149482232024206,673.5677083333334
10347,0.6373664122714994,673.6328125
10348,0.5159112252670026,673.6979166666667
10349,0.43478342171061124,673.7630208333334
10350,0.41566012967238714,673.828125
10351,0.37987899700034483,673.8932291666667
10352,0.35879527957882085,673.9583333333334
10353,0.324378273689843,674.0234375
10354,0.28121463178361167,674.0885416666667
10355,0.32129674483921283,674.1536458333334
10356,0.28020054698556995,674.21875
10357,0.20054932801865363,674.2838541666667
10358,0.26175405946357033,674.3489583333334
10359,0.25597979777209817,674.4140625
10360,0.22028678825613496,674.4791666666667
10361,0.12495716764886039,674.5442708333334
10362,0.1356346833369675,674.609375
10363,0.1137013172951247,674.6744791666667
10364,0.04175733644462932,674.7395833333334
10365,0.05336796321706237,674.8046875
10366,0.08422402664522527,674.8697916666667
10367,0.07275023681804338,674.9348958333334
10368,0.07681534913779864,675.0
10369,-0.15596961640605042,675.0651041666667
10370,-0.05814085947428389,675.1302083333334
10371,-0.04666243388414132,675.1953125
10372,-0.160639630078449,675.2604166666667
10373,-0.1043133512870268,675.3255208333334
10374,-0.14808245746851478,675.390625
10375,-0.11014640988120561,675.4557291666667
10376,-0.2401989172893868,675.5208333333334
10377,-0.19581719575476175,675.5859375
10378,-0.3446667114622553,675.6510416666667
10379,-0.2712577776562048,675.7161458333334
10380,-0.29063466954931694,675.78125
10381,-0.33383323508873913,675.8463541666667
10382,-0.3232743619979855,675.9114583333334
10383,-0.34092762102478297,675.9765625
10384,-0.2893717404281211,676.0416666666667
10385,-0.3113329240370849,676.1067708333334
10386,-0.3301508867861452,676.171875
10387,-0.4922455911684042,676.2369791666667
10388,-0.43861030806123635,676.3020833333334
10389,-0.4159999566882001,676.3671875
10390,-0.5525388300132084,676.4322916666667
10391,-0.5632841706395284,676.4973958333334
10392,-0.44617067730395993,676.5625
10393,-0.4673042434729074,676.6276041666667
10394,-0.6218793168515288,676.6927083333334
10395,-0.5371373351241701,676.7578125
10396,-0.6407828339765105,676.8229166666667
10397,-0.6430228201336564,676.8880208333334
10398,-0.5899510142360569,676.953125
10399,-0.6497447348219499,677.0182291666667
10400,-0.6462140340750273,677.0833333333334
10401,-0.6650502058787544,677.1484375
10402,-0.7333414210166073,677.2135416666667
10403,-0.7347968259897156,677.2786458333334
10404,-0.6600498734229899,677.34375
10405,-0.7009858843779267,677.4088541666667
10406,-0.7507417691065378,677.4739583333334
10407,-0.7311307992784576,677.5390625
10408,-0.725385284812336,677.6041666666667
10409,-0.7855949549663653,677.6692708333334
10410,-0.7931722469180558,677.734375
10411,-0.7955386431016759,677.7994791666667
10412,-0.7718542600855902,677.8645833333334
10413,-0.756751147570864,677.9296875
10414,-0.8617442788094776,677.9947916666667
10415,-0.9221958136828574,678.0598958333334
10416,-0.9080368694509491,678.125
10417,-0.8795652422390561,678.1901041666667
10418,-0.8696732613314787,678.2552083333334
10419,-0.8467132177339153,678.3203125
10420,-0.8574454562281546,678.3854166666667
10421,-0.8544264429621083,678.4505208333334
10422,-0.8763969544152893,678.515625
10423,-0.8822774452827625,678.5807291666667
10424,-0.9005669046565199,678.6458333333334
10425,-0.8369382757963796,678.7109375
10426,-0.8928725188748136,678.7760416666667
10427,-0.9740196543656496,678.8411458333334
10428,-0.924800426244519,678.90625
10429,-0.9483799909661476,678.9713541666667
10430,-0.9546382647063402,679.0364583333334
10431,-0.9699776571408778,679.1015625
10432,-0.937960386783552,679.1666666666667
10433,-0.9603354917196665,679.2317708333334
10434,-1.0055618206658568,679.296875
10435,-0.9204285804426042,679.3619791666667
10436,-0.8970313194214132,679.4270833333334
10437,-0.91870265339288,679.4921875
10438,-0.9373107562430496,679.5572916666667
10439,-0.9491530285730018,679.6223958333334
10440,-0.9008962283346957,679.6875
10441,-0.9399165824677418,679.7526041666667
10442,-0.8938195575930303,679.8177083333334
10443,-0.8699447685804936,679.8828125
10444,-0.9445503217022727,679.9479166666667
10445,-0.9051488111999556,680.0130208333334
10446,-0.8523829968648748,680.078125
10447,-0.8673392536336134,680.1432291666667
10448,-0.8226419871836604,680.2083333333334
10449,-0.8377808929879154,680.2734375
10450,-0.8723807692170262,680.3385416666667
10451,-0.8437629568259928,680.4036458333334
10452,-0.8218798265790316,680.46875
10453,-0.6912319478551094,680.5338541666667
10454,-0.8901065390226633,680.5989583333334
10455,-0.8128796234375405,680.6640625
10456,-0.7584123653411009,680.7291666666667
10457,-0.7015889308320457,680.7942708333334
10458,-0.6855543116123803,680.859375
10459,-0.6902769086985138,680.9244791666667
10460,-0.6900101203271901,680.9895833333334
10461,-0.6872732016451594,681.0546875
10462,-0.5829889823723068,681.1197916666667
10463,-0.6540816915827333,681.1848958333334
10464,-0.6704474340579405,681.25
10465,-0.591220170906245,681.3151041666667
10466,-0.613305134996539,681.3802083333334
10467,-0.5773508516249831,681.4453125
10468,-0.53980734593662,681.5104166666667
10469,-0.5298260739923625,681.5755208333334
10470,-0.5601443568834795,681.640625
10471,-0.5124797033703614,681.7057291666667
10472,-0.5641863749529492,681.7708333333334
10473,-0.4090244661646693,681.8359375
10474,-0.4760613161241914,681.9010416666667
10475,-0.43260741137630354,681.9661458333334
10476,-0.4457767072577103,682.03125
10477,-0.41205090078816875,682.0963541666667
10478,-0.27340197660100013,682.1614583333334
10479,-0.3279511592326546,682.2265625
10480,-0.32404286485369166,682.2916666666667
10481,-0.3713604093358547,682.3567708333334
10482,-0.2957910546633723,682.421875
10483,-0.26128055074860396,682.4869791666667
10484,-0.2799891124221204,682.5520833333334
10485,-0.2789859949668044,682.6171875
10486,-0.14771771687475546,682.6822916666667
10487,-0.27204072853803674,682.7473958333334
10488,-0.2024777875467852,682.8125
10489,-0.20855507355325992,682.8776041666667
10490,-0.1371982741973195,682.9427083333334
10491,-0.1036910907014343,683.0078125
10492,-0.07355914926053353,683.0729166666667
10493,0.020380022032036545,683.1380208333334
10494,-0.05084418107798002,683.203125
10495,0.056506280145494824,683.2682291666667
10496,-0.012359876418012557,683.3333333333334
10497,0.006712771562259903,683.3984375
10498,0.04232621445187101,683.4635416666667
10499,0.06541674975013335,683.5286458333334
10500,0.16356677161259525,683.59375
10501,0.06361062302521325,683.6588541666667
10502,0.1854208821223378,683.7239583333334
10503,0.13951219712416166,683.7890625
10504,0.16413376369507116,683.8541666666667
10505,0.20965773222163075,683.9192708333334
10506,0.08936336712273517,683.984375
10507,0.2442971342389618,684.0494791666667
10508,0.2980638709272021,684.1145833333334
10509,0.29315073299615163,684.1796875
10510,0.2585346791374855,684.2447916666667
10511,0.38663167114885244,684.3098958333334
10512,0.35559828613240235,684.375
10513,0.3147651922035856,684.4401041666667
10514,0.337718993702884,684.5052083333334
10515,0.40267363197294925,684.5703125
10516,0.3901670625217179,684.6354166666667
10517,0.41213041056675387,684.7005208333334
10518,0.5008010297923026,684.765625
10519,0.5370111717928477,684.8307291666667
10520,0.4961601595180846,684.8958333333334
10521,0.5707659233837971,684.9609375
10522,0.5136105192828123,685.0260416666667
10523,0.5563466131953129,685.0911458333334
10524,0.4928503593079375,685.15625
10525,0.5564484504934016,685.2213541666667
10526,0.5669559340367222,685.2864583333334
10527,0.5876148292045111,685.3515625
10528,0.6039401033624828,685.4166666666667
10529,0.7279265631645709,685.4817708333334
10530,0.6857012565498741,685.546875
10531,0.6432784580598351,685.6119791666667
10532,0.700469692255592,685.6770833333334
10533,0.7504788570458371,685.7421875
10534,0.6855300507971586,685.8072916666667
10535,0.7592185737213525,685.8723958333334
10536,0.6985479562627204,685.9375
10537,0.6766297315448886,686.0026041666667
10538,0.7672951105403482,686.0677083333334
10539,0.7827254661917116,686.1328125
10540,0.8514777107047407,686.1979166666667
10541,0.797152265495192,686.2630208333334
10542,0.6906909792340789,686.328125
10543,0.8147453928710323,686.3932291666667
10544,0.7461582646071465,686.4583333333334
10545,0.879277328315643,686.5234375
10546,0.8307065017046843,686.5885416666667
10547,0.8034277489846523,686.6536458333334
10548,0.7946011966832047,686.71875
10549,0.8154230786656322,686.7838541666667
10550,0.8375617153544096,686.8489583333334
10551,0.8772643004406434,686.9140625
10552,0.9056857344148703,686.9791666666667
10553,0.9100107766410717,687.0442708333334
10554,0.895012856692437,687.109375
10555,0.8588411177092732,687.1744791666667
10556,0.8488869579941206,687.2395833333334
10557,0.8639851296131926,687.3046875
10558,0.8321699116072484,687.3697916666667
10559,0.8441732945983285,687.4348958333334
10560,0.9695663961941543,687.5
10561,0.8003564895138949,687.5651041666667
10562,0.8669977725976203,687.6302083333334
10563,0.9720400209931148,687.6953125
10564,0.8582738820452586,687.7604166666667
10565,0.8901265285966259,687.8255208333334
10566,0.8803372260528574,687.890625
10567,0.7955714797908866,687.9557291666667
10568,0.8364808217805926,688.0208333333334
10569,0.8676109561829969,688.0859375
10570,0.8148359879775294,688.1510416666667
10571,0.8880838036955552,688.2161458333334
10572,0.8348273847882559,688.28125
10573,0.8546758553546536,688.3463541666667
10574,0.8131097611083152,688.4114583333334
10575,0.7536010304226904,688.4765625
10576,0.7805894913326847,688.5416666666667
10577,0.8240630822148814,688.6067708333334
10578,0.7913811151218768,688.671875
10579,0.7564441661617569,688.7369791666667
10580,0.733212205476284,688.8020833333334
10581,0.8313212142188969,688.8671875
10582,0.7745385636179658,688.9322916666667
10583,0.6737250659674856,688.9973958333334
10584,0.7578774785786033,689.0625
10585,0.7287882827424517,689.1276041666667
10586,0.6688391791784465,689.1927083333334
10587,0.7078733793129809,689.2578125
10588,0.7439378678028844,689.3229166666667
10589,0.6768170338788435,689.3880208333334
10590,0.6332448832801095,689.453125
10591,0.652620954854802,689.5182291666667
10592,0.577847465201801,689.5833333333334
10593,0.5547334185185918,689.6484375
10594,0.5565707175141514,689.7135416666667
10595,0.5305928430857991,689.7786458333334
10596,0.5752495204296612,689.84375
10597,0.47170253636885534,689.9088541666667
10598,0.5064995923091267,689.9739583333334
10599,0.4293971726997285,690.0390625
10600,0.3986294423081077,690.1041666666667
10601,0.45848353127592634,690.1692708333334
10602,0.4677719573394994,690.234375
10603,0.3852168790068277,690.2994791666667
10604,0.5137215560324465,690.3645833333334
10605,0.42558340003259,690.4296875
10606,0.3855285669376923,690.4947916666667
10607,0.3702959024501184,690.5598958333334
10608,0.3357014623898455,690.625
10609,0.26040525217956373,690.6901041666667
10610,0.3216772267923436,690.7552083333334
10611,0.2664209688467545,690.8203125
10612,0.1949300640729148,690.8854166666667
10613,0.19814834750032503,690.9505208333334
10614,0.2597404588275238,691.015625
10615,0.23010256155888908,691.0807291666667
10616,0.1313363177358545,691.1458333333334
10617,0.0995403245293262,691.2109375
10618,0.08094307111124006,691.2760416666667
10619,0.11616176777388007,691.3411458333334
10620,0.13825669729162193,691.40625
10621,0.11165812446033394,691.4713541666667
10622,0.01610084926339848,691.5364583333334
10623,0.03590065571186249,691.6015625
10624,0.08861790959314075,691.6666666666667
10625,0.02362922449620545,691.7317708333334
10626,-0.0030450885212314972,691.796875
10627,-0.033109262517136466,691.8619791666667
10628,-0.06944347089314512,691.9270833333334
10629,-0.09570055137286723,691.9921875
10630,-0.12595173712216412,692.0572916666667
10631,-0.1732567911015065,692.1223958333334
10632,-0.14401278358980388,692.1875
10633,-0.2413042180782264,692.2526041666667
10634,-0.210141179611398,692.3177083333334
10635,-0.27672860426027907,692.3828125
10636,-0.20343437872631223,692.4479166666667
10637,-0.26453559658451004,692.5130208333334
10638,-0.3186684049279619,692.578125
10639,-0.3510546836061492,692.6432291666667
10640,-0.37570185360835606,692.7083333333334
10641,-0.36309718216594455,692.7734375
10642,-0.2377122485617817,692.8385416666667
10643,-0.3285824668556234,692.9036458333334
10644,-0.42321593110713057,692.96875
10645,-0.4327439782043718,693.0338541666667
10646,-0.461704004251311,693.0989583333334
10647,-0.5276928500391916,693.1640625
10648,-0.47573577840326253,693.2291666666667
10649,-0.5055916892188622,693.2942708333334
10650,-0.5758360405795098,693.359375
10651,-0.527273392228908,693.4244791666667
10652,-0.49984435771912067,693.4895833333334
10653,-0.6000124842059825,693.5546875
10654,-0.5730044511689404,693.6197916666667
10655,-0.5571640432827913,693.6848958333334
10656,-0.6287654197447334,693.75
10657,-0.6290389718478415,693.8151041666667
10658,-0.6268907209981448,693.8802083333334
10659,-0.641028041509093,693.9453125
10660,-0.6495516646817646,694.0104166666667
10661,-0.7992958607479674,694.0755208333334
10662,-0.6262124001563243,694.140625
10663,-0.6786378092662119,694.2057291666667
10664,-0.7397349909894562,694.2708333333334
10665,-0.7523833584423124,694.3359375
10666,-0.7940696507531546,694.4010416666667
10667,-0.8042225311519041,694.4661458333334
10668,-0.692364580972458,694.53125
10669,-0.8636833496504371,694.5963541666667
10670,-0.7387829456882591,694.6614583333334
10671,-0.8008731603763383,694.7265625
10672,-0.8582011644466216,694.7916666666667
10673,-0.7328592115838534,694.8567708333334
10674,-0.8503985300467234,694.921875
10675,-0.8190605074716005,694.9869791666667
10676,-0.7841275253710036,695.0520833333334
10677,-0.7583704285129834,695.1171875
10678,-0.9150053183042604,695.1822916666667
10679,-0.8485784957269418,695.2473958333334
10680,-0.8284096733164092,695.3125
10681,-0.8028522418723912,695.3776041666667
10682,-0.929147871973441,695.4427083333334
10683,-0.869325808722341,695.5078125
10684,-0.8514651443328402,695.5729166666667
10685,-0.8775080318211456,695.6380208333334
10686,-0.9492546392236111,695.703125
10687,-0.8738501978005344,695.7682291666667
10688,-0.8719125933865453,695.8333333333334
10689,-0.8539445008213427,695.8984375
10690,-0.9046156895838661,695.9635416666667
10691,-0.890204027615484,696.0286458333334
10692,-0.8722213241620742,696.09375
10693,-0.841702476153426,696.1588541666667
10694,-0.8608698768805405,696.2239583333334
10695,-0.8005786224707016,696.2890625
10696,-0.8043376607888746,696.3541666666667
10697,-0.9377095728742739,696.4192708333334
10698,-0.8256308406448322,696.484375
10699,-0.8281005132688404,696.5494791666667
10700,-0.7945901424756715,696.6145833333334
10701,-0.8064054964461046,696.6796875
10702,-0.8316245120914743,696.7447916666667
10703,-0.8323471703177315,696.8098958333334
10704,-0.8547040692691441,696.875
10705,-0.737815509580956,696.9401041666667
10706,-0.8305773803707754,697.0052083333334
10707,-0.7563758011416961,697.0703125
10708,-0.7960262563523719,697.1354166666667
10709,-0.7058821699377235,697.2005208333334
10710,-0.7805663869328172,697.265625
10711,-0.701024457184336,697.3307291666667
10712,-0.7945585114081256,697.3958333333334
10713,-0.6758724391108217,697.4609375
10714,-0.6218678802335722,697.5260416666667
10715,-0.5965942760660009,697.5911458333334
10716,-0.791090056320238,697.65625
10717,-0.695142395988493,697.7213541666667
10718,-0.6496729039677004,697.7864583333334
10719,-0.6574284321617228,697.8515625
10720,-0.6616126346687597,697.9166666666667
10721,-0.5636933427868848,697.9817708333334
10722,-0.5176784433247656,698.046875
10723,-0.5770895580784051,698.1119791666667
10724,-0.5442055485712177,698.1770833333334
10725,-0.5248087547639394,698.2421875
10726,-0.5113147091416297,698.3072916666667
10727,-0.5402215351963442,698.3723958333334
10728,-0.4005161772717921,698.4375
10729,-0.520935551008203,698.5026041666667
10730,-0.5109476669067357,698.5677083333334
10731,-0.4320150567198662,698.6328125
10732,-0.35805817977196297,698.6979166666667
10733,-0.41304815557841584,698.7630208333334
10734,-0.4556657152534694,698.828125
10735,-0.3543908130072646,698.8932291666667
10736,-0.3973808999731817,698.9583333333334
10737,-0.3179331588080233,699.0234375
10738,-0.30921488078224224,699.0885416666667
10739,-0.28681938192941575,699.1536458333334
10740,-0.18436236853965046,699.21875
10741,-0.2976913867802012,699.2838541666667
10742,-0.21984141263367346,699.3489583333334
10743,-0.11941865141939925,699.4140625
10744,-0.23207433147270248,699.4791666666667
10745,-0.1342691231973651,699.5442708333334
10746,-0.07533936858536448,699.609375
10747,-0.13358466778413358,699.6744791666667
10748,-0.0860554857635136,699.7395833333334
10749,-0.07662183624700857,699.8046875
10750,-0.011548088946050012,699.8697916666667
10751,0.058029442404820004,699.9348958333334
10752,0.028254294971527615,700.0
10753,0.07278632078046422,700.0651041666667
10754,0.07946568566234094,700.1302083333334
10755,0.08140128313593376,700.1953125
10756,0.0297551548101779,700.2604166666667
10757,0.1459438146298843,700.3255208333334
10758,0.1936123154783308,700.390625
10759,0.21790455367988504,700.4557291666667
10760,0.15683349115399411,700.5208333333334
10761,0.21993050020671942,700.5859375
10762,0.2322092058166581,700.6510416666667
10763,0.2407767347008738,700.7161458333334
10764,0.22676513003348361,700.78125
10765,0.24375186467233056,700.8463541666667
10766,0.2783419453924518,700.9114583333334
10767,0.2745045915880753,700.9765625
10768,0.40373493318485315,701.0416666666667
10769,0.3203250388132605,701.1067708333334
10770,0.4317862125071339,701.171875
10771,0.4510316105447841,701.2369791666667
10772,0.44538500358089134,701.3020833333334
10773,0.3829185596239779,701.3671875
10774,0.5349354689176579,701.4322916666667
10775,0.565789495919965,701.4973958333334
10776,0.53054353261038,701.5625
10777,0.5208581868669102,701.6276041666667
10778,0.5647018874767463,701.6927083333334
10779,0.5922551815926898,701.7578125
10780,0.6174942944396609,701.8229166666667
10781,0.5920381859820872,701.8880208333334
10782,0.6205314614482689,701.953125
10783,0.612390966293875,702.0182291666667
10784,0.680229740154365,702.0833333333334
10785,0.6599977309229217,702.1484375
10786,0.6306619327939904,702.2135416666667
10787,0.6545594997117581,702.2786458333334
10788,0.7929026691927834,702.34375
10789,0.7100022726304717,702.4088541666667
10790,0.6558337540397219,702.4739583333334
10791,0.705793125308366,702.5390625
10792,0.8015784999067586,702.6041666666667
10793,0.7897857225980591,702.6692708333334
10794,0.8072030792443031,702.734375
10795,0.8125465162415639,702.7994791666667
10796,0.7347249273030931,702.8645833333334
10797,0.7676980702253114,702.9296875
10798,0.8759506063440929,702.9947916666667
10799,0.8324719595847443,703.0598958333334
10800,0.7873677541525048,703.125
10801,0.7806575846286854,703.1901041666667
10802,0.7962130699732999,703.2552083333334
10803,0.8643301350886283,703.3203125
10804,0.9445218530997214,703.3854166666667
10805,0.8376448418352664,703.4505208333334
10806,0.9211610531579757,703.515625
10807,0.9050593820855894,703.5807291666667
10808,0.8424425786280119,703.6458333333334
10809,0.9656219094053641,703.7109375
10810,0.9250299881095153,703.7760416666667
10811,0.9149630872978453,703.8411458333334
10812,0.9207032793183074,703.90625
10813,0.9613366895300189,703.9713541666667
10814,0.9156779899335539,704.0364583333334
10815,0.9048622142844965,704.1015625
10816,0.8801591831796147,704.1666666666667
10817,0.9165822627489674,704.2317708333334
10818,0.9574533627719656,704.296875
10819,0.949644800729273,704.3619791666667
10820,0.9582806843716619,704.4270833333334
10821,0.8860875323451446,704.4921875
10822,0.9743034589858913,704.5572916666667
10823,0.9319867881023607,704.6223958333334
10824,0.9323012593221943,704.6875
10825,0.9397969510599575,704.7526041666667
10826,0.9205004126333544,704.8177083333334
10827,0.8934303199343311,704.8828125
10828,0.8610510644034995,704.9479166666667
10829,0.9444378471533658,705.0130208333334
10830,0.9023412848276833,705.078125
10831,0.9335401048452562,705.1432291666667
10832,0.8029289590305797,705.2083333333334
10833,0.8534864870679303,705.2734375
10834,0.9094225009156903,705.3385416666667
10835,0.7930723803021109,705.4036458333334
10836,0.812484994904002,705.46875
10837,0.8016024784781091,705.5338541666667
10838,0.7865780222917437,705.5989583333334
10839,0.7731123553959397,705.6640625
10840,0.846109341224115,705.7291666666667
10841,0.7841183361432686,705.7942708333334
10842,0.7508640682676055,705.859375
10843,0.6685219679196084,705.9244791666667
10844,0.7998523830854646,705.9895833333334
10845,0.6912330135004288,706.0546875
10846,0.6904839740770181,706.1197916666667
10847,0.751882207967097,706.1848958333334
10848,0.598647118556871,706.25
10849,0.6386180598664372,706.3151041666667
10850,0.6441228335214952,706.3802083333334
10851,0.6597269265711001,706.4453125
10852,0.5592250589678606,706.5104166666667
10853,0.5795586287336384,706.5755208333334
10854,0.5256349496775896,706.640625
10855,0.5101931216907234,706.7057291666667
10856,0.4897096518960803,706.7708333333334
10857,0.5311014444098903,706.8359375
10858,0.44908828839680826,706.9010416666667
10859,0.4263367212601901,706.9661458333334
10860,0.42663995604079546,707.03125
10861,0.4480489365012173,707.0963541666667
10862,0.3962349484032951,707.1614583333334
10863,0.3360644207210915,707.2265625
10864,0.3313040039811784,707.2916666666667
10865,0.347462855786705,707.3567708333334
10866,0.3914852198944498,707.421875
10867,0.20074783753821593,707.4869791666667
10868,0.3075864929913498,707.5520833333334
10869,0.3024939628732737,707.6171875
10870,0.1912307425022254,707.6822916666667
10871,0.2922161717677199,707.7473958333334
10872,0.17440556970921461,707.8125
10873,0.130956168013325,707.8776041666667
10874,0.21575106021593968,707.9427083333334
10875,0.12808761796718748,708.0078125
10876,0.06768807260527551,708.0729166666667
10877,0.07880058253620979,708.1380208333334
10878,0.04937444218615943,708.203125
10879,0.07291227824885965,708.2682291666667
10880,-0.05583981279638799,708.3333333333334
10881,-0.030632769774724736,708.3984375
10882,-0.08778914211254125,708.4635416666667
10883,-0.16663805633298942,708.5286458333334
10884,-0.07232892953586934,708.59375
10885,-0.13523607175483876,708.6588541666667
10886,-0.1440385325533756,708.7239583333334
10887,-0.21312968125614667,708.7890625
10888,-0.23105122549232424,708.8541666666667
10889,-0.1382201492117049,708.9192708333334
10890,-0.12692871646941675,708.984375
10891,-0.26358352511950933,709.0494791666667
10892,-0.3614715720832734,709.1145833333334
10893,-0.2791702661136371,709.1796875
10894,-0.3444947795465407,709.2447916666667
10895,-0.38724306747702647,709.3098958333334
10896,-0.3718144349233297,709.375
10897,-0.3864154988713194,709.4401041666667
10898,-0.42219246937699884,709.5052083333334
10899,-0.3773839059523425,709.5703125
10900,-0.45778218850343255,709.6354166666667
10901,-0.4990092380981691,709.7005208333334
10902,-0.44279920723325195,709.765625
10903,-0.4601184436240846,709.8307291666667
10904,-0.6367763908465011,709.8958333333334
10905,-0.5389496102386074,709.9609375
10906,-0.5897610288937025,710.0260416666667
10907,-0.5840351589335905,710.0911458333334
10908,-0.6437372570428864,710.15625
10909,-0.6363285041481399,710.2213541666667
10910,-0.6372171522570732,710.2864583333334
10911,-0.7151649365174577,710.3515625
10912,-0.7492822280776753,710.4166666666667
10913,-0.8160920114719763,710.4817708333334
10914,-0.787526694218658,710.546875
10915,-0.7530491966593916,710.6119791666667
10916,-0.7984435881379591,710.6770833333334
10917,-0.851949922279965,710.7421875
10918,-0.8415722301972551,710.8072916666667
10919,-0.8779676329369365,710.8723958333334
10920,-0.7803012259716063,710.9375
10921,-0.9124202453933279,711.0026041666667
10922,-0.780721861117931,711.0677083333334
10923,-0.8312735712784882,711.1328125
10924,-0.8937784472779347,711.1979166666667
10925,-0.9224540448000262,711.2630208333334
10926,-0.9097971088087825,711.328125
10927,-0.8520622266541046,711.3932291666667
10928,-0.8878073594781446,711.4583333333334
10929,-0.9331351988944944,711.5234375
10930,-0.9474689236525712,711.5885416666667
10931,-0.9495121337367305,711.6536458333334
10932,-0.938614800541096,711.71875
10933,-0.9951482587349564,711.7838541666667
10934,-0.9715782192086401,711.8489583333334
10935,-1.023152000964021,711.9140625
10936,-0.9979824325097206,711.9791666666667
10937,-0.9094493347012015,712.0442708333334
10938,-1.0626414992570437,712.109375
10939,-1.0441229845669213,712.1744791666667
10940,-1.0508267887097609,712.2395833333334
10941,-0.9577935036685267,712.3046875
10942,-0.9618385663237394,712.3697916666667
10943,-0.9438376508691022,712.4348958333334
10944,-0.9502839787866352,712.5
10945,-0.9585899506214918,712.5651041666667
10946,-1.011068587683477,712.6302083333334
10947,-0.9672966662713314,712.6953125
10948,-0.9857009636376924,712.7604166666667
10949,-1.0194162125105104,712.8255208333334
10950,-0.9595261566711729,712.890625
10951,-1.0063201398540027,712.9557291666667
10952,-0.9987990065314958,713.0208333333334
10953,-1.102603527501959,713.0859375
10954,-1.0331136111037897,713.1510416666667
10955,-1.1192176871127026,713.2161458333334
10956,-1.0223835845913543,713.28125
10957,-0.9712503391438627,713.3463541666667
10958,-0.9838536780274885,713.4114583333334
10959,-0.9690435098211198,713.4765625
10960,-0.9372593968074653,713.5416666666667
10961,-0.9081754696684178,713.6067708333334
10962,-0.8562965865674087,713.671875
10963,-0.9418750523834358,713.7369791666667
10964,-0.8431235920565038,713.8020833333334
10965,-0.9733711574631945,713.8671875
10966,-0.8939263636140253,713.9322916666667
10967,-0.8919551775324258,713.9973958333334
10968,-0.8158522198551307,714.0625
10969,-0.9252647730707931,714.1276041666667
10970,-0.8387643580853316,714.1927083333334
10971,-0.8186614201407724,714.2578125
10972,-0.8195225978726212,714.3229166666667
10973,-0.8281018660441412,714.3880208333334
10974,-0.8465755814703525,714.453125
10975,-0.7371936661784274,714.5182291666667
10976,-0.6800591195386406,714.5833333333334
10977,-0.6846955068136684,714.6484375
10978,-0.7594467028378689,714.7135416666667
10979,-0.6100021701011046,714.7786458333334
10980,-0.6469403468060807,714.84375
10981,-0.6613711485881028,714.9088541666667
10982,-0.6542310822285815,714.9739583333334
10983,-0.6692041116227082,715.0390625
10984,-0.5156817077476489,715.1041666666667
10985,-0.6567771315289955,715.1692708333334
10986,-0.520845727128867,715.234375
10987,-0.535823022897368,715.2994791666667
10988,-0.5536715940898679,715.3645833333334
10989,-0.539921222253133,715.4296875
10990,-0.4717631863197444,715.4947916666667
10991,-0.41496610258086764,715.5598958333334
10992,-0.4396203495040982,715.625
10993,-0.3217561170562,715.6901041666667
10994,-0.33334035747103985,715.7552083333334
10995,-0.3352566030881179,715.8203125
10996,-0.27242288254824315,715.8854166666667
10997,-0.30222197979287796,715.9505208333334
10998,-0.22411143067646866,716.015625
10999,-0.23516880870815732,716.0807291666667
11000,-0.26975146593590654,716.1458333333334
11001,-0.17175226956133186,716.2109375
11002,-0.29361880409834595,716.2760416666667
11003,-0.1406448941928033,716.3411458333334
11004,-0.041578188181221394,716.40625
11005,-0.11080356830494299,716.4713541666667
11006,0.03990708216535544,716.5364583333334
11007,0.025565427842334783,716.6015625
11008,-0.018441281452784952,716.6666666666667
11009,0.022709554646752336,716.7317708333334
11010,0.10636860438164478,716.796875
11011,0.1576624825808219,716.8619791666667
11012,0.09638576434233609,716.9270833333334
11013,0.1902226659935408,716.9921875
11014,0.15059299682619667,717.0572916666667
11015,0.15443398933061703,717.1223958333334
11016,0.30702575847443697,717.1875
11017,0.16717968015026227,717.2526041666667
11018,0.3024656345011786,717.3177083333334
11019,0.3061100379609315,717.3828125
11020,0.32786053727662745,717.4479166666667
11021,0.4344874287021853,717.5130208333334
11022,0.4489029940509408,717.578125
11023,0.33339156640323364,717.6432291666667
11024,0.38711876353556324,717.7083333333334
11025,0.39100781564929943,717.7734375
11026,0.46281713962833426,717.8385416666667
11027,0.5195751855341483,717.9036458333334
11028,0.6463071208789157,717.96875
11029,0.5740389605882139,718.0338541666667
11030,0.5465534678401822,718.0989583333334
11031,0.5554660747960934,718.1640625
11032,0.6058317005366175,718.2291666666667
11033,0.6539684915520042,718.2942708333334
11034,0.6188888591804943,718.359375
11035,0.6109136975443968,718.4244791666667
11036,0.6925427051092751,718.4895833333334
11037,0.7237791783863661,718.5546875
11038,0.8353649001224805,718.6197916666667
11039,0.664275536446149,718.6848958333334
11040,0.7700940654560254,718.75
11041,0.7250234161731719,718.8151041666667
11042,0.8032002749894606,718.8802083333334
11043,0.7946774492640034,718.9453125
11044,0.7467561333124435,719.0104166666667
11045,0.9164853843182387,719.0755208333334
11046,0.8556440061985024,719.140625
11047,0.9068366319093747,719.2057291666667
11048,0.9183372517650218,719.2708333333334
11049,0.8786041072589269,719.3359375
11050,0.9176298638577365,719.4010416666667
11051,0.9983150942880081,719.4661458333334
11052,0.858862100157494,719.53125
11053,1.028176454926965,719.5963541666667
11054,0.9282815707827179,719.6614583333334
11055,1.027050100777192,719.7265625
11056,1.0789865869402167,719.7916666666667
11057,1.0350177247242816,719.8567708333334
11058,1.086543119908719,719.921875
11059,1.0204597799704151,719.9869791666667
11060,1.0766049963397906,720.0520833333334
11061,1.0515122707953226,720.1171875
11062,1.0572141876827603,720.1822916666667
11063,1.0088628003444857,720.2473958333334
11064,1.0756712875803907,720.3125
11065,1.0672236736920109,720.3776041666667
11066,1.0691709502290097,720.4427083333334
11067,0.9927402306647091,720.5078125
11068,1.0332842498043453,720.5729166666667
11069,1.118855758359302,720.6380208333334
11070,1.0698866772364408,720.703125
11071,1.1315856976596528,720.7682291666667
11072,1.070382434574438,720.8333333333334
11073,1.042318369087904,720.8984375
11074,1.1808627989009757,720.9635416666667
11075,1.0413578309088103,721.0286458333334
11076,0.9936743645473974,721.09375
11077,1.0963976637555917,721.1588541666667
11078,1.1307463216187457,721.2239583333334
11079,1.1329993129839955,721.2890625
11080,0.8891824101046062,721.3541666666667
11081,1.0249167350905297,721.4192708333334
11082,1.1433657261427537,721.484375
11083,1.008261655159114,721.5494791666667
11084,0.9800909821525235,721.6145833333334
11085,1.0125832223898863,721.6796875
11086,1.0773302915740488,721.7447916666667
11087,0.9794511399713559,721.8098958333334
11088,0.9643900222136561,721.875
11089,1.0020267528404714,721.9401041666667
11090,1.0157374686915435,722.0052083333334
11091,0.9392096823682118,722.0703125
11092,0.8795730270541124,722.1354166666667
11093,0.9105421831066292,722.2005208333334
11094,0.990531932704785,722.265625
11095,0.8884684389764409,722.3307291666667
11096,0.9217213298147675,722.3958333333334
11097,0.932492307405005,722.4609375
11098,0.9346781190282997,722.5260416666667
11099,0.862302512949048,722.5911458333334
11100,0.9270010190159945,722.65625
11101,0.8400947328652901,722.7213541666667
11102,0.8026010438357912,722.7864583333334
11103,0.763993286390578,722.8515625
11104,0.7451353541886211,722.9166666666667
11105,0.7470679699856984,722.9817708333334
11106,0.6889623821351959,723.046875
11107,0.7451197179035579,723.1119791666667
11108,0.6881649175350699,723.1770833333334
11109,0.6579824944017437,723.2421875
11110,0.6901514946990124,723.3072916666667
11111,0.6073775815259046,723.3723958333334
11112,0.5056844184423062,723.4375
11113,0.5996454969749098,723.5026041666667
11114,0.5115312798684559,723.5677083333334
11115,0.49710520347207005,723.6328125
11116,0.5617342276374395,723.6979166666667
11117,0.5428660113856663,723.7630208333334
11118,0.5526382469350415,723.828125
11119,0.4923747130296018,723.8932291666667
11120,0.4189378550380057,723.9583333333334
11121,0.3334229446678005,724.0234375
11122,0.29237925575911344,724.0885416666667
11123,0.3110707755095196,724.1536458333334
11124,0.387226047038908,724.21875
11125,0.268025239230642,724.2838541666667
11126,0.3369062055589982,724.3489583333334
11127,0.2458406695428915,724.4140625
11128,0.20365418442737043,724.4791666666667
11129,0.14656194946334483,724.5442708333334
11130,0.15466339168897122,724.609375
11131,0.07905346375721284,724.6744791666667
11132,0.10351855543020931,724.7395833333334
11133,0.08949134593392816,724.8046875
11134,-0.005653986996767489,724.8697916666667
11135,0.08288803005213954,724.9348958333334
11136,-0.011712561080379115,725.0
11137,-0.02895360683634113,725.0651041666667
11138,-0.00025798980688782904,725.1302083333334
11139,-0.15135147889809056,725.1953125
11140,-0.11035836840480737,725.2604166666667
11141,-0.14603736088406188,725.3255208333334
11142,-0.17701848471647674,725.390625
11143,-0.27396688187069396,725.4557291666667
11144,-0.16982055839262297,725.5208333333334
11145,-0.14532024411873007,725.5859375
11146,-0.1980628967548287,725.6510416666667
11147,-0.25417913848448215,725.7161458333334
11148,-0.4027793394016265,725.78125
11149,-0.4249369647994752,725.8463541666667
11150,-0.41434182041073037,725.9114583333334
11151,-0.4753263391147871,725.9765625
11152,-0.4760233952071279,726.0416666666667
11153,-0.4897853752391774,726.1067708333334
11154,-0.44901540166851145,726.171875
11155,-0.5902144717731307,726.2369791666667
11156,-0.4897632192300088,726.3020833333334
11157,-0.5434278238350194,726.3671875
11158,-0.5463266095365715,726.4322916666667
11159,-0.6763823333436281,726.4973958333334
11160,-0.6168447065429049,726.5625
11161,-0.7538754296289302,726.6276041666667
11162,-0.7449380834547841,726.6927083333334
11163,-0.5870931382533222,726.7578125
11164,-0.7474705953620118,726.8229166666667
11165,-0.7056209040308281,726.8880208333334
11166,-0.7408573486168109,726.953125
11167,-0.832731684124954,727.0182291666667
11168,-0.7936167621280158,727.0833333333334
11169,-0.7559474197294301,727.1484375
11170,-0.7871632113495434,727.2135416666667
11171,-0.8561587566112349,727.2786458333334
11172,-0.8241183280109418,727.34375
11173,-0.9400400187788408,727.4088541666667
11174,-0.9004897877514741,727.4739583333334
11175,-0.9284048809690228,727.5390625
11176,-0.9816962721974496,727.6041666666667
11177,-1.0372225512858286,727.6692708333334
11178,-1.0051407600854712,727.734375
11179,-0.9984262911447923,727.7994791666667
11180,-0.9777196984898785,727.8645833333334
11181,-1.0610754058038172,727.9296875
11182,-0.9585251705521721,727.9947916666667
11183,-1.126929346716264,728.0598958333334
11184,-1.0474086201637924,728.125
11185,-0.9813849008758839,728.1901041666667
11186,-1.0873657805146617,728.2552083333334
11187,-1.1180723383203366,728.3203125
11188,-1.1259050253012455,728.3854166666667
11189,-1.1007824782059121,728.4505208333334
11190,-0.9985795393688082,728.515625
11191,-1.1847334484114789,728.5807291666667
11192,-1.1239817754248307,728.6458333333334
11193,-1.14411195885244,728.7109375
11194,-1.1063750451018857,728.7760416666667
11195,-1.0603124527007441,728.8411458333334
11196,-1.0915473125925375,728.90625
11197,-1.1121563219661699,728.9713541666667
11198,-1.1119666097854997,729.0364583333334
11199,-1.056658277184038,729.1015625
11200,-1.0884835432232962,729.1666666666667
11201,-1.1063260980352978,729.2317708333334
11202,-1.1007465241314587,729.296875
11203,-1.1230348966275785,729.3619791666667
11204,-1.0868330132889237,729.4270833333334
11205,-1.0540238866644502,729.4921875
11206,-1.193792998311876,729.5572916666667
11207,-1.078414709775697,729.6223958333334
11208,-1.103628894122159,729.6875
11209,-1.0540454865859628,729.7526041666667
11210,-1.021766959389955,729.8177083333334
11211,-1.0439522410865287,729.8828125
11212,-1.055667600085106,729.9479166666667
11213,-1.0829340244039616,730.0130208333334
11214,-1.1124941719077288,730.078125
11215,-1.0063223147499614,730.1432291666667
11216,-1.0945585754685843,730.2083333333334
11217,-1.0943727344238892,730.2734375
11218,-1.0461737162971203,730.3385416666667
11219,-1.0723996364073756,730.4036458333334
11220,-1.1287244181670082,730.46875
11221,-1.0217381865627857,730.5338541666667
11222,-1.0005496090582104,730.5989583333334
11223,-0.9853470027487315,730.6640625
11224,-0.9080412795675654,730.7291666666667
11225,-0.932057214130761,730.7942708333334
11226,-0.8849340769938888,730.859375
11227,-0.933803818546365,730.9244791666667
11228,-0.8767946831197398,730.9895833333334
11229,-0.962032939029431,731.0546875
11230,-0.8749538026232323,731.1197916666667
11231,-0.8138748435406034,731.1848958333334
11232,-0.8019829298275898,731.25
11233,-0.825809795544062,731.3151041666667
11234,-0.8090659031717509,731.3802083333334
11235,-0.8585760613536293,731.4453125
11236,-0.7712624555380269,731.5104166666667
11237,-0.7293853356070014,731.5755208333334
11238,-0.598829082313728,731.640625
11239,-0.7032427306858561,731.7057291666667
11240,-0.6416991205671777,731.7708333333334
11241,-0.6227422376667296,731.8359375
11242,-0.612370863590781,731.9010416666667
11243,-0.5944447387998574,731.9661458333334
11244,-0.5238464888898302,732.03125
11245,-0.61595959240401,732.0963541666667
11246,-0.5030126174190048,732.1614583333334
11247,-0.4342077514158962,732.2265625
11248,-0.4524548855000944,732.2916666666667
11249,-0.34427427063136484,732.3567708333334
11250,-0.3054329850248999,732.421875
11251,-0.36181589866231395,732.4869791666667
11252,-0.33177748212666835,732.5520833333334
11253,-0.3555308597163745,732.6171875
11254,-0.3262993491510452,732.6822916666667
11255,-0.21037513258210785,732.7473958333334
11256,-0.3115863281032491,732.8125
11257,-0.2853947461000108,732.8776041666667
11258,-0.16526405296149477,732.9427083333334
11259,-0.04691367223503753,733.0078125
11260,-0.08183923681622313,733.0729166666667
11261,-0.07283061538494726,733.1380208333334
11262,-0.00945413380380418,733.203125
11263,-0.02310979455781527,733.2682291666667
11264,-0.025536664036459693,733.3333333333334
11265,0.022023056979903297,733.3984375
11266,-0.01928739982894722,733.4635416666667
11267,0.06938749626275445,733.5286458333334
11268,0.05213496090736172,733.59375
11269,0.11118267232695997,733.6588541666667
11270,0.164046431193703,733.7239583333334
11271,0.2327638151097116,733.7890625
11272,0.21463895568596794,733.8541666666667
11273,0.18137565460527846,733.9192708333334
11274,0.2518084424259195,733.984375
11275,0.3510853290316745,734.0494791666667
11276,0.36445911107134926,734.1145833333334
11277,0.40947876201961847,734.1796875
11278,0.4420548878517673,734.2447916666667
11279,0.47574556438762355,734.3098958333334
11280,0.4276621627737173,734.375
11281,0.5644944050465659,734.4401041666667
11282,0.45788209067277225,734.5052083333334
11283,0.5330476444724389,734.5703125
11284,0.5663462167913755,734.6354166666667
11285,0.5204954021821596,734.7005208333334
11286,0.6532294643018125,734.765625
11287,0.6167049445943623,734.8307291666667
11288,0.5201919614385726,734.8958333333334
11289,0.674252623746657,734.9609375
11290,0.6512087070117615,735.0260416666667
11291,0.7474485875539707,735.0911458333334
11292,0.7635813882842648,735.15625
11293,0.8154850951696113,735.2213541666667
11294,0.8021594736796038,735.2864583333334
11295,0.7336714602809596,735.3515625
11296,0.7206992278103468,735.4166666666667
11297,0.8235681582626919,735.4817708333334
11298,0.9245694980861273,735.546875
11299,0.8256448321200578,735.6119791666667
11300,0.9290550887488681,735.6770833333334
11301,0.8492751281592894,735.7421875
11302,0.9813170975662163,735.8072916666667
11303,0.8921519058756852,735.8723958333334
11304,0.9808288495495238,735.9375
11305,0.8879607297561251,736.0026041666667
11306,0.9076388165038937,736.0677083333334
11307,0.9446134561004036,736.1328125
11308,0.9281128140128785,736.1979166666667
11309,0.923050874365854,736.2630208333334
11310,1.0274228424559724,736.328125
11311,1.0544725554157637,736.3932291666667
11312,1.0198328941142976,736.4583333333334
11313,1.0576665044840516,736.5234375
11314,0.9962243943740379,736.5885416666667
11315,1.0551816974062187,736.6536458333334
11316,1.0165579651025458,736.71875
11317,1.0435216370289209,736.7838541666667
11318,1.106260574891887,736.8489583333334
11319,1.0904170934364994,736.9140625
11320,1.0641383825896216,736.9791666666667
11321,1.1029544536116616,737.0442708333334
11322,1.0438323627575241,737.109375
11323,1.1410566619342366,737.1744791666667
11324,1.0800107290312595,737.2395833333334
11325,1.0614185703528365,737.3046875
11326,1.2439927061219216,737.3697916666667
11327,1.162707457118045,737.4348958333334
11328,1.1608329195301876,737.5
11329,1.0930054412346462,737.5651041666667
11330,1.1097758437155238,737.6302083333334
11331,1.2156333734282903,737.6953125
11332,1.109087177593513,737.7604166666667
11333,1.103379685802116,737.8255208333334
11334,1.1770494749670193,737.890625
11335,1.1154978984837955,737.9557291666667
11336,1.1223429133170062,738.0208333333334
11337,1.1638074998605694,738.0859375
11338,1.1598109145123046,738.1510416666667
11339,1.0142265068598428,738.2161458333334
11340,1.0974754380870417,738.28125
11341,1.0606598352892975,738.3463541666667
11342,1.018972727797094,738.4114583333334
11343,1.0438960999115716,738.4765625
11344,1.0487039381705876,738.5416666666667
11345,1.0515748066184731,738.6067708333334
11346,0.9438122799304649,738.671875
11347,1.0548577462158992,738.7369791666667
11348,0.9542851591697652,738.8020833333334
11349,0.9556759615307518,738.8671875
11350,0.9853287541974397,738.9322916666667
11351,0.8806618850203588,738.9973958333334
11352,0.9487759230675847,739.0625
11353,0.8974242180938369,739.1276041666667
11354,0.8082250455786503,739.1927083333334
11355,0.9478611671944038,739.2578125
11356,0.7768543381916893,739.3229166666667
11357,0.8509952685622663,739.3880208333334
11358,0.8009679354335199,739.453125
11359,0.7920382775988695,739.5182291666667
11360,0.7329895108891565,739.5833333333334
11361,0.7757270231979104,739.6484375
11362,0.6849492203558168,739.7135416666667
11363,0.7336052777158915,739.7786458333334
11364,0.6450837846619367,739.84375
11365,0.8017361732570917,739.9088541666667
11366,0.6997662029054669,739.9739583333334
11367,0.6743578083445636,740.0390625
11368,0.6209631271797826,740.1041666666667
11369,0.6236116984289564,740.1692708333334
11370,0.57726437910668,740.234375
11371,0.46718742930115353,740.2994791666667
11372,0.5991527425156167,740.3645833333334
11373,0.52270936828763,740.4296875
11374,0.46424243818642125,740.4947916666667
11375,0.5073891174298909,740.5598958333334
11376,0.4495368167356126,740.625
11377,0.37306637821663474,740.6901041666667
11378,0.42015213064580503,740.7552083333334
11379,0.39337854414879103,740.8203125
11380,0.26731608719806726,740.8854166666667
11381,0.2732202564981492,740.9505208333334
11382,0.19883684565319534,741.015625
11383,0.3015858765050713,741.0807291666667
11384,0.18990278227195784,741.1458333333334
11385,0.304741226262448,741.2109375
11386,0.2442498429821289,741.2760416666667
11387,0.1739585761060587,741.3411458333334
11388,0.21227028024879277,741.40625
11389,-0.0043635281578396495,741.4713541666667
11390,0.030566361523300188,741.5364583333334
11391,-0.017892948135731043,741.6015625
11392,-0.004164918292276873,741.6666666666667
11393,-0.038130722603066866,741.7317708333334
11394,-0.03495744017528039,741.796875
11395,-0.1530040235627904,741.8619791666667
11396,-0.16498676596957404,741.9270833333334
11397,-0.012367503330380161,741.9921875
11398,-0.13368219872009607,742.0572916666667
11399,-0.08038853545668902,742.1223958333334
11400,-0.14783959858462709,742.1875
11401,-0.22450584013928176,742.2526041666667
11402,-0.23736747429366958,742.3177083333334
11403,-0.28751757731945315,742.3828125
11404,-0.32983400811731917,742.4479166666667
11405,-0.362583307012106,742.5130208333334
11406,-0.3645283940444965,742.578125
11407,-0.32550637054122,742.6432291666667
11408,-0.376222186175011,742.7083333333334
11409,-0.42880065919385596,742.7734375
11410,-0.4889838549136101,742.8385416666667
11411,-0.47367344842342884,742.9036458333334
11412,-0.5518971660643485,742.96875
11413,-0.5238426523110091,743.0338541666667
11414,-0.5439606240556052,743.0989583333334
11415,-0.5869318185982219,743.1640625
11416,-0.6045894574922224,743.2291666666667
11417,-0.6418596968199471,743.2942708333334
11418,-0.6704142556250533,743.359375
11419,-0.6523906588416689,743.4244791666667
11420,-0.7239565198880238,743.4895833333334
11421,-0.766855613945637,743.5546875
11422,-0.7413049329221477,743.6197916666667
11423,-0.6297259821640769,743.6848958333334
11424,-0.7708141238241182,743.75
11425,-0.728601903123412,743.8151041666667
11426,-0.7857459713647397,743.8802083333334
11427,-0.7955295993735919,743.9453125
11428,-0.8053103844073408,744.0104166666667
11429,-0.9036001267674588,744.0755208333334
11430,-0.8063064262717468,744.140625
11431,-0.7799939972796269,744.2057291666667
11432,-0.8802926058346107,744.2708333333334
11433,-0.9129328857607047,744.3359375
11434,-0.9207710828964634,744.4010416666667
11435,-0.9420821211609096,744.4661458333334
11436,-0.9688713439447213,744.53125
11437,-1.0586356202494318,744.5963541666667
11438,-0.9756763948889992,744.6614583333334
11439,-1.0301654828497575,744.7265625
11440,-0.8798407039743457,744.7916666666667
11441,-0.998703980708914,744.8567708333334
11442,-1.0336130720937924,744.921875
11443,-0.8528944285331335,744.9869791666667
11444,-0.969963369314392,745.0520833333334
11445,-1.0230174913121934,745.1171875
11446,-1.0300139619424027,745.1822916666667
11447,-1.0187836846766547,745.2473958333334
11448,-1.011064561547134,745.3125
11449,-0.9958617906055439,745.3776041666667
11450,-1.070773333511975,745.4427083333334
11451,-1.0492057068475698,745.5078125
11452,-0.9627398273440528,745.5729166666667
11453,-0.9654387072356115,745.6380208333334
11454,-1.0361750835438688,745.703125
11455,-1.0944329216240918,745.7682291666667
11456,-1.0780504839560974,745.8333333333334
11457,-1.0917973488653143,745.8984375
11458,-1.0864745515146457,745.9635416666667
11459,-1.0693658727277315,746.0286458333334
11460,-1.0733309970410712,746.09375
11461,-1.0269141590916124,746.1588541666667
11462,-1.0453247898508382,746.2239583333334
11463,-0.9656996447134149,746.2890625
11464,-1.000121711988548,746.3541666666667
11465,-1.0311342886046428,746.4192708333334
11466,-1.02860617522887,746.484375
11467,-1.0254099638448033,746.5494791666667
11468,-1.050803983017002,746.6145833333334
11469,-0.9380793950106313,746.6796875
11470,-0.9960078130007852,746.7447916666667
11471,-0.9951491729723356,746.8098958333334
11472,-0.956732446665031,746.875
11473,-0.9765324926810924,746.9401041666667
11474,-1.0594849767801893,747.0052083333334
11475,-0.8920977226813562,747.0703125
11476,-0.8807746655448231,747.1354166666667
11477,-0.825891809409752,747.2005208333334
11478,-0.8697757236872263,747.265625
11479,-0.8893063932080375,747.3307291666667
11480,-0.7851208429772562,747.3958333333334
11481,-0.8005364264048409,747.4609375
11482,-0.7952252796107874,747.5260416666667
11483,-0.7718195246046166,747.5911458333334
11484,-0.8096950421587106,747.65625
11485,-0.8010372764554549,747.7213541666667
11486,-0.754975893617792,747.7864583333334
11487,-0.7759710729369647,747.8515625
11488,-0.6549004932955586,747.9166666666667
11489,-0.6926638760218274,747.9817708333334
11490,-0.6934537541338666,748.046875
11491,-0.6985281454014372,748.1119791666667
11492,-0.6785235707340741,748.1770833333334
11493,-0.6944648477668752,748.2421875
11494,-0.5210320750136651,748.3072916666667
11495,-0.5776847665414468,748.3723958333334
11496,-0.5847250467705529,748.4375
11497,-0.5598112906188181,748.5026041666667
11498,-0.40181644377838416,748.5677083333334
11499,-0.5852515432099402,748.6328125
11500,-0.4579242211364786,748.6979166666667
11501,-0.5578082515968905,748.7630208333334
11502,-0.4569604664037647,748.828125
11503,-0.37550422935017597,748.8932291666667
11504,-0.41823033757944,748.9583333333334
11505,-0.3358981091323635,749.0234375
11506,-0.30452771299883197,749.0885416666667
11507,-0.23175096694617497,749.1536458333334
11508,-0.3101886998825989,749.21875
11509,-0.37278531779716645,749.2838541666667
11510,-0.20115228333966273,749.3489583333334
11511,-0.18962303248673368,749.4140625
11512,-0.19137667529076585,749.4791666666667
11513,-0.07423480590861839,749.5442708333334
11514,-0.1133283770811645,749.609375
11515,-0.1784723948385687,749.6744791666667
11516,-0.09083278487208196,749.7395833333334
11517,-0.01862507991848016,749.8046875
11518,-0.052889516648426775,749.8697916666667
11519,-0.12688505802555597,749.9348958333334
11520,-0.03001649597292633,750.0
11521,0.013128192475290878,750.0651041666667
11522,-0.0378625668940253,750.1302083333334
11523,0.023829734361164052,750.1953125
11524,0.13133975120367036,750.2604166666667
11525,0.15479691490901026,750.3255208333334
11526,0.10734354034709961,750.390625
11527,0.21544771324027273,750.4557291666667
11528,0.2493028324128977,750.5208333333334
11529,0.22259771714721482,750.5859375
11530,0.22819526900041814,750.6510416666667
11531,0.30436920821726593,750.7161458333334
11532,0.31103242677888904,750.78125
11533,0.3483016013400941,750.8463541666667
11534,0.2851981344489031,750.9114583333334
11535,0.3385679313672517,750.9765625
11536,0.42653134985845464,751.0416666666667
11537,0.32379767556929534,751.1067708333334
11538,0.35458502879574055,751.171875
11539,0.38358622881647775,751.2369791666667
11540,0.4184950642058338,751.3020833333334
11541,0.5614677485383707,751.3671875
11542,0.4476890286206265,751.4322916666667
11543,0.48382831138264726,751.4973958333334
11544,0.5487617293710305,751.5625
11545,0.5671338119718614,751.6276041666667
11546,0.5389348536696112,751.6927083333334
11547,0.6681357553120255,751.7578125
11548,0.5687917824381016,751.8229166666667
11549,0.6183003235000175,751.8880208333334
11550,0.6347994209413541,751.953125
11551,0.6601135202679601,752.0182291666667
11552,0.7252100939365606,752.0833333333334
11553,0.6797434154695283,752.1484375
11554,0.7440220813944067,752.2135416666667
11555,0.7449529947507343,752.2786458333334
11556,0.8012672135274351,752.34375
11557,0.8100844826912188,752.4088541666667
11558,0.7558495128640648,752.4739583333334
11559,0.77045951163918,752.5390625
11560,0.8753469880662771,752.6041666666667
11561,0.8873110724203876,752.6692708333334
11562,0.8454944199370651,752.734375
11563,0.8075533096042318,752.7994791666667
11564,0.8265526435365634,752.8645833333334
11565,0.9040098013730768,752.9296875
11566,0.8823416747420332,752.9947916666667
11567,0.8899588303760247,753.0598958333334
11568,0.9517048616928737,753.125
11569,0.8580245748396566,753.1901041666667
11570,0.9539919183416694,753.2552083333334
11571,0.9471134008848244,753.3203125
11572,0.8703787593712415,753.3854166666667
11573,0.9807938672482837,753.4505208333334
11574,0.9248598683406599,753.515625
11575,0.9104229394815837,753.5807291666667
11576,0.9630565138024987,753.6458333333334
11577,0.9515738529873794,753.7109375
11578,1.031059914184834,753.7760416666667
11579,0.890855438650378,753.8411458333334
11580,0.9255850409509424,753.90625
11581,1.0312897035357553,753.9713541666667
11582,0.9361873034071119,754.0364583333334
11583,0.9561277984393605,754.1015625
11584,0.9013446018435827,754.1666666666667
11585,1.0452284238892402,754.2317708333334
11586,0.9599403677771059,754.296875
11587,1.0198359699289536,754.3619791666667
11588,0.8815568773609155,754.4270833333334
11589,0.880264291636219,754.4921875
11590,0.9608350012137499,754.5572916666667
11591,0.9203802225673131,754.6223958333334
11592,0.9189600516192638,754.6875
11593,0.8998382079574898,754.7526041666667
11594,0.9410446661169147,754.8177083333334
11595,0.9220767314905955,754.8828125
11596,0.969718804030157,754.9479166666667
11597,0.9545174493278112,755.0130208333334
11598,0.868495246147021,755.078125
11599,0.9357509571380618,755.1432291666667
11600,0.8458227003448715,755.2083333333334
11601,0.8998665096296052,755.2734375
11602,0.8267401505324966,755.3385416666667
11603,0.8229916956715945,755.4036458333334
11604,0.8265468132474695,755.46875
11605,0.8255199620969431,755.5338541666667
11606,0.7817953788933889,755.5989583333334
11607,0.7703360498832226,755.6640625
11608,0.8205576876405516,755.7291666666667
11609,0.7198359309834612,755.7942708333334
11610,0.71636065380816,755.859375
11611,0.7308813855216338,755.9244791666667
11612,0.7521664865467329,755.9895833333334
11613,0.7431134150411404,756.0546875
11614,0.719532027113875,756.1197916666667
11615,0.7418405578487091,756.1848958333334
11616,0.7041141760333643,756.25
11617,0.6650750455300356,756.3151041666667
11618,0.6307913900676216,756.3802083333334
11619,0.6764301032288103,756.4453125
11620,0.5292442977139076,756.5104166666667
11621,0.48383765816783664,756.5755208333334
11622,0.5966609919747344,756.640625
11623,0.4827337203354033,756.7057291666667
11624,0.46155633941440266,756.7708333333334
11625,0.46675354292702254,756.8359375
11626,0.4634330349985409,756.9010416666667
11627,0.3998722394625848,756.9661458333334
11628,0.3886269325528134,757.03125
11629,0.3998093108653914,757.0963541666667
11630,0.4087227318785605,757.1614583333334
11631,0.4246601362200508,757.2265625
11632,0.35347602358474617,757.2916666666667
11633,0.27896063803647814,757.3567708333334
11634,0.2720787921627736,757.421875
11635,0.2867876184822047,757.4869791666667
11636,0.2365692703088535,757.5520833333334
11637,0.19610617555041712,757.6171875
11638,0.21768644261069842,757.6822916666667
11639,0.17087145702806392,757.7473958333334
11640,0.21766728413122025,757.8125
11641,0.09742817459536343,757.8776041666667
11642,0.12009882700173657,757.9427083333334
11643,0.15185854359779116,758.0078125
11644,0.07903105330993397,758.0729166666667
11645,0.10141841748300301,758.1380208333334
11646,0.03600204401407123,758.203125
11647,-0.0068325848540022275,758.2682291666667
11648,-0.022697119618189193,758.3333333333334
11649,-0.04775612835282197,758.3984375
11650,-0.016276287118215896,758.4635416666667
11651,-0.029076578370134033,758.5286458333334
11652,-0.11376395033345199,758.59375
11653,-0.08210687478273927,758.6588541666667
11654,-0.15143699972800972,758.7239583333334
11655,-0.24405615850253437,758.7890625
11656,-0.11989880816536456,758.8541666666667
11657,-0.18593227426822898,758.9192708333334
11658,-0.243538737123865,758.984375
11659,-0.17927886454146083,759.0494791666667
11660,-0.27745944667157996,759.1145833333334
11661,-0.3031590523959361,759.1796875
11662,-0.31535469051960474,759.2447916666667
11663,-0.29287319791743766,759.3098958333334
11664,-0.28786180270424,759.375
11665,-0.36188671425093416,759.4401041666667
11666,-0.3597771562435179,759.5052083333334
11667,-0.43954513860239525,759.5703125
11668,-0.39428970667773056,759.6354166666667
11669,-0.420094252546747,759.7005208333334
11670,-0.47654504804874853,759.765625
11671,-0.5897105856949518,759.8307291666667
11672,-0.4667377027402849,759.8958333333334
11673,-0.4987797016363227,759.9609375
11674,-0.5260444735072367,760.0260416666667
11675,-0.5805973530669145,760.0911458333334
11676,-0.5876989110854862,760.15625
11677,-0.6230101250042278,760.2213541666667
11678,-0.656934350947903,760.2864583333334
11679,-0.6256232898700904,760.3515625
11680,-0.6179866444690831,760.4166666666667
11681,-0.6564561422667338,760.4817708333334
11682,-0.5856029490784179,760.546875
11683,-0.6383517597503439,760.6119791666667
11684,-0.7815236867661167,760.6770833333334
11685,-0.6269357669751606,760.7421875
11686,-0.7228580323657764,760.8072916666667
11687,-0.8711790862253004,760.8723958333334
11688,-0.7684411465888229,760.9375
11689,-0.6982134504605791,761.0026041666667
11690,-0.7420286632861834,761.0677083333334
11691,-0.7324330617472593,761.1328125
11692,-0.7902122431515282,761.1979166666667
11693,-0.8777495791572608,761.2630208333334
11694,-0.8166761127489814,761.328125
11695,-0.8451231221919313,761.3932291666667
11696,-0.7903643521933146,761.4583333333334
11697,-0.7699656771995134,761.5234375
11698,-0.8222086894027388,761.5885416666667
11699,-0.8797786869889982,761.6536458333334
11700,-0.8009194006396239,761.71875
11701,-0.819633994409887,761.7838541666667
11702,-0.9317940241630845,761.8489583333334
11703,-0.8903118345573746,761.9140625
11704,-0.866300414418042,761.9791666666667
11705,-0.9670813807435603,762.0442708333334
11706,-0.8925203930010456,762.109375
11707,-0.8799212653023876,762.1744791666667
11708,-0.9367559979540502,762.2395833333334
11709,-0.9111244507811537,762.3046875
11710,-0.9000361231024668,762.3697916666667
11711,-0.8416119175675855,762.4348958333334
11712,-0.9552334392514075,762.5
11713,-0.8432020284037357,762.5651041666667
11714,-0.8718620474840458,762.6302083333334
11715,-0.8854604242960152,762.6953125
11716,-0.8878466074317708,762.7604166666667
11717,-0.8553449877219721,762.8255208333334
11718,-0.9462049593041946,762.890625
11719,-0.8174738107990215,762.9557291666667
11720,-0.854260287119856,763.0208333333334
11721,-0.8707249246778026,763.0859375
11722,-0.8764376143240037,763.1510416666667
11723,-0.8700394782776608,763.2161458333334
11724,-0.7907239830784729,763.28125
11725,-0.9166742300148237,763.3463541666667
11726,-0.8624195004827133,763.4114583333334
11727,-0.8161824002066081,763.4765625
11728,-0.7325737302703869,763.5416666666667
11729,-0.693694908549859,763.6067708333334
11730,-0.7185068653771204,763.671875
11731,-0.739889155045308,763.7369791666667
11732,-0.7163427827749315,763.8020833333334
11733,-0.8137476149051425,763.8671875
11734,-0.717445221315357,763.9322916666667
11735,-0.7138043102564333,763.9973958333334
11736,-0.7635252648643551,764.0625
11737,-0.7439815105293938,764.1276041666667
11738,-0.747120437185782,764.1927083333334
11739,-0.612872811393926,764.2578125
11740,-0.6497578128290119,764.3229166666667
11741,-0.6215188677411908,764.3880208333334
11742,-0.6066919954944787,764.453125
11743,-0.635609598193672,764.5182291666667
11744,-0.6585274650960034,764.5833333333334
11745,-0.5839910661750304,764.6484375
11746,-0.6547524646823376,764.7135416666667
11747,-0.5318354110271362,764.7786458333334
11748,-0.6163706001024588,764.84375
11749,-0.5974841703288665,764.9088541666667
11750,-0.5100861413254593,764.9739583333334
11751,-0.518972346025156,765.0390625
11752,-0.48848407737430516,765.1041666666667
11753,-0.45824536899565604,765.1692708333334
11754,-0.43900938261765127,765.234375
11755,-0.4409545402008773,765.2994791666667
11756,-0.4074146011616521,765.3645833333334
11757,-0.40287664578942384,765.4296875
11758,-0.43742220364642426,765.4947916666667
11759,-0.34251459843411486,765.5598958333334
11760,-0.36287863854975383,765.625
11761,-0.326207672521864,765.6901041666667
11762,-0.28169087191833625,765.7552083333334
11763,-0.2601771133482484,765.8203125
11764,-0.22472990133292126,765.8854166666667
11765,-0.23949000241884588,765.9505208333334
11766,-0.17867796521738757,766.015625
11767,-0.23642280584579087,766.0807291666667
11768,-0.1757907826540434,766.1458333333334
11769,-0.12359565063119755,766.2109375
11770,-0.18259475536544,766.2760416666667
11771,-0.1676171185707035,766.3411458333334
11772,-0.09998314969174793,766.40625
11773,-0.06437846811375088,766.4713541666667
11774,-0.11570489219731547,766.5364583333334
11775,-0.028156078773229756,766.6015625
11776,-0.048870002488951646,766.6666666666667
11777,0.06341201540703231,766.7317708333334
11778,0.12315608894100255,766.796875
11779,0.037566102320930314,766.8619791666667
11780,0.10718731572348969,766.9270833333334
11781,0.13555047497920455,766.9921875
11782,0.11519297871615611,767.0572916666667
11783,0.10076632843006264,767.1223958333334
11784,0.16728701173439767,767.1875
11785,0.19411417341770712,767.2526041666667
11786,0.24755426231672487,767.3177083333334
11787,0.31778363312844093,767.3828125
11788,0.24661625697515344,767.4479166666667
11789,0.34300228136985117,767.5130208333334
11790,0.3321378814191967,767.578125
11791,0.3751921768314431,767.6432291666667
11792,0.2637226295926227,767.7083333333334
11793,0.341187314089022,767.7734375
11794,0.3761400975409795,767.8385416666667
11795,0.38711263422524006,767.9036458333334
11796,0.43757609367497957,767.96875
11797,0.41260964674959294,768.0338541666667
11798,0.484527481740452,768.0989583333334
11799,0.4552288201680713,768.1640625
11800,0.44202336184695357,768.2291666666667
11801,0.5692015837341137,768.2942708333334
11802,0.460297032831999,768.359375
11803,0.44927533884499027,768.4244791666667
11804,0.651982215806648,768.4895833333334
11805,0.5932500372991613,768.5546875
11806,0.5305178905989781,768.6197916666667
11807,0.5686646215118712,768.6848958333334
11808,0.6536555675025172,768.75
11809,0.6496278723291613,768.8151041666667
11810,0.5831936836970265,768.8802083333334
11811,0.6709903750373291,768.9453125
11812,0.651340841563387,769.0104166666667
11813,0.6785566658861533,769.0755208333334
11814,0.7157990586680579,769.140625
11815,0.7388017196860218,769.2057291666667
11816,0.6983168947132318,769.2708333333334
11817,0.7615773304174982,769.3359375
11818,0.7552749577908815,769.4010416666667
11819,0.7780777229523647,769.4661458333334
11820,0.7797798536061814,769.53125
11821,0.7867391723337684,769.5963541666667
11822,0.7785695541518046,769.6614583333334
11823,0.832874767536602,769.7265625
11824,0.8446096570389655,769.7916666666667
11825,0.7962305003271377,769.8567708333334
11826,0.8636474819158606,769.921875
11827,0.7663677655949734,769.9869791666667
11828,0.8446898197959173,770.0520833333334
11829,0.7728751544108317,770.1171875
11830,0.8125263029494755,770.1822916666667
11831,0.8019150284381462,770.2473958333334
11832,0.7626325964413414,770.3125
11833,0.8692745165589105,770.3776041666667
11834,0.7987089040884665,770.4427083333334
11835,0.9285638677458724,770.5078125
11836,0.8493512376207409,770.5729166666667
11837,0.8342566366814936,770.6380208333334
11838,0.8183279390416655,770.703125
11839,0.8139160500756663,770.7682291666667
11840,0.8155624355853768,770.8333333333334
11841,0.9001986492639074,770.8984375
11842,0.831703832666312,770.9635416666667
11843,0.831929206619401,771.0286458333334
11844,0.8472401658565831,771.09375
11845,0.8540770174029801,771.1588541666667
11846,0.837070757846716,771.2239583333334
11847,0.8344493649101071,771.2890625
11848,0.8303042290302752,771.3541666666667
11849,0.7904232146322947,771.4192708333334
11850,0.876695385936968,771.484375
11851,0.8642864424342751,771.5494791666667
11852,0.8047374457074777,771.6145833333334
11853,0.878202939329494,771.6796875
11854,0.8362671801714586,771.7447916666667
11855,0.8231452252861329,771.8098958333334
11856,0.8081253921340967,771.875
11857,0.891704810276809,771.9401041666667
11858,0.7579382115462103,772.0052083333334
11859,0.7443653393912298,772.0703125
11860,0.6979533625369084,772.1354166666667
11861,0.7947387024815115,772.2005208333334
11862,0.765430554371306,772.265625
11863,0.6666229560027696,772.3307291666667
11864,0.7415353336076339,772.3958333333334
11865,0.7104136929326337,772.4609375
11866,0.684537259830722,772.5260416666667
11867,0.6664271383419785,772.5911458333334
11868,0.5541011745208065,772.65625
11869,0.6211795251612003,772.7213541666667
11870,0.7040805755423712,772.7864583333334
11871,0.6268532501615309,772.8515625
11872,0.594816203596603,772.9166666666667
11873,0.5603895604602904,772.9817708333334
11874,0.5462166564447238,773.046875
11875,0.5910678897556794,773.1119791666667
11876,0.5678632157044724,773.1770833333334
11877,0.47025711059847347,773.2421875
11878,0.4399892176147269,773.3072916666667
11879,0.4797946983663243,773.3723958333334
11880,0.4666005241909798,773.4375
11881,0.4984319483035907,773.5026041666667
11882,0.47222618395393967,773.5677083333334
11883,0.43404817723305256,773.6328125
11884,0.3812311087515331,773.6979166666667
11885,0.34942716517830175,773.7630208333334
11886,0.365631121372583,773.828125
11887,0.3591325356541424,773.8932291666667
11888,0.3571092295188042,773.9583333333334
11889,0.41513581382981884,774.0234375
11890,0.2540872161102289,774.0885416666667
11891,0.27266384249790604,774.1536458333334
11892,0.1941523268576285,774.21875
11893,0.2563868612792212,774.2838541666667
11894,0.18889106076116857,774.3489583333334
11895,0.2595186449108076,774.4140625
11896,0.19337530509314538,774.4791666666667
11897,0.17153038202512128,774.5442708333334
11898,0.07837614881619913,774.609375
11899,0.15349081212446813,774.6744791666667
11900,0.09944827173967181,774.7395833333334
11901,0.07501451514229135,774.8046875
11902,0.04586353258936741,774.8697916666667
11903,-0.003077335852896105,774.9348958333334
11904,0.02489073300807293,775.0
11905,-0.018861849445783674,775.0651041666667
11906,-0.060060414532659076,775.1302083333334
11907,-0.07351274084207261,775.1953125
11908,-0.09728070025330635,775.2604166666667
11909,-0.06293318588804836,775.3255208333334
11910,-0.19580484135437054,775.390625
11911,-0.19096783686290456,775.4557291666667
11912,-0.10068244251586526,775.5208333333334
11913,-0.17781429168628315,775.5859375
11914,-0.24604207712217108,775.6510416666667
11915,-0.1738128787783254,775.7161458333334
11916,-0.2564265406147012,775.78125
11917,-0.26778157691589066,775.8463541666667
11918,-0.2064016671719175,775.9114583333334
11919,-0.3163570282129391,775.9765625
11920,-0.28816893136848626,776.0416666666667
11921,-0.32450487476601314,776.1067708333334
11922,-0.38157147835580985,776.171875
11923,-0.29543109299341813,776.2369791666667
11924,-0.43778055806703287,776.3020833333334
11925,-0.45993560776872117,776.3671875
11926,-0.5255761833387255,776.4322916666667
11927,-0.48284132027829113,776.4973958333334
11928,-0.4834360546715165,776.5625
11929,-0.48198647351673146,776.6276041666667
11930,-0.5453628994112305,776.6927083333334
11931,-0.6353310700459286,776.7578125
11932,-0.5399077846717611,776.8229166666667
11933,-0.6225627913040308,776.8880208333334
11934,-0.5635755609293361,776.953125
11935,-0.6126859548847613,777.0182291666667
11936,-0.5935238512082747,777.0833333333334
11937,-0.6739113241413455,777.1484375
11938,-0.6646720771950246,777.2135416666667
11939,-0.6165798247332864,777.2786458333334
11940,-0.6317991113073659,777.34375
11941,-0.6796079778591451,777.4088541666667
11942,-0.7730011540856351,777.4739583333334
11943,-0.7397545978143856,777.5390625
11944,-0.6571956799926018,777.6041666666667
11945,-0.7687760377302986,777.6692708333334
11946,-0.7072640998514529,777.734375
11947,-0.7351854867626707,777.7994791666667
11948,-0.7502721928616808,777.8645833333334
11949,-0.789107910203487,777.9296875
11950,-0.766636047680285,777.9947916666667
11951,-0.7935178491485333,778.0598958333334
11952,-0.8230205029778302,778.125
11953,-0.7250708970190044,778.1901041666667
11954,-0.820848128658305,778.2552083333334
11955,-0.8704679388379251,778.3203125
11956,-0.9063842889440152,778.3854166666667
11957,-0.827802304330314,778.4505208333334
11958,-0.8637638279919296,778.515625
11959,-0.9531355779201403,778.5807291666667
11960,-0.8354811886423336,778.6458333333334
11961,-0.8719218355833452,778.7109375
11962,-0.881093702504086,778.7760416666667
11963,-0.8930142976795135,778.8411458333334
11964,-0.94091453579649,778.90625
11965,-0.8411792096147801,778.9713541666667
11966,-0.9507105428878632,779.0364583333334
11967,-0.8782850277043628,779.1015625
11968,-0.8545086514895281,779.1666666666667
11969,-0.8895229590270568,779.2317708333334
11970,-0.9086905375073517,779.296875
11971,-0.8908005858161387,779.3619791666667
11972,-0.8705008672790638,779.4270833333334
11973,-0.904414182882676,779.4921875
11974,-0.8744305400810778,779.5572916666667
11975,-0.8715505674472204,779.6223958333334
11976,-0.811958897816366,779.6875
11977,-0.8951249776878474,779.7526041666667
11978,-0.8407015468690991,779.8177083333334
11979,-0.8569313360145145,779.8828125
11980,-0.9246049648195559,779.9479166666667
11981,-0.8862972510725488,780.0130208333334
11982,-0.7120669930417951,780.078125
11983,-0.8879594080070353,780.1432291666667
11984,-0.7708219237777745,780.2083333333334
11985,-0.768167374045536,780.2734375
11986,-0.8100416512568979,780.3385416666667
11987,-0.805677033796112,780.4036458333334
11988,-0.7298887160476573,780.46875
11989,-0.7819197385723043,780.5338541666667
11990,-0.6761860138753623,780.5989583333334
11991,-0.7646684612650549,780.6640625
11992,-0.7329577003879985,780.7291666666667
11993,-0.737631459404644,780.7942708333334
11994,-0.6862133139197604,780.859375
11995,-0.6555929158974694,780.9244791666667
11996,-0.709075948758684,780.9895833333334
11997,-0.6223500113812757,781.0546875
11998,-0.6874167250397111,781.1197916666667
11999,-0.6989875274024506,781.1848958333334
12000,-0.6005685226503938,781.25
12001,-0.6101453912363076,781.3151041666667
12002,-0.5691487338694928,781.3802083333334
12003,-0.560892861212785,781.4453125
12004,-0.6182179588465151,781.5104166666667
12005,-0.6013419876183147,781.5755208333334
12006,-0.4949173128208377,781.640625
12007,-0.6027651978210213,781.7057291666667
12008,-0.47890380252115927,781.7708333333334
12009,-0.5099545044842121,781.8359375
12010,-0.4340678198238199,781.9010416666667
12011,-0.4157012712661285,781.9661458333334
12012,-0.3906977210303854,782.03125
12013,-0.43834545686877474,782.0963541666667
12014,-0.3696604884772198,782.1614583333334
12015,-0.3226158567029542,782.2265625
12016,-0.33858208819028385,782.2916666666667
12017,-0.3290184120843539,782.3567708333334
12018,-0.32964666510150975,782.421875
12019,-0.2458280103945033,782.4869791666667
12020,-0.30721965208446217,782.5520833333334
12021,-0.29598959079652315,782.6171875
12022,-0.22602193175004737,782.6822916666667
12023,-0.18054000703325085,782.7473958333334
12024,-0.16656796129742657,782.8125
12025,-0.22659975340281882,782.8776041666667
12026,-0.12165459339692226,782.9427083333334
12027,-0.1538958813583712,783.0078125
12028,-0.14107987984129897,783.0729166666667
12029,-0.08131973556443331,783.1380208333334
12030,-0.06930510873545341,783.203125
12031,-0.03293030926786321,783.2682291666667
12032,0.00511516529568731,783.3333333333334
12033,0.02031196542192658,783.3984375
12034,0.03159335249326584,783.4635416666667
12035,0.09168910743942629,783.5286458333334
12036,0.11033269390133865,783.59375
12037,0.09523020099505275,783.6588541666667
12038,0.10463786333254019,783.7239583333334
12039,0.1538971145156387,783.7890625
12040,0.21847217420899107,783.8541666666667
12041,0.21962366057269148,783.9192708333334
12042,0.21567340205223492,783.984375
12043,0.25097894114994607,784.0494791666667
12044,0.31579701582475544,784.1145833333334
12045,0.37567660958674004,784.1796875
12046,0.3309894586744569,784.2447916666667
12047,0.30036830241163415,784.3098958333334
12048,0.30894691889090065,784.375
12049,0.3673827170989463,784.4401041666667
12050,0.4862004060072307,784.5052083333334
12051,0.47942001481010843,784.5703125
12052,0.44193127175105634,784.6354166666667
12053,0.4292334209823182,784.7005208333334
12054,0.45645983518029437,784.765625
12055,0.42724040092204213,784.8307291666667
12056,0.49110753891322106,784.8958333333334
12057,0.5094102500080335,784.9609375
12058,0.5657555030585633,785.0260416666667
12059,0.57812849422016,785.0911458333334
12060,0.6344381707897341,785.15625
12061,0.5678893270770009,785.2213541666667
12062,0.5521488838658941,785.2864583333334
12063,0.6970591194577724,785.3515625
12064,0.6542139709001543,785.4166666666667
12065,0.7581389662933752,785.4817708333334
12066,0.6334531738312016,785.546875
12067,0.6550662932020306,785.6119791666667
12068,0.6638538031393313,785.6770833333334
12069,0.7930702109308675,785.7421875
12070,0.7176346346177497,785.8072916666667
12071,0.7136839982651307,785.8723958333334
12072,0.7553040673259523,785.9375
12073,0.7383584335961458,786.0026041666667
12074,0.8076346715140916,786.0677083333334
12075,0.8534214330938117,786.1328125
12076,0.8653936536100105,786.1979166666667
12077,0.9221075230315523,786.2630208333334
12078,0.9388534125170775,786.328125
12079,0.8594368964529999,786.3932291666667
12080,0.893557442790213,786.4583333333334
12081,0.9329142795849522,786.5234375
12082,0.9223874520087771,786.5885416666667
12083,0.8671979198388823,786.6536458333334
12084,0.9568211425836478,786.71875
12085,0.9009578726454147,786.7838541666667
12086,0.9023561837243228,786.8489583333334
12087,0.944744359875979,786.9140625
12088,0.9395781887573389,786.9791666666667
12089,0.9251576050783432,787.0442708333334
12090,1.0140249425694965,787.109375
12091,0.9396472858731024,787.1744791666667
12092,0.9382445065921958,787.2395833333334
12093,1.022370453507039,787.3046875
12094,0.9438101396278504,787.3697916666667
12095,0.9402534486281127,787.4348958333334
12096,0.9715051637964968,787.5
12097,1.0055693425129566,787.5651041666667
12098,0.9254500625441966,787.6302083333334
12099,0.9787773094774312,787.6953125
12100,1.0066478259243836,787.7604166666667
12101,1.0160686155253833,787.8255208333334
12102,0.8421151705488008,787.890625
12103,0.9267690659644647,787.9557291666667
12104,0.920688257275393,788.0208333333334
12105,1.0050391309152749,788.0859375
12106,0.9355356139391119,788.1510416666667
12107,0.9467638477108304,788.2161458333334
12108,0.9242488853343956,788.28125
12109,0.9009275137696175,788.3463541666667
12110,0.8370229054493437,788.4114583333334
12111,0.9312444959279088,788.4765625
12112,0.8717593491470559,788.5416666666667
12113,0.9647698493251619,788.6067708333334
12114,0.9210749718770945,788.671875
12115,0.8632633176045891,788.7369791666667
12116,0.837411517869824,788.8020833333334
12117,0.9269589996228553,788.8671875
12118,0.8591966362007059,788.9322916666667
12119,0.7927194868556978,788.9973958333334
12120,0.789572996340595,789.0625
12121,0.8745578724962134,789.1276041666667
12122,0.7445597816410637,789.1927083333334
12123,0.7778068335490308,789.2578125
12124,0.9054539312615809,789.3229166666667
12125,0.711957186548321,789.3880208333334
12126,0.7242723914078724,789.453125
12127,0.7747177045414959,789.5182291666667
12128,0.6842910718583356,789.5833333333334
12129,0.6315820141213386,789.6484375
12130,0.6582905650090066,789.7135416666667
12131,0.6167276968584964,789.7786458333334
12132,0.6329033318902492,789.84375
12133,0.6611690682961552,789.9088541666667
12134,0.47921853460738556,789.9739583333334
12135,0.6376466695211349,790.0390625
12136,0.5244189073548284,790.1041666666667
12137,0.5384334960355471,790.1692708333334
12138,0.49800524750737124,790.234375
12139,0.43721127182761954,790.2994791666667
12140,0.5130097056928881,790.3645833333334
12141,0.38528263447997857,790.4296875
12142,0.43998420826123436,790.4947916666667
12143,0.3335996289604731,790.5598958333334
12144,0.4267206987888855,790.625
12145,0.3562323890426975,790.6901041666667
12146,0.3595838781072956,790.7552083333334
12147,0.26625223132109077,790.8203125
12148,0.2923859712915564,790.8854166666667
12149,0.23612878785249963,790.9505208333334
12150,0.20279518569703986,791.015625
12151,0.1858943479309744,791.0807291666667
12152,0.22887183351745852,791.1458333333334
12153,0.15419074257453338,791.2109375
12154,0.20031438314718988,791.2760416666667
12155,0.12337933269968757,791.3411458333334
12156,0.11568256828852713,791.40625
12157,0.09957983075187443,791.4713541666667
12158,-0.0031168702794176074,791.5364583333334
12159,-0.0024857145767587896,791.6015625
12160,0.09020277382395214,791.6666666666667
12161,0.0001728187416867392,791.7317708333334
12162,-0.13281310307713304,791.796875
12163,-0.12113223135137029,791.8619791666667
12164,-0.037751107072418744,791.9270833333334
12165,-0.13313770887365575,791.9921875
12166,-0.12518254853582556,792.0572916666667
12167,-0.190665211108969,792.1223958333334
12168,-0.180281674275118,792.1875
12169,-0.2666780763675117,792.2526041666667
12170,-0.2529040773322395,792.3177083333334
12171,-0.2906575456372485,792.3828125
12172,-0.24507987368365822,792.4479166666667
12173,-0.29457630104144683,792.5130208333334
12174,-0.33965034231413194,792.578125
12175,-0.3691454984231827,792.6432291666667
12176,-0.41287668552554047,792.7083333333334
12177,-0.4303827273775828,792.7734375
12178,-0.4223752257137281,792.8385416666667
12179,-0.5492225599229107,792.9036458333334
12180,-0.4905616830010643,792.96875
12181,-0.5757209919542249,793.0338541666667
12182,-0.5828110192091771,793.0989583333334
12183,-0.4046645314818589,793.1640625
12184,-0.5275673794894411,793.2291666666667
12185,-0.5772274145352733,793.2942708333334
12186,-0.6351398643655342,793.359375
12187,-0.7293817248225332,793.4244791666667
12188,-0.6510046407408393,793.4895833333334
12189,-0.7131204544410822,793.5546875
12190,-0.670516471716005,793.6197916666667
12191,-0.7470921768376811,793.6848958333334
12192,-0.8212409252344729,793.75
12193,-0.7167248557189325,793.8151041666667
12194,-0.7859652178143284,793.8802083333334
12195,-0.7924610709789884,793.9453125
12196,-0.7516663876456391,794.0104166666667
12197,-0.8583600818891297,794.0755208333334
12198,-0.8413231759197853,794.140625
12199,-0.8330385061317711,794.2057291666667
12200,-0.9098601681730681,794.2708333333334
12201,-0.8023722635238801,794.3359375
12202,-0.8052708815321945,794.4010416666667
12203,-0.9245064399152962,794.4661458333334
12204,-0.7867902025555186,794.53125
12205,-1.0236407203251434,794.5963541666667
12206,-0.9133249547397922,794.6614583333334
12207,-0.9091443125618789,794.7265625
12208,-1.022777190139085,794.7916666666667
12209,-0.9723372377290393,794.8567708333334
12210,-1.0010644890272329,794.921875
12211,-0.9853724861689139,794.9869791666667
12212,-0.9881275763380956,795.0520833333334
12213,-1.060908612629174,795.1171875
12214,-0.9816459502267499,795.1822916666667
12215,-1.0507219661633693,795.2473958333334
12216,-1.0514545038530625,795.3125
12217,-0.9494960957901097,795.3776041666667
12218,-1.0196264966312787,795.4427083333334
12219,-1.019514763680788,795.5078125
12220,-1.0258657601031342,795.5729166666667
12221,-1.1273194617012405,795.6380208333334
12222,-0.9870887745298619,795.703125
12223,-1.0711787609208945,795.7682291666667
12224,-1.019957814210663,795.8333333333334
12225,-0.9942380155956253,795.8984375
12226,-1.071418840072844,795.9635416666667
12227,-1.1145434304698831,796.0286458333334
12228,-1.0601464940606982,796.09375
12229,-1.0164693521322097,796.1588541666667
12230,-1.0152846487204148,796.2239583333334
12231,-1.0736575867679126,796.2890625
12232,-1.092671239234445,796.3541666666667
12233,-0.9656682005570999,796.4192708333334
12234,-1.0180649691665247,796.484375
12235,-1.0133846072875798,796.5494791666667
12236,-1.0152947538102524,796.6145833333334
12237,-0.9654076333081542,796.6796875
12238,-1.0547730090105314,796.7447916666667
12239,-1.0394508610304962,796.8098958333334
12240,-0.9820928591368441,796.875
12241,-1.0957289651303652,796.9401041666667
12242,-0.9885036692497182,797.0052083333334
12243,-0.9939651017989689,797.0703125
12244,-0.8815861475934578,797.1354166666667
12245,-0.8606104828936474,797.2005208333334
12246,-0.9526275488603749,797.265625
12247,-0.8701298804448695,797.3307291666667
12248,-0.9175557604470116,797.3958333333334
12249,-0.8906560798734681,797.4609375
12250,-0.9183002344208852,797.5260416666667
12251,-0.8266263769161417,797.5911458333334
12252,-0.835633126233719,797.65625
12253,-0.8677598345602962,797.7213541666667
12254,-0.8926361599870026,797.7864583333334
12255,-0.8141793805507134,797.8515625
12256,-0.879261706849459,797.9166666666667
12257,-0.8120817803798986,797.9817708333334
12258,-0.657674838495033,798.046875
12259,-0.7685526747692916,798.1119791666667
12260,-0.6564378227796872,798.1770833333334
12261,-0.7384408899314954,798.2421875
12262,-0.6400513257675673,798.3072916666667
12263,-0.5341522179477015,798.3723958333334
12264,-0.5938877225785241,798.4375
12265,-0.5811200122755366,798.5026041666667
12266,-0.544647801553291,798.5677083333334
12267,-0.5792835453854668,798.6328125
12268,-0.4981286477130233,798.6979166666667
12269,-0.3310193316654936,798.7630208333334
12270,-0.5176521877995036,798.828125
12271,-0.4451203873625167,798.8932291666667
12272,-0.34771493458056835,798.9583333333334
12273,-0.4353614937510004,799.0234375
12274,-0.39900118802703366,799.0885416666667
12275,-0.35315531817248824,799.1536458333334
12276,-0.34055202537764556,799.21875
12277,-0.2970458100759996,799.2838541666667
12278,-0.20103834578486207,799.3489583333334
12279,-0.2321170717195746,799.4140625
12280,-0.05824000704232403,799.4791666666667
12281,-0.11719584916004225,799.5442708333334
12282,-0.06028008274551856,799.609375
12283,-0.13320461838131262,799.6744791666667
12284,-0.1335369240493767,799.7395833333334
12285,-0.14769306747670521,799.8046875
12286,-0.2111219198399605,799.8697916666667
12287,-0.03422463936784232,799.9348958333334
12288,0.01147849983204444,800.0
12289,-0.030788986588583103,800.0651041666667
12290,0.04645239650162842,800.1302083333334
12291,0.0993946692571495,800.1953125000001
12292,0.18109631219300548,800.2604166666667
12293,0.08925170919754728,800.3255208333334
12294,0.23963124689449908,800.3906250000001
12295,0.12086277112079746,800.4557291666667
12296,0.31064062978679013,800.5208333333334
12297,0.22559443797543757,800.5859375000001
12298,0.20851143018390453,800.6510416666667
12299,0.3252304852202242,800.7161458333334
12300,0.2812048584831461,800.7812500000001
12301,0.4657806719002543,800.8463541666667
12302,0.4245938678059718,800.9114583333334
12303,0.39383831686676,800.9765625000001
12304,0.372762218469855,801.0416666666667
12305,0.37558635103955734,801.1067708333334
12306,0.46714707551526946,801.1718750000001
12307,0.48519052229371984,801.2369791666667
12308,0.528619355266179,801.3020833333334
12309,0.5403629633397473,801.3671875000001
12310,0.4817843792492559,801.4322916666667
12311,0.6426725125588656,801.4973958333334
12312,0.6328088084314526,801.5625000000001
12313,0.6995494578457352,801.6276041666667
12314,0.6440836175928606,801.6927083333334
12315,0.8185640096833013,801.7578125000001
12316,0.736590502971535,801.8229166666667
12317,0.7113229428545533,801.8880208333334
12318,0.6795373599988701,801.9531250000001
12319,0.6396631943270753,802.0182291666667
12320,0.832874638220827,802.0833333333334
12321,0.9611364779578087,802.1484375000001
12322,0.7994140052207864,802.2135416666667
12323,0.789602346056009,802.2786458333334
12324,0.8305560224888037,802.3437500000001
12325,0.9496294846452207,802.4088541666667
12326,0.9602759061029035,802.4739583333334
12327,1.0024550633474607,802.5390625000001
12328,0.8825107296551741,802.6041666666667
12329,0.925043370412479,802.6692708333334
12330,0.9257714475865296,802.7343750000001
12331,1.0288252257823283,802.7994791666667
12332,0.945383767919509,802.8645833333334
12333,1.033073280081544,802.9296875000001
12334,1.081287353072282,802.9947916666667
12335,1.0289664140275845,803.0598958333334
12336,1.0219229486528707,803.1250000000001
12337,1.0757454653265053,803.1901041666667
12338,1.0396181763476375,803.2552083333334
12339,1.2226798941553936,803.3203125000001
12340,1.1484935118222297,803.3854166666667
12341,1.0917149922933544,803.4505208333334
12342,1.036576554255879,803.5156250000001
12343,1.1262857607093892,803.5807291666667
12344,1.1299053600910427,803.6458333333334
12345,1.0325860916288108,803.7109375000001
12346,1.1006279514483215,803.7760416666667
12347,1.1045306052921051,803.8411458333334
12348,1.1629003578812587,803.9062500000001
12349,1.0859816755456237,803.9713541666667
12350,1.1658361945195121,804.0364583333334
12351,1.2256355103125889,804.1015625000001
12352,1.1500451003511536,804.1666666666667
12353,1.1455362278862986,804.2317708333334
12354,1.145656880735487,804.2968750000001
12355,1.0833093406538143,804.3619791666667
12356,1.0957663180347643,804.4270833333334
12357,1.2058419061426005,804.4921875000001
12358,1.1354655594876204,804.5572916666667
12359,1.1511680261009516,804.6223958333334
12360,1.1645585045983184,804.6875000000001
12361,0.9604698158952079,804.7526041666667
12362,1.131601096074074,804.8177083333334
12363,1.0605060696876234,804.8828125000001
12364,1.066559835691046,804.9479166666667
12365,1.0744936456927985,805.0130208333334
12366,1.1001860995574206,805.0781250000001
12367,1.1270273578107657,805.1432291666667
12368,0.9543792718780764,805.2083333333334
12369,1.0636560983836432,805.2734375000001
12370,0.9500699496996873,805.3385416666667
12371,1.0058269077200015,805.4036458333334
12372,1.101308499424235,805.4687500000001
12373,0.9607171101575588,805.5338541666667
12374,1.1572341867404816,805.5989583333334
12375,0.9097266257026501,805.6640625000001
12376,0.9455751766484526,805.7291666666667
12377,0.8841222857246713,805.7942708333334
12378,1.0160902457845922,805.8593750000001
12379,0.8539075509844133,805.9244791666667
12380,0.9273075664481544,805.9895833333334
12381,0.886482777811152,806.0546875000001
12382,0.8576523439050713,806.1197916666667
12383,0.7509218111363054,806.1848958333334
12384,0.8727689925977228,806.2500000000001
12385,0.8135150640684174,806.3151041666667
12386,0.827776256482694,806.3802083333334
12387,0.7811725781628809,806.4453125000001
12388,0.7995542272368685,806.5104166666667
12389,0.6087014632576921,806.5755208333334
12390,0.712497011884433,806.6406250000001
12391,0.6734118238166301,806.7057291666667
12392,0.6332027267264404,806.7708333333334
12393,0.5925255163164694,806.8359375000001
12394,0.5995510065450997,806.9010416666667
12395,0.629609906709061,806.9661458333334
12396,0.45615061435397003,807.0312500000001
12397,0.5864367258341554,807.0963541666667
12398,0.45589750886271563,807.1614583333334
12399,0.4317077198158047,807.2265625000001
12400,0.3762090984327175,807.2916666666667
12401,0.44257688359452146,807.3567708333334
12402,0.34758869085465033,807.4218750000001
12403,0.33748818929948154,807.4869791666667
12404,0.29613047819032834,807.5520833333334
12405,0.3471200334137162,807.6171875000001
12406,0.3036531746921097,807.6822916666667
12407,0.17306167591551966,807.7473958333334
12408,0.17357590363905195,807.8125000000001
12409,0.044040024285019436,807.8776041666667
12410,0.21501985997443318,807.9427083333334
12411,0.08972631738003611,808.0078125000001
12412,0.13068326877418027,808.0729166666667
12413,0.09941061403649151,808.1380208333334
12414,0.0729009459067119,808.2031250000001
12415,0.1123266749055812,808.2682291666667
12416,-0.1338778229694037,808.3333333333334
12417,0.04244358750705199,808.3984375000001
12418,-0.058193856899382675,808.4635416666667
12419,0.0771080155508338,808.5286458333334
12420,-0.14768063060554165,808.5937500000001
12421,-0.198899394023814,808.6588541666667
12422,-0.11662835254170571,808.7239583333334
12423,-0.17978922174858444,808.7890625000001
12424,-0.2750167459374719,808.8541666666667
12425,-0.2751757096691938,808.9192708333334
12426,-0.3887539922656165,808.9843750000001
12427,-0.10957962013695999,809.0494791666667
12428,-0.3534518825238916,809.1145833333334
12429,-0.3306812064955293,809.1796875000001
12430,-0.3572432162988507,809.2447916666667
12431,-0.32388229181103395,809.3098958333334
12432,-0.4087840605033145,809.3750000000001
12433,-0.3484817008891079,809.4401041666667
12434,-0.44313154844177105,809.5052083333334
12435,-0.5482914298478679,809.5703125000001
12436,-0.5184779198999624,809.6354166666667
12437,-0.6151421636039263,809.7005208333334
12438,-0.5884521188932375,809.7656250000001
12439,-0.6675622695334554,809.8307291666667
12440,-0.5408986287124236,809.8958333333334
12441,-0.6764457151956479,809.9609375000001
12442,-0.6074101226420352,810.0260416666667
12443,-0.6862839908809133,810.0911458333334
12444,-0.6476932621386471,810.1562500000001
12445,-0.7857261330771289,810.2213541666667
12446,-0.8649535604541301,810.2864583333334
12447,-0.841245960405161,810.3515625000001
12448,-0.8089965566500524,810.4166666666667
12449,-0.8917426777457633,810.4817708333334
12450,-0.8851337175082709,810.5468750000001
12451,-0.834208702738124,810.6119791666667
12452,-0.8169579364073789,810.6770833333334
12453,-0.9097745623721861,810.7421875000001
12454,-0.8823555296099367,810.8072916666667
12455,-0.904915414814206,810.8723958333334
12456,-1.0382061079831224,810.9375000000001
12457,-0.9351727918508442,811.0026041666667
12458,-0.9935422301059171,811.0677083333334
12459,-1.1092484349096123,811.1328125000001
12460,-1.071235612150451,811.1979166666667
12461,-1.0158035775589642,811.2630208333334
12462,-1.1230950294156898,811.3281250000001
12463,-0.969011895539658,811.3932291666667
12464,-1.0178663584279752,811.4583333333334
12465,-1.0514843153452496,811.5234375000001
12466,-1.0267367101503597,811.5885416666667
12467,-1.1284699531678097,811.6536458333334
12468,-0.9932844852326431,811.7187500000001
12469,-1.1392790179795778,811.7838541666667
12470,-1.1002038256970281,811.8489583333334
12471,-1.1586089378300493,811.9140625000001
12472,-1.079836137079716,811.9791666666667
12473,-1.1703335434857984,812.0442708333334
12474,-1.2605003682440072,812.1093750000001
12475,-1.1290979127692968,812.1744791666667
12476,-1.1526944085865702,812.2395833333334
12477,-1.0852258146154636,812.3046875000001
12478,-1.1193681749455202,812.3697916666667
12479,-1.1568302517029163,812.4348958333334
12480,-1.2211607024727371,812.5000000000001
12481,-1.124575515303955,812.5651041666667
12482,-1.1438504006476449,812.6302083333334
12483,-1.0725207466145805,812.6953125000001
12484,-1.1400155601413788,812.7604166666667
12485,-1.0836760010269246,812.8255208333334
12486,-1.2188105962878288,812.8906250000001
12487,-1.1599895213566112,812.9557291666667
12488,-1.136496790602613,813.0208333333334
12489,-1.1363329099811519,813.0859375000001
12490,-1.1639877626397874,813.1510416666667
12491,-1.0130471706057471,813.2161458333334
12492,-0.9339084625217858,813.2812500000001
12493,-1.1726850973489338,813.3463541666667
12494,-1.069753426806294,813.4114583333334
12495,-1.1453291851109804,813.4765625000001
12496,-1.0404529163643321,813.5416666666667
12497,-1.0356138869909581,813.6067708333334
12498,-0.9905150763938891,813.6718750000001
12499,-0.9686450748873741,813.7369791666667
12500,-1.000472535695658,813.8020833333334
12501,-1.0678938176808317,813.8671875000001
12502,-1.0135222221246338,813.9322916666667
12503,-0.9697873701219775,813.9973958333334
12504,-0.9399439669721272,814.0625000000001
12505,-0.9810708065287675,814.1276041666667
12506,-0.8995264397848177,814.1927083333334
12507,-0.8819524338659573,814.2578125000001
12508,-0.8297226806123891,814.3229166666667
12509,-0.8053809831501424,814.3880208333334
12510,-0.914518729665481,814.4531250000001
12511,-0.848692992776697,814.5182291666667
12512,-0.7988423227006853,814.5833333333334
12513,-0.7992102465748061,814.6484375000001
12514,-0.7717775259848688,814.7135416666667
12515,-0.6937115262717277,814.7786458333334
12516,-0.7175941146594218,814.8437500000001
12517,-0.6344922562650963,814.9088541666667
12518,-0.6695661067233765,814.9739583333334
12519,-0.680109039107248,815.0390625000001
12520,-0.557044754384103,815.1041666666667
12521,-0.5636424451403679,815.1692708333334
12522,-0.6203269383915545,815.2343750000001
12523,-0.5966216662792095,815.2994791666667
12524,-0.6205493569678915,815.3645833333334
12525,-0.4318332181162504,815.4296875000001
12526,-0.4801172122773838,815.4947916666667
12527,-0.40996665871929583,815.5598958333334
12528,-0.42144032929887454,815.6250000000001
12529,-0.3808258634652385,815.6901041666667
12530,-0.3641095370303235,815.7552083333334
12531,-0.4300614746083701,815.8203125000001
12532,-0.3378596636872948,815.8854166666667
12533,-0.3134199595450369,815.9505208333334
12534,-0.30151146595000033,816.0156250000001
12535,-0.20155976570197467,816.0807291666667
12536,-0.19584909865857242,816.1458333333334
12537,-0.1309454840742165,816.2109375000001
12538,-0.24939081151556503,816.2760416666667
12539,-0.1400405413283405,816.3411458333334
12540,-0.053281193490096544,816.4062500000001
12541,-0.11028064891987245,816.4713541666667
12542,-0.10725171052092514,816.5364583333334
12543,-0.05991875134132267,816.6015625000001
12544,-0.017320549189333158,816.6666666666667
12545,-0.0011910063080168693,816.7317708333334
12546,0.0988801905187062,816.7968750000001
12547,0.15382945469497786,816.8619791666667
12548,0.12491918930513608,816.9270833333334
12549,0.1880130406009435,816.9921875000001
12550,0.13014658039644303,817.0572916666667
12551,0.1352859741374849,817.1223958333334
12552,0.2511413819435424,817.1875000000001
12553,0.2759223825467469,817.2526041666667
12554,0.283934910998033,817.3177083333334
12555,0.3677049874825133,817.3828125000001
12556,0.24443383548885958,817.4479166666667
12557,0.31883989311190225,817.5130208333334
12558,0.26264997564676834,817.5781250000001
12559,0.3515230088700396,817.6432291666667
12560,0.3314050482193011,817.7083333333334
12561,0.4664378897387572,817.7734375000001
12562,0.5024651585455983,817.8385416666667
12563,0.49379011474234563,817.9036458333334
12564,0.4998378606195966,817.9687500000001
12565,0.5478139037075977,818.0338541666667
12566,0.4804096673265811,818.0989583333334
12567,0.5607222637300577,818.1640625000001
12568,0.6087305957612165,818.2291666666667
12569,0.68226184709561,818.2942708333334
12570,0.6263218787677298,818.3593750000001
12571,0.703991921613629,818.4244791666667
12572,0.7993019309050144,818.4895833333334
12573,0.7283610087959614,818.5546875000001
12574,0.6795633589349234,818.6197916666667
12575,0.7461997597336424,818.6848958333334
12576,0.7461198216028095,818.7500000000001
12577,0.7304554621545454,818.8151041666667
12578,0.7825364833312474,818.8802083333334
12579,0.8440617506436463,818.9453125000001
12580,0.9838714380510921,819.0104166666667
12581,0.8096610786325407,819.0755208333334
12582,0.925863126636188,819.1406250000001
12583,0.9635778919428861,819.2057291666667
12584,0.8251743093903254,819.2708333333334
12585,0.8885496310362538,819.3359375000001
12586,1.0190310390767758,819.4010416666667
12587,0.9305146060441445,819.4661458333334
12588,1.048736534495864,819.5312500000001
12589,0.90882501204524,819.5963541666667
12590,0.9861683228445457,819.6614583333334
12591,0.9589100793542797,819.7265625000001
12592,1.0705936754692065,819.7916666666667
12593,0.9137299799934653,819.8567708333334
12594,1.037951434495076,819.9218750000001
12595,0.9734887511567168,819.9869791666667
12596,1.1509850906947285,820.0520833333334
12597,1.0277886007896424,820.1171875000001
12598,0.995413934623057,820.1822916666667
12599,1.122127027314669,820.2473958333334
12600,1.1155445514810727,820.3125000000001
12601,1.156715848467817,820.3776041666667
12602,1.0587149110727496,820.4427083333334
12603,1.0928031667525187,820.5078125000001
12604,1.0391896671713525,820.5729166666667
12605,1.1407236204130073,820.6380208333334
12606,1.0751192559453224,820.7031250000001
12607,1.048113182293361,820.7682291666667
12608,1.0275259942786112,820.8333333333334
12609,1.1533647561358003,820.8984375000001
12610,1.0378192250874445,820.9635416666667
12611,1.052958959413871,821.0286458333334
12612,1.026818865150792,821.0937500000001
12613,1.0380411049243914,821.1588541666667
12614,1.0117538131765618,821.2239583333334
12615,1.0182879331892647,821.2890625000001
12616,1.0453615469350013,821.3541666666667
12617,0.9684654769835241,821.4192708333334
12618,1.0716178886722099,821.4843750000001
12619,1.1115887870444605,821.5494791666667
12620,0.9693866693642995,821.6145833333334
12621,0.9875804616819799,821.6796875000001
12622,0.8813295051316318,821.7447916666667
12623,0.9717764170299302,821.8098958333334
12624,1.0931978967937384,821.8750000000001
12625,0.8895685902341369,821.9401041666667
12626,1.0169006250905785,822.0052083333334
12627,0.9161048868610798,822.0703125000001
12628,0.9708169004798256,822.1354166666667
12629,0.9520181515708951,822.2005208333334
12630,0.986026633801954,822.2656250000001
12631,0.856918803880789,822.3307291666667
12632,0.8972579475059504,822.3958333333334
12633,0.8398945862346402,822.4609375000001
12634,0.8503227438258983,822.5260416666667
12635,0.8795196779084485,822.5911458333334
12636,0.8634892052483353,822.6562500000001
12637,0.8376778439943756,822.7213541666667
12638,0.7923510699817534,822.7864583333334
12639,0.8540533729850928,822.8515625000001
12640,0.7175950837033387,822.9166666666667
12641,0.7193200741363934,822.9817708333334
12642,0.7151175992844676,823.0468750000001
12643,0.7249445325780733,823.1119791666667
12644,0.6756485022750236,823.1770833333334
12645,0.6926824875651291,823.2421875000001
12646,0.6415272781035563,823.3072916666667
12647,0.5376719628051452,823.3723958333334
12648,0.6151029349479411,823.4375000000001
12649,0.5885816275820673,823.5026041666667
12650,0.6057594123365533,823.5677083333334
12651,0.5399626996125432,823.6328125000001
12652,0.5351431614404726,823.6979166666667
12653,0.4155964267693947,823.7630208333334
12654,0.5521568604423052,823.8281250000001
12655,0.5469015795440891,823.8932291666667
12656,0.33704171378729336,823.9583333333334
12657,0.34913460143425973,824.0234375000001
12658,0.3411460090262747,824.0885416666667
12659,0.4677037809290891,824.1536458333334
12660,0.24639304939530302,824.2187500000001
12661,0.2163772077856952,824.2838541666667
12662,0.19401837438435582,824.3489583333334
12663,0.229238113567351,824.4140625000001
12664,0.24148823552237023,824.4791666666667
12665,0.19554581628173165,824.5442708333334
12666,0.061459100639067295,824.6093750000001
12667,0.10458678381191754,824.6744791666667
12668,0.051740248052517174,824.7395833333334
12669,0.025035504262256338,824.8046875000001
12670,0.06116872735112365,824.8697916666667
12671,-0.01923414449712471,824.9348958333334
12672,-0.012190610619698287,825.0000000000001
12673,-0.06006220424789647,825.0651041666667
12674,-0.03743179608431493,825.1302083333334
12675,-0.061820640028347355,825.1953125000001
12676,-0.12547741197536533,825.2604166666667
12677,-0.07191143833314297,825.3255208333334
12678,-0.24888622781246408,825.3906250000001
12679,-0.06885538008524923,825.4557291666667
12680,-0.192474144970599,825.5208333333334
12681,-0.23095970783353734,825.5859375000001
12682,-0.32188771695448,825.6510416666667
12683,-0.33183612818100366,825.7161458333334
12684,-0.2109273276080507,825.7812500000001
12685,-0.3638794246974887,825.8463541666667
12686,-0.47747904466784286,825.9114583333334
12687,-0.40458636223403327,825.9765625000001
12688,-0.46558028596094136,826.0416666666667
12689,-0.31622338276131423,826.1067708333334
12690,-0.45357527741614645,826.1718750000001
12691,-0.4424029418943413,826.2369791666667
12692,-0.42844916841698444,826.3020833333334
12693,-0.5562932841032744,826.3671875000001
12694,-0.4890570282277043,826.4322916666667
12695,-0.5251647343061185,826.4973958333334
12696,-0.5999849479253656,826.5625000000001
12697,-0.5721785697081279,826.6276041666667
12698,-0.5897729407897062,826.6927083333334
12699,-0.6591285754066571,826.7578125000001
12700,-0.6602974735220929,826.8229166666667
12701,-0.7199076856106918,826.8880208333334
12702,-0.7771563763998344,826.9531250000001
12703,-0.7075164832193214,827.0182291666667
12704,-0.7469482138227835,827.0833333333334
12705,-0.6930861694999032,827.1484375000001
12706,-0.7495480691203782,827.2135416666667
12707,-0.7265143527929329,827.2786458333334
12708,-0.7820373687965175,827.3437500000001
12709,-0.8138148070912621,827.4088541666667
12710,-0.8656829765328163,827.4739583333334
12711,-0.8478116844892488,827.5390625000001
12712,-0.8840277824559368,827.6041666666667
12713,-0.8465155497556895,827.6692708333334
12714,-0.8615731408918289,827.7343750000001
12715,-0.9215202831459908,827.7994791666667
12716,-0.9050391963795076,827.8645833333334
12717,-0.9682168621010553,827.9296875000001
12718,-0.835171796195347,827.9947916666667
12719,-0.9976889876660923,828.0598958333334
12720,-0.9126399539134438,828.1250000000001
12721,-0.9267950058252045,828.1901041666667
12722,-1.0146816157304361,828.2552083333334
12723,-0.9667055057835191,828.3203125000001
12724,-1.011697891071908,828.3854166666667
12725,-1.0484669307787673,828.4505208333334
12726,-1.0170823141713778,828.5156250000001
12727,-0.9818149296453521,828.5807291666667
12728,-1.0319210723593837,828.6458333333334
12729,-0.9691498123920845,828.7109375000001
12730,-0.9362384792805115,828.7760416666667
12731,-1.0168440927415405,828.8411458333334
12732,-1.0202960157767211,828.9062500000001
12733,-1.0653851824696747,828.9713541666667
12734,-0.970521684084009,829.0364583333334
12735,-1.0335083170409463,829.1015625000001
12736,-1.0423156003785925,829.1666666666667
12737,-0.9592210974887053,829.2317708333334
12738,-0.974548009000792,829.2968750000001
12739,-0.9933013773151635,829.3619791666667
12740,-0.9959650671913545,829.4270833333334
12741,-1.028626957332171,829.4921875000001
12742,-0.9810752520710306,829.5572916666667
12743,-0.9793756676131016,829.6223958333334
12744,-0.9859067349909548,829.6875000000001
12745,-0.9837346180112022,829.7526041666667
12746,-1.001511645647604,829.8177083333334
12747,-1.0227811056899827,829.8828125000001
12748,-1.0203450427641374,829.9479166666667
12749,-0.9758149187127062,830.0130208333334
12750,-0.8395212419701261,830.0781250000001
12751,-0.9522243059746393,830.1432291666667
12752,-0.9271265301296973,830.2083333333334
12753,-0.864155084143203,830.2734375000001
12754,-0.8981582657703251,830.3385416666667
12755,-0.9193789693411543,830.4036458333334
12756,-0.8716010884461093,830.4687500000001
12757,-0.8141987631333626,830.5338541666667
12758,-0.9147320759332772,830.5989583333334
12759,-0.8393166362176347,830.6640625000001
12760,-0.8190208291622671,830.7291666666667
12761,-0.8464711401603481,830.7942708333334
12762,-0.807911592458803,830.8593750000001
12763,-0.7353387119609168,830.9244791666667
12764,-0.7811529925556188,830.9895833333334
12765,-0.8687402595299454,831.0546875000001
12766,-0.6706702447754699,831.1197916666667
12767,-0.6790873738725202,831.1848958333334
12768,-0.6686243336743363,831.2500000000001
12769,-0.7116210411378691,831.3151041666667
12770,-0.5509058612721918,831.3802083333334
12771,-0.6894485476416627,831.4453125000001
12772,-0.5871957512982678,831.5104166666667
12773,-0.5384678049629066,831.5755208333334
12774,-0.614933459311935,831.6406250000001
12775,-0.5085568324836366,831.7057291666667
12776,-0.5145523085060209,831.7708333333334
12777,-0.48408511121437153,831.8359375000001
12778,-0.5468959277890789,831.9010416666667
12779,-0.46378256981953164,831.9661458333334
12780,-0.4773626531921711,832.0312500000001
12781,-0.4840739516320787,832.0963541666667
12782,-0.3966908999327351,832.1614583333334
12783,-0.34416417193942933,832.2265625000001
12784,-0.37637112236280235,832.2916666666667
12785,-0.39831704242532,832.3567708333334
12786,-0.3236754175108751,832.4218750000001
12787,-0.2649540133695543,832.4869791666667
12788,-0.3652872697396093,832.5520833333334
12789,-0.30298864853580965,832.6171875000001
12790,-0.29019389741738794,832.6822916666667
12791,-0.29713963711619296,832.7473958333334
12792,-0.23531367176483478,832.8125000000001
12793,-0.19990052340820755,832.8776041666667
12794,-0.13875448304114693,832.9427083333334
12795,-0.08069123197198885,833.0078125000001
12796,-0.08488751422778201,833.0729166666667
12797,-0.046074226516605685,833.1380208333334
12798,-0.06309133667255659,833.2031250000001
12799,-0.09241210765786069,833.2682291666667
12800,0.0034824473087152123,833.3333333333334
12801,0.04628334348015813,833.3984375000001
12802,0.07377703537771696,833.4635416666667
12803,0.03357028891115036,833.5286458333334
12804,0.12082397582491837,833.5937500000001
12805,0.15870946564492416,833.6588541666667
12806,0.12324149420736874,833.7239583333334
12807,0.1067015367850739,833.7890625000001
12808,0.11439550733595806,833.8541666666667
12809,0.27634299040079763,833.9192708333334
12810,0.26932248670601927,833.9843750000001
12811,0.3524010598461376,834.0494791666667
12812,0.3282824303193632,834.1145833333334
12813,0.33146778445223446,834.1796875000001
12814,0.2856047395429546,834.2447916666667
12815,0.4627435787681607,834.3098958333334
12816,0.4363245610236776,834.3750000000001
12817,0.29474259500721656,834.4401041666667
12818,0.47687659606055655,834.5052083333334
12819,0.46768381104577367,834.5703125000001
12820,0.37308847892820096,834.6354166666667
12821,0.4066320368804318,834.7005208333334
12822,0.4823147421411147,834.7656250000001
12823,0.4451592531272869,834.8307291666667
12824,0.4882379266209106,834.8958333333334
12825,0.5967483197287002,834.9609375000001
12826,0.5585592968364739,835.0260416666667
12827,0.5242717873165702,835.0911458333334
12828,0.6123339150307795,835.1562500000001
12829,0.5885242330398053,835.2213541666667
12830,0.7089442263652299,835.2864583333334
12831,0.7015908940852662,835.3515625000001
12832,0.6072466143360875,835.4166666666667
12833,0.7151941865038962,835.4817708333334
12834,0.5734242124380438,835.5468750000001
12835,0.6759681852851086,835.6119791666667
12836,0.7016236691198412,835.6770833333334
12837,0.6605256135542474,835.7421875000001
12838,0.7414254771313132,835.8072916666667
12839,0.7576200399127909,835.8723958333334
12840,0.7410773604255426,835.9375000000001
12841,0.8060528972367816,836.0026041666667
12842,0.885543769531413,836.0677083333334
12843,0.8369328399139855,836.1328125000001
12844,0.906668498695674,836.1979166666667
12845,0.7296563589937659,836.2630208333334
12846,0.8068424401957636,836.3281250000001
12847,0.8314325741809292,836.3932291666667
12848,0.825782133305055,836.4583333333334
12849,0.9006628679683725,836.5234375000001
12850,0.8464476474970793,836.5885416666667
12851,0.8452232777512354,836.6536458333334
12852,0.9693685604227048,836.7187500000001
12853,0.8946979877742339,836.7838541666667
12854,0.840676200665627,836.8489583333334
12855,0.9520091491501644,836.9140625000001
12856,0.8213754202350462,836.9791666666667
12857,0.8433345597694449,837.0442708333334
12858,0.9359419149032654,837.1093750000001
12859,0.8974308743315835,837.1744791666667
12860,0.8727339582001012,837.2395833333334
12861,0.9706514203866502,837.3046875000001
12862,0.9365337570340578,837.3697916666667
12863,0.9239845905327904,837.4348958333334
12864,0.9364194138509143,837.5000000000001
12865,0.8970536310417477,837.5651041666667
12866,0.8674398171885666,837.6302083333334
12867,0.9443314674564645,837.6953125000001
12868,0.9085318970012827,837.7604166666667
12869,0.9980875717366049,837.8255208333334
12870,0.8890176254790793,837.8906250000001
12871,0.8879241262420651,837.9557291666667
12872,0.9392569771459347,838.0208333333334
12873,0.922820613756299,838.0859375000001
12874,0.8636302104941327,838.1510416666667
12875,0.8911334675428221,838.2161458333334
12876,0.895982034406816,838.2812500000001
12877,0.8472724909522764,838.3463541666667
12878,0.803076550128057,838.4114583333334
12879,0.8045725575344049,838.4765625000001
12880,0.7554010321354511,838.5416666666667
12881,0.8127623200561293,838.6067708333334
12882,0.8871895334717026,838.6718750000001
12883,0.724795469359662,838.7369791666667
12884,0.8051802272752003,838.8020833333334
12885,0.781908467095232,838.8671875000001
12886,0.7838304918990475,838.9322916666667
12887,0.7895400172980858,838.9973958333334
12888,0.8828710195552136,839.0625000000001
12889,0.6118395509470893,839.1276041666667
12890,0.7234864014837336,839.1927083333334
12891,0.6348454112353252,839.2578125000001
12892,0.6988885272630632,839.3229166666667
12893,0.700403189022002,839.3880208333334
12894,0.7313367848340443,839.4531250000001
12895,0.680019227324086,839.5182291666667
12896,0.6084639794303089,839.5833333333334
12897,0.5933689235068145,839.6484375000001
12898,0.6218442434634843,839.7135416666667
12899,0.5605198143264047,839.7786458333334
12900,0.5583378311012612,839.8437500000001
12901,0.5292800005978969,839.9088541666667
12902,0.5557847240563496,839.9739583333334
12903,0.5778332598154065,840.0390625000001
12904,0.5397095369656324,840.1041666666667
12905,0.5195562375200491,840.1692708333334
12906,0.4552814469625424,840.2343750000001
12907,0.4670144721648649,840.2994791666667
12908,0.4284144754854665,840.3645833333334
12909,0.45211138828208597,840.4296875000001
12910,0.4184860394596044,840.4947916666667
12911,0.2878773626544566,840.5598958333334
12912,0.33505304884497206,840.6250000000001
12913,0.26742961894849465,840.6901041666667
12914,0.32449226661238584,840.7552083333334
12915,0.30671618594468336,840.8203125000001
12916,0.3171780554953153,840.8854166666667
12917,0.20121507790736928,840.9505208333334
12918,0.22041639625252551,841.0156250000001
12919,0.2652528235269707,841.0807291666667
12920,0.16752577882269015,841.1458333333334
12921,0.1127882692172178,841.2109375000001
12922,0.1396369631862534,841.2760416666667
12923,0.11252945694300355,841.3411458333334
12924,0.12719277839900556,841.4062500000001
12925,0.11154636328332686,841.4713541666667
12926,0.06003808586005957,841.5364583333334
12927,0.05203887066538885,841.6015625000001
12928,0.040772837837871195,841.6666666666667
12929,-0.014371505350807674,841.7317708333334
12930,-0.057345738178372116,841.7968750000001
12931,-0.09169056749143963,841.8619791666667
12932,-0.12419935769891859,841.9270833333334
12933,-0.15029558068887147,841.9921875000001
12934,-0.10223665012355,842.0572916666667
12935,-0.1757229087632481,842.1223958333334
12936,-0.1945609165863644,842.1875000000001
12937,-0.15735551780217288,842.2526041666667
12938,-0.2982829339024855,842.3177083333334
12939,-0.2417367288033973,842.3828125000001
12940,-0.2908223499929215,842.4479166666667
12941,-0.25319981435319283,842.5130208333334
12942,-0.22014501911180442,842.5781250000001
12943,-0.22079197833736597,842.6432291666667
12944,-0.31698304906639124,842.7083333333334
12945,-0.42368578968594767,842.7734375000001
12946,-0.3775271992350763,842.8385416666667
12947,-0.49928128817624884,842.9036458333334
12948,-0.377818576258604,842.9687500000001
12949,-0.4763058712536432,843.0338541666667
12950,-0.4555442954012273,843.0989583333334
12951,-0.5972228543201642,843.1640625000001
12952,-0.47272179573389167,843.2291666666667
12953,-0.47233866891947646,843.2942708333334
12954,-0.4371255947055974,843.3593750000001
12955,-0.5287718665157435,843.4244791666667
12956,-0.5724253815565364,843.4895833333334
12957,-0.5760562430418434,843.5546875000001
12958,-0.5445635043960172,843.6197916666667
12959,-0.592119372432808,843.6848958333334
12960,-0.6720789640923641,843.7500000000001
12961,-0.6102697107221593,843.8151041666667
12962,-0.6978617156714307,843.8802083333334
12963,-0.6873948165839457,843.9453125000001
12964,-0.7148810785452109,844.0104166666667
12965,-0.7166439750983159,844.0755208333334
12966,-0.6509913734710875,844.1406250000001
12967,-0.6648838372452182,844.2057291666667
12968,-0.697947976949456,844.2708333333334
12969,-0.694263896172074,844.3359375000001
12970,-0.751681967573216,844.4010416666667
12971,-0.7098239988907072,844.4661458333334
12972,-0.8624485408896698,844.5312500000001
12973,-0.7344806769197268,844.5963541666667
12974,-0.8353551652827812,844.6614583333334
12975,-0.7984756726207108,844.7265625000001
12976,-0.8087601740022148,844.7916666666667
12977,-0.7647694063120856,844.8567708333334
12978,-0.8655950548930206,844.9218750000001
12979,-0.8447691454039151,844.9869791666667
12980,-0.7860072431477129,845.0520833333334
12981,-0.9006438081343641,845.1171875000001
12982,-0.8082790869250042,845.1822916666667
12983,-0.9033460045876194,845.2473958333334
12984,-0.8709031121099254,845.3125000000001
12985,-0.8582911671442768,845.3776041666667
12986,-0.8724628599255229,845.4427083333334
12987,-0.8273674580220739,845.5078125000001
12988,-0.8603128891507617,845.5729166666667
12989,-0.8171311346439959,845.6380208333334
12990,-0.8097637631377752,845.7031250000001
12991,-0.83925660320033,845.7682291666667
12992,-0.963889603260482,845.8333333333334
12993,-0.8552992656701264,845.8984375000001
12994,-0.9316000828742586,845.9635416666667
12995,-0.9349286414288887,846.0286458333334
12996,-0.763379418516835,846.0937500000001
12997,-0.8518610534142955,846.1588541666667
12998,-0.7234884619723747,846.2239583333334
12999,-0.914501600268103,846.2890625000001
13000,-0.8537028354414843,846.3541666666667
13001,-0.770120550516128,846.4192708333334
13002,-0.7742402668892899,846.4843750000001
13003,-0.8753496076658185,846.5494791666667
13004,-0.8019335633842681,846.6145833333334
13005,-0.8140781749283317,846.6796875000001
13006,-0.8022602526660495,846.7447916666667
13007,-0.8675756469164841,846.8098958333334
13008,-0.843778252686271,846.8750000000001
13009,-0.7356259222409143,846.9401041666667
13010,-0.8137133588441561,847.0052083333334
13011,-0.7823639754812066,847.0703125000001
13012,-0.7604499596697607,847.1354166666667
13013,-0.6648334267461509,847.2005208333334
13014,-0.6834722537474944,847.2656250000001
13015,-0.7207172501382428,847.3307291666667
13016,-0.7055094265331677,847.3958333333334
13017,-0.6476438775919385,847.4609375000001
13018,-0.6621871571315447,847.5260416666667
13019,-0.6794811431831733,847.5911458333334
13020,-0.6740976002543348,847.6562500000001
13021,-0.6525696056364338,847.7213541666667
13022,-0.6432132477847059,847.7864583333334
13023,-0.6539815011944203,847.8515625000001
13024,-0.5663289839109289,847.9166666666667
13025,-0.6736683344312536,847.9817708333334
13026,-0.5046607649161121,848.0468750000001
13027,-0.5528206222259798,848.1119791666667
13028,-0.5614139280393473,848.1770833333334
13029,-0.549868196689291,848.2421875000001
13030,-0.5120379343262351,848.3072916666667
13031,-0.4693988160204079,848.3723958333334
13032,-0.47858865213700613,848.4375000000001
13033,-0.43318008357763893,848.5026041666667
13034,-0.42215420121179936,848.5677083333334
13035,-0.4365741175021351,848.6328125000001
13036,-0.35151240722767874,848.6979166666667
13037,-0.30571607493608877,848.7630208333334
13038,-0.36902166461649905,848.8281250000001
13039,-0.4025007627343357,848.8932291666667
13040,-0.3691476429211513,848.9583333333334
13041,-0.3836279033631468,849.0234375000001
13042,-0.2518228533360437,849.0885416666667
13043,-0.22086445392470241,849.1536458333334
13044,-0.27223822840241135,849.2187500000001
13045,-0.2915025035361104,849.2838541666667
13046,-0.16291157108428816,849.3489583333334
13047,-0.1916761010445435,849.4140625000001
13048,-0.19002504467844766,849.4791666666667
13049,-0.17644951679895818,849.5442708333334
13050,-0.10877264942693475,849.6093750000001
13051,-0.014340706758036793,849.6744791666667
13052,0.022377890182426582,849.7395833333334
13053,-0.1158539731102074,849.8046875000001
13054,-0.05153669042921044,849.8697916666667
13055,-0.022193335583210606,849.9348958333334
13056,0.03463975742907517,850.0000000000001
13057,-0.016748398732572375,850.0651041666667
13058,0.09093721016198845,850.1302083333334
13059,0.039591557806335415,850.1953125000001
13060,0.14931035064488019,850.2604166666667
13061,0.12384170992892624,850.3255208333334
13062,0.1539729877771962,850.3906250000001
13063,0.23315152349002927,850.4557291666667
13064,0.1532094445525888,850.5208333333334
13065,0.20933373165535632,850.5859375000001
13066,0.17419231432691157,850.6510416666667
13067,0.22768224359744912,850.7161458333334
13068,0.24029542172539406,850.7812500000001
13069,0.2848557344772696,850.8463541666667
13070,0.3123333880980151,850.9114583333334
13071,0.3713890910331042,850.9765625000001
13072,0.2812930733284621,851.0416666666667
13073,0.33784190188349955,851.1067708333334
13074,0.3553605122669693,851.1718750000001
13075,0.39815761506810804,851.2369791666667
13076,0.4623797991703522,851.3020833333334
13077,0.42154124673609356,851.3671875000001
13078,0.44682566352146813,851.4322916666667
13079,0.5534205862316804,851.4973958333334
13080,0.4769393245655089,851.5625000000001
13081,0.4595833581428674,851.6276041666667
13082,0.4796015302104573,851.6927083333334
13083,0.48692040821714594,851.7578125000001
13084,0.5453069805633921,851.8229166666667
13085,0.48929561439132024,851.8880208333334
13086,0.5358054652741733,851.9531250000001
13087,0.6238915616276257,852.0182291666667
13088,0.5861734320974951,852.0833333333334
13089,0.6402844790952712,852.1484375000001
13090,0.6703570802712105,852.2135416666667
13091,0.6038649727223564,852.2786458333334
13092,0.6601867378605507,852.3437500000001
13093,0.6925587763045229,852.4088541666667
13094,0.6174215060490316,852.4739583333334
13095,0.6835830285526276,852.5390625000001
13096,0.7230247594774767,852.6041666666667
13097,0.6858940847610816,852.6692708333334
13098,0.7117248283330994,852.7343750000001
13099,0.7275871348171339,852.7994791666667
13100,0.7683677392708693,852.8645833333334
13101,0.7147913003364522,852.9296875000001
13102,0.7905108102394051,852.9947916666667
13103,0.8222322519663161,853.0598958333334
13104,0.7699825176091237,853.1250000000001
13105,0.7983878544677371,853.1901041666667
13106,0.8189002389987311,853.2552083333334
13107,0.8236807763873026,853.3203125000001
13108,0.8401002187751834,853.3854166666667
13109,0.8712691794198232,853.4505208333334
13110,0.8470093243800231,853.5156250000001
13111,0.8154838268018265,853.5807291666667
13112,0.9468579417953142,853.6458333333334
13113,0.7756324905143485,853.7109375000001
13114,0.9223154252437705,853.7760416666667
13115,0.929546005250979,853.8411458333334
13116,0.8592549318064839,853.9062500000001
13117,0.8098614930518945,853.9713541666667
13118,0.8851107611593011,854.0364583333334
13119,0.9436352160798063,854.1015625000001
13120,0.8869931153190647,854.1666666666667
13121,0.8745106297672697,854.2317708333334
13122,0.8617325470170597,854.2968750000001
13123,0.8579603006828328,854.3619791666667
13124,0.9544110149954123,854.4270833333334
13125,0.9360212953521635,854.4921875000001
13126,0.8933649707668055,854.5572916666667
13127,0.8904946027083601,854.6223958333334
13128,0.8995649993540771,854.6875000000001
13129,0.9104376707061882,854.7526041666667
13130,0.8518327791463569,854.8177083333334
13131,0.8621145178662204,854.8828125000001
13132,0.8429898558303196,854.9479166666667
13133,0.8134757016738754,855.0130208333334
13134,0.8341791117802437,855.0781250000001
13135,0.8510102378190723,855.1432291666667
13136,0.7009097829847937,855.2083333333334
13137,0.847910025664467,855.2734375000001
13138,0.7713595361742963,855.3385416666667
13139,0.801651558247675,855.4036458333334
13140,0.8008402492555298,855.4687500000001
13141,0.8010410616798477,855.5338541666667
13142,0.7705351079033077,855.5989583333334
13143,0.6785907278257127,855.6640625000001
13144,0.6976395613252712,855.7291666666667
13145,0.7405471261785134,855.7942708333334
13146,0.6205322093621359,855.8593750000001
13147,0.7324703119543037,855.9244791666667
13148,0.7543430463556424,855.9895833333334
13149,0.7730019879231502,856.0546875000001
13150,0.6506403193013848,856.1197916666667
13151,0.6735157059526068,856.1848958333334
13152,0.6393516907981794,856.2500000000001
13153,0.6657652066279092,856.3151041666667
13154,0.49426335233247265,856.3802083333334
13155,0.5457011956932919,856.4453125000001
13156,0.557726110402735,856.5104166666667
13157,0.49644165750657143,856.5755208333334
13158,0.554357493465145,856.6406250000001
13159,0.5386749149247972,856.7057291666667
13160,0.47448141317955095,856.7708333333334
13161,0.4881985114432091,856.8359375000001
13162,0.417082627115514,856.9010416666667
13163,0.45531937672826744,856.9661458333334
13164,0.409683671489504,857.0312500000001
13165,0.41235485224645735,857.0963541666667
13166,0.29246114955480257,857.1614583333334
13167,0.37460540635586437,857.2265625000001
13168,0.276805804255554,857.2916666666667
13169,0.2725327550580483,857.3567708333334
13170,0.18139448791480145,857.4218750000001
13171,0.2681340648834641,857.4869791666667
13172,0.3431265650233668,857.5520833333334
13173,0.2919824788736012,857.6171875000001
13174,0.20170805781192613,857.6822916666667
13175,0.2521234255853179,857.7473958333334
13176,0.16368158090655613,857.8125000000001
13177,0.08224565810173386,857.8776041666667
13178,0.12006973820384599,857.9427083333334
13179,0.1812703854223433,858.0078125000001
13180,0.054995797863873166,858.0729166666667
13181,0.1430733170927569,858.1380208333334
13182,0.12818064179407174,858.2031250000001
13183,0.05688361820454567,858.2682291666667
13184,3.0473672681158295e-05,858.3333333333334
13185,0.03272337772412854,858.3984375000001
13186,-0.10228448880603218,858.4635416666667
13187,-0.050902695391936544,858.5286458333334
13188,-0.1278535904670607,858.5937500000001
13189,-0.13406685232338872,858.6588541666667
13190,-0.22291931597342754,858.7239583333334
13191,-0.12717155794268786,858.7890625000001
13192,-0.07086211157136475,858.8541666666667
13193,-0.2155074152609169,858.9192708333334
13194,-0.233685511355635,858.9843750000001
13195,-0.2804946931459699,859.0494791666667
13196,-0.278320427809141,859.1145833333334
13197,-0.23492209510817524,859.1796875000001
13198,-0.32269325629833284,859.2447916666667
13199,-0.3045132247560076,859.3098958333334
13200,-0.33800118339814184,859.3750000000001
13201,-0.31402178453946705,859.4401041666667
13202,-0.44262132768972534,859.5052083333334
13203,-0.3946335856921353,859.5703125000001
13204,-0.42105306202830356,859.6354166666667
13205,-0.4363964673051175,859.7005208333334
13206,-0.4212744482194164,859.7656250000001
13207,-0.5477741808613821,859.8307291666667
13208,-0.5668218704318945,859.8958333333334
13209,-0.4922193010021403,859.9609375000001
13210,-0.5245870754026257,860.0260416666667
13211,-0.528979979349369,860.0911458333334
13212,-0.6164056815558018,860.1562500000001
13213,-0.5922697911921251,860.2213541666667
13214,-0.6030084531123394,860.2864583333334
13215,-0.5752260637089095,860.3515625000001
13216,-0.6653118203036644,860.4166666666667
13217,-0.6367822737107437,860.4817708333334
13218,-0.721753238252343,860.5468750000001
13219,-0.6681710111052503,860.6119791666667
13220,-0.7317864273880474,860.6770833333334
13221,-0.7839692271931795,860.7421875000001
13222,-0.8274967936554996,860.8072916666667
13223,-0.7212787663192143,860.8723958333334
13224,-0.7289601565999428,860.9375000000001
13225,-0.8317257363652398,861.0026041666667
13226,-0.8183965082714857,861.0677083333334
13227,-0.8362003295274958,861.1328125000001
13228,-0.8278209149357578,861.1979166666667
13229,-0.8445288475132537,861.2630208333334
13230,-0.8423962862436264,861.3281250000001
13231,-0.8370607198321415,861.3932291666667
13232,-0.7781364499465144,861.4583333333334
13233,-0.8604759902774607,861.5234375000001
13234,-0.8038310942847358,861.5885416666667
13235,-0.9244246049065025,861.6536458333334
13236,-0.8678877454142064,861.7187500000001
13237,-0.8603981954718642,861.7838541666667
13238,-0.8334318772628697,861.8489583333334
13239,-0.8942210925954286,861.9140625000001
13240,-0.9528799363368224,861.9791666666667
13241,-0.9380330805257237,862.0442708333334
13242,-0.8780198339464544,862.1093750000001
13243,-0.997259435765494,862.1744791666667
13244,-0.9596991383704799,862.2395833333334
13245,-0.9407062158240409,862.3046875000001
13246,-0.8797841494286488,862.3697916666667
13247,-0.9684917449571567,862.4348958333334
13248,-0.8987150761786286,862.5000000000001
13249,-0.8746132421759597,862.5651041666667
13250,-0.9871331311211363,862.6302083333334
13251,-0.9225396937318787,862.6953125000001
13252,-0.983268478402488,862.7604166666667
13253,-0.8682558749718471,862.8255208333334
13254,-0.8543408826157392,862.8906250000001
13255,-0.9294105152827281,862.9557291666667
13256,-0.9096862381236391,863.0208333333334
13257,-0.9661054149253135,863.0859375000001
13258,-0.9189468380524308,863.1510416666667
13259,-0.8348743714991176,863.2161458333334
13260,-0.9401453283238329,863.2812500000001
13261,-0.8785199488020483,863.3463541666667
13262,-0.8044364131092744,863.4114583333334
13263,-0.8941346392105808,863.4765625000001
13264,-0.9290852349314598,863.5416666666667
13265,-0.8539169747597687,863.6067708333334
13266,-0.8312612759638492,863.6718750000001
13267,-0.9112761108770199,863.7369791666667
13268,-0.8862065079595709,863.8020833333334
13269,-0.8050690090804992,863.8671875000001
13270,-0.7994049622832352,863.9322916666667
13271,-0.8347041239220591,863.9973958333334
13272,-0.8558406318463158,864.0625000000001
13273,-0.7941906002033153,864.1276041666667
13274,-0.7407372016992692,864.1927083333334
13275,-0.7369209410245371,864.2578125000001
13276,-0.7734965280210795,864.3229166666667
13277,-0.7779565753080651,864.3880208333334
13278,-0.7279925681977407,864.4531250000001
13279,-0.714891493153643,864.5182291666667
13280,-0.6848301876609157,864.5833333333334
13281,-0.6552375509594831,864.6484375000001
13282,-0.6195545328636276,864.7135416666667
13283,-0.6302307686433146,864.7786458333334
13284,-0.558443566846967,864.8437500000001
13285,-0.6693666494638968,864.9088541666667
13286,-0.6387082667447368,864.9739583333334
13287,-0.5424603828174795,865.0390625000001
13288,-0.5244741113119142,865.1041666666667
13289,-0.584685004243708,865.1692708333334
13290,-0.5063139589458554,865.2343750000001
13291,-0.5034290950689674,865.2994791666667
13292,-0.49825052843439205,865.3645833333334
13293,-0.47592574229501927,865.4296875000001
13294,-0.40245013146088016,865.4947916666667
13295,-0.3531217240608487,865.5598958333334
13296,-0.2869897110683365,865.6250000000001
13297,-0.4635688725883856,865.6901041666667
13298,-0.2593728606958464,865.7552083333334
13299,-0.2956268955732974,865.8203125000001
13300,-0.32030155711814134,865.8854166666667
13301,-0.2990221010573046,865.9505208333334
13302,-0.2761340095445053,866.0156250000001
13303,-0.22439181959458018,866.0807291666667
13304,-0.20183914270242143,866.1458333333334
13305,-0.08062276267813322,866.2109375000001
13306,-0.07674442060626849,866.2760416666667
13307,-0.10650652163249656,866.3411458333334
13308,-0.15653281619784296,866.4062500000001
13309,-0.13524238768209706,866.4713541666667
13310,-0.10377148953053056,866.5364583333334
13311,0.014739759988757196,866.6015625000001
13312,0.007356969483192556,866.6666666666667
13313,0.05675407559263958,866.7317708333334
13314,0.13221087824673944,866.7968750000001
13315,-0.025913919474867105,866.8619791666667
13316,0.08128391525261579,866.9270833333334
13317,0.14165212592747317,866.9921875000001
13318,0.14337828064869013,867.0572916666667
13319,0.16102328501261562,867.1223958333334
13320,0.20750180524322734,867.1875000000001
13321,0.16902002195275578,867.2526041666667
13322,0.2020583267624921,867.3177083333334
13323,0.26577004352975747,867.3828125000001
13324,0.22257852625128954,867.4479166666667
13325,0.2995700762514003,867.5130208333334
13326,0.37131019657147407,867.5781250000001
13327,0.3317622491195704,867.6432291666667
13328,0.4349025390263982,867.7083333333334
13329,0.29590104825619234,867.7734375000001
13330,0.46979445560562266,867.8385416666667
13331,0.4345381732147048,867.9036458333334
13332,0.4543075941325616,867.9687500000001
13333,0.47628844929430575,868.0338541666667
13334,0.5170554474261467,868.0989583333334
13335,0.4870020956210195,868.1640625000001
13336,0.5247528310350403,868.2291666666667
13337,0.5765518162405399,868.2942708333334
13338,0.5801240999428126,868.3593750000001
13339,0.6649390270765284,868.4244791666667
13340,0.6702945457753957,868.4895833333334
13341,0.6486506954449427,868.5546875000001
13342,0.6700136556798182,868.6197916666667
13343,0.6975436885230814,868.6848958333334
13344,0.6601820831309837,868.7500000000001
13345,0.7128389788832082,868.8151041666667
13346,0.6863230951072017,868.8802083333334
13347,0.7434167928240757,868.9453125000001
13348,0.7474252041248561,869.0104166666667
13349,0.7900699399864421,869.0755208333334
13350,0.8026806151244699,869.1406250000001
13351,0.7814927864276441,869.2057291666667
13352,0.8464071338776258,869.2708333333334
13353,0.8425415092152196,869.3359375000001
13354,0.8767018914665929,869.4010416666667
13355,0.8348904402818829,869.4661458333334
13356,0.8074363274364978,869.5312500000001
13357,0.8912173061064589,869.5963541666667
13358,0.9281141972058518,869.6614583333334
13359,0.9240968059227979,869.7265625000001
13360,0.854801866799078,869.7916666666667
13361,0.929804122078561,869.8567708333334
13362,0.9934074129872399,869.9218750000001
13363,0.929003135704047,869.9869791666667
13364,0.9624958209889379,870.0520833333334
13365,0.9866019518873665,870.1171875000001
13366,0.9519104205364066,870.1822916666667
13367,0.9713033113306874,870.2473958333334
13368,1.0253373227012572,870.3125000000001
13369,0.983589342177964,870.3776041666667
13370,0.9550872841504434,870.4427083333334
13371,1.0039745249885288,870.5078125000001
13372,0.9685035133617624,870.5729166666667
13373,1.0719560426472667,870.6380208333334
13374,1.0957760942521284,870.7031250000001
13375,1.0189747232643844,870.7682291666667
13376,1.0028027252299399,870.8333333333334
13377,1.0172094945923678,870.8984375000001
13378,1.0467771066872484,870.9635416666667
13379,0.9794466163515013,871.0286458333334
13380,1.002136870830379,871.0937500000001
13381,1.0129064894084094,871.1588541666667
13382,1.0443932550505162,871.2239583333334
13383,1.0157710379875042,871.2890625000001
13384,1.0403042812713896,871.3541666666667
13385,1.048324429469327,871.4192708333334
13386,1.0105910144997838,871.4843750000001
13387,1.0896005545362535,871.5494791666667
13388,0.9141565338503279,871.6145833333334
13389,0.9644648023837289,871.6796875000001
13390,0.9369730995161681,871.7447916666667
13391,0.9158141003608334,871.8098958333334
13392,1.0275553675561306,871.8750000000001
13393,0.9615220708475883,871.9401041666667
13394,0.9428225483326682,872.0052083333334
13395,0.8884728133284924,872.0703125000001
13396,0.9596340171693958,872.1354166666667
13397,0.931102776751979,872.2005208333334
13398,0.8371639738261689,872.2656250000001
13399,0.8775446658333471,872.3307291666667
13400,0.9227172892855423,872.3958333333334
13401,0.8602460522946459,872.4609375000001
13402,0.93620385367267,872.5260416666667
13403,0.8708396461302689,872.5911458333334
13404,0.8189351032041244,872.6562500000001
13405,0.8716643461353814,872.7213541666667
13406,0.778068151289225,872.7864583333334
13407,0.8038601157214349,872.8515625000001
13408,0.6469411115638292,872.9166666666667
13409,0.7311045045939334,872.9817708333334
13410,0.6102782547840032,873.0468750000001
13411,0.6886656791070561,873.1119791666667
13412,0.7225586319882099,873.1770833333334
13413,0.6920536286662164,873.2421875000001
13414,0.513754385913034,873.3072916666667
13415,0.5757796498890831,873.3723958333334
13416,0.5339683963723603,873.4375000000001
13417,0.5280601188561621,873.5026041666667
13418,0.5274630532926734,873.5677083333334
13419,0.551906177088354,873.6328125000001
13420,0.4802348056756847,873.6979166666667
13421,0.5383458018509539,873.7630208333334
13422,0.46353788278649755,873.8281250000001
13423,0.44844719040453995,873.8932291666667
13424,0.3347550594894881,873.9583333333334
13425,0.29616638093565856,874.0234375000001
13426,0.3842541172988434,874.0885416666667
13427,0.30781436932184586,874.1536458333334
13428,0.3079976711487277,874.2187500000001
13429,0.231982974321765,874.2838541666667
13430,0.35743007304343044,874.3489583333334
13431,0.2435651025838609,874.4140625000001
13432,0.06358436682150197,874.4791666666667
13433,0.21726749170729182,874.5442708333334
13434,0.23015789417206603,874.6093750000001
13435,0.12032358557449101,874.6744791666667
13436,0.05907449171158943,874.7395833333334
13437,0.18701111623223426,874.8046875000001
13438,0.02781700884838316,874.8697916666667
13439,0.0996379546567514,874.9348958333334
13440,-0.06640102556044263,875.0000000000001
13441,-0.08680515245670085,875.0651041666667
13442,-0.10781417374412627,875.1302083333334
13443,-0.1484313765096783,875.1953125000001
13444,-0.018013427510120555,875.2604166666667
13445,-0.12607158530141976,875.3255208333334
13446,-0.11268809372399682,875.3906250000001
13447,-0.22698157316100998,875.4557291666667
13448,-0.1896269238131127,875.5208333333334
13449,-0.23431107498328965,875.5859375000001
13450,-0.25370675871806087,875.6510416666667
13451,-0.2389087077466685,875.7161458333334
13452,-0.36483828724182615,875.7812500000001
13453,-0.3138856709616477,875.8463541666667
13454,-0.2690321685902046,875.9114583333334
13455,-0.4006553583709438,875.9765625000001
13456,-0.44851355890865774,876.0416666666667
13457,-0.5063697614258806,876.1067708333334
13458,-0.40602255162769546,876.1718750000001
13459,-0.4541542990769848,876.2369791666667
13460,-0.4709252996651422,876.3020833333334
13461,-0.5476256022344277,876.3671875000001
13462,-0.6150008599377761,876.4322916666667
13463,-0.6352017870317831,876.4973958333334
13464,-0.5275944744672809,876.5625000000001
13465,-0.6455546105235807,876.6276041666667
13466,-0.5682030422714491,876.6927083333334
13467,-0.6661216996832737,876.7578125000001
13468,-0.7348262841728609,876.8229166666667
13469,-0.7558449761648447,876.8880208333334
13470,-0.6987482626389062,876.9531250000001
13471,-0.7794879885393471,877.0182291666667
13472,-0.7454654576709101,877.0833333333334
13473,-0.7173708454048925,877.1484375000001
13474,-0.7558147199933406,877.2135416666667
13475,-0.7514074521247514,877.2786458333334
13476,-0.9356469841742845,877.3437500000001
13477,-0.8548098619236795,877.4088541666667
13478,-0.8360221678942689,877.4739583333334
13479,-0.9068369877404856,877.5390625000001
13480,-0.7619414391676628,877.6041666666667
13481,-0.9775471155651894,877.6692708333334
13482,-0.979728586642863,877.7343750000001
13483,-0.9225186393073344,877.7994791666667
13484,-0.924179156410557,877.8645833333334
13485,-1.0285045791715257,877.9296875000001
13486,-1.0424367159033536,877.9947916666667
13487,-1.0693343211343134,878.0598958333334
13488,-0.9783491781406993,878.1250000000001
13489,-1.0362019660807213,878.1901041666667
13490,-1.0775298154254294,878.2552083333334
13491,-1.0793033499915912,878.3203125000001
13492,-1.0708481744036307,878.3854166666667
13493,-0.9762981568330493,878.4505208333334
13494,-0.9942492257251422,878.5156250000001
13495,-1.0520660762391774,878.5807291666667
13496,-1.0910313334345536,878.6458333333334
13497,-1.0547003887994608,878.7109375000001
13498,-1.10040209982091,878.7760416666667
13499,-1.1011865203706306,878.8411458333334
13500,-1.1277636518008476,878.9062500000001
13501,-1.0621117987667688,878.9713541666667
13502,-1.066708499831357,879.0364583333334
13503,-1.0825915168193523,879.1015625000001
13504,-1.0617781106440078,879.1666666666667
13505,-1.2144576305046284,879.2317708333334
13506,-1.0805070602163669,879.2968750000001
13507,-1.1553290846686237,879.3619791666667
13508,-1.0095897625515056,879.4270833333334
13509,-1.077600648250427,879.4921875000001
13510,-1.0760406452225957,879.5572916666667
13511,-1.101690019405184,879.6223958333334
13512,-1.0849251158455617,879.6875000000001
13513,-1.1084562853380762,879.7526041666667
13514,-1.0296309185740866,879.8177083333334
13515,-0.8862703697684061,879.8828125000001
13516,-0.9721878908806081,879.9479166666667
13517,-1.0978905043786022,880.0130208333334
13518,-1.0800096743919207,880.0781250000001
13519,-1.0063747439160953,880.1432291666667
13520,-1.0593314886212775,880.2083333333334
13521,-1.0331567687608048,880.2734375000001
13522,-1.003021685055725,880.3385416666667
13523,-0.8928500317081692,880.4036458333334
13524,-0.9786074472931474,880.4687500000001
13525,-0.9815795426744035,880.5338541666667
13526,-0.9637870619935495,880.5989583333334
13527,-0.9928520874041941,880.6640625000001
13528,-0.9421804842847273,880.7291666666667
13529,-0.9743197413256539,880.7942708333334
13530,-0.8777517904460354,880.8593750000001
13531,-0.8345936702298907,880.9244791666667
13532,-0.8604390760854368,880.9895833333334
13533,-0.7591819476409838,881.0546875000001
13534,-0.7605347311231248,881.1197916666667
13535,-0.7393710559664394,881.1848958333334
13536,-0.7118910083689914,881.2500000000001
13537,-0.787880971368139,881.3151041666667
13538,-0.653095721877698,881.3802083333334
13539,-0.6425476021045804,881.4453125000001
13540,-0.7397416080894006,881.5104166666667
13541,-0.6557856778601839,881.5755208333334
13542,-0.6315039713081653,881.6406250000001
13543,-0.6887268826140484,881.7057291666667
13544,-0.5117895646000663,881.7708333333334
13545,-0.6668602609610529,881.8359375000001
13546,-0.6128454934984664,881.9010416666667
13547,-0.6071475307758983,881.9661458333334
13548,-0.665580180659155,882.0312500000001
13549,-0.6244910578003409,882.0963541666667
13550,-0.46040319999208346,882.1614583333334
13551,-0.4919507806111536,882.2265625000001
13552,-0.5110030345206928,882.2916666666667
13553,-0.4042048347274181,882.3567708333334
13554,-0.2904585510960128,882.4218750000001
13555,-0.27363744619187597,882.4869791666667
13556,-0.20930746915472395,882.5520833333334
13557,-0.23876811798316674,882.6171875000001
13558,-0.2736785105443486,882.6822916666667
13559,-0.2876407964142062,882.7473958333334
13560,-0.10361832126503062,882.8125000000001
13561,-0.21192436360186465,882.8776041666667
13562,-0.19134727352180203,882.9427083333334
13563,-0.1742891370908044,883.0078125000001
13564,-0.0900681100861873,883.0729166666667
13565,-0.040929605566696774,883.1380208333334
13566,-0.16742235346790085,883.2031250000001
13567,-0.059787837633992584,883.2682291666667
13568,0.03421951379199117,883.3333333333334
13569,0.12970564238362586,883.3984375000001
13570,0.05649834263255034,883.4635416666667
13571,0.04837868135151352,883.5286458333334
13572,0.11964300080189554,883.5937500000001
13573,0.09653279498847774,883.6588541666667
13574,0.13966816542040575,883.7239583333334
13575,0.23666646522667356,883.7890625000001
13576,0.18590350311470277,883.8541666666667
13577,0.3460769847781074,883.9192708333334
13578,0.33012846029119686,883.9843750000001
13579,0.33691850161065134,884.0494791666667
13580,0.2874165968849016,884.1145833333334
13581,0.3842063854706891,884.1796875000001
13582,0.293268686529374,884.2447916666667
13583,0.3087435275342052,884.3098958333334
13584,0.46465444436815356,884.3750000000001
13585,0.34238552353360585,884.4401041666667
13586,0.5613709604209255,884.5052083333334
13587,0.4127038717349229,884.5703125000001
13588,0.5480013039546084,884.6354166666667
13589,0.5668964590725865,884.7005208333334
13590,0.5730278612887314,884.7656250000001
13591,0.6658752341720119,884.8307291666667
13592,0.5340021314752545,884.8958333333334
13593,0.6389338876429084,884.9609375000001
13594,0.6306988412008108,885.0260416666667
13595,0.7090944848112025,885.0911458333334
13596,0.7621012575427845,885.1562500000001
13597,0.7486743637375831,885.2213541666667
13598,0.8504536791984014,885.2864583333334
13599,0.7575064892822907,885.3515625000001
13600,0.8775646497263796,885.4166666666667
13601,0.7691065752493553,885.4817708333334
13602,0.8704606007918849,885.5468750000001
13603,0.9598963820139317,885.6119791666667
13604,0.8730927099233524,885.6770833333334
13605,0.9291829508580527,885.7421875000001
13606,0.8681651660606587,885.8072916666667
13607,0.9659716983417604,885.8723958333334
13608,0.9637870759254784,885.9375000000001
13609,1.0122839554863197,886.0026041666667
13610,0.9182688310100665,886.0677083333334
13611,1.017616990484818,886.1328125000001
13612,0.9378370150336547,886.1979166666667
13613,0.9827690163929095,886.2630208333334
13614,1.0939382323579807,886.3281250000001
13615,1.0517818986915868,886.3932291666667
13616,1.0061302258060103,886.4583333333334
13617,1.0775543268163363,886.5234375000001
13618,1.093038654799623,886.5885416666667
13619,1.096751603463888,886.6536458333334
13620,1.0575667428749953,886.7187500000001
13621,1.0345103292312374,886.7838541666667
13622,1.0873919542226098,886.8489583333334
13623,1.1161742078056316,886.9140625000001
13624,1.1410106814497496,886.9791666666667
13625,1.0536846046201815,887.0442708333334
13626,1.1048656643826251,887.1093750000001
13627,1.1549072644404923,887.1744791666667
13628,1.1032007642648,887.2395833333334
13629,1.06002474212328,887.3046875000001
13630,1.205012048481194,887.3697916666667
13631,1.140946369596379,887.4348958333334
13632,1.1145192263254682,887.5000000000001
13633,1.06118196207006,887.5651041666667
13634,1.1574698859461883,887.6302083333334
13635,1.104787111976858,887.6953125000001
13636,1.1076749710755978,887.7604166666667
13637,1.0528781347267302,887.8255208333334
13638,1.1486300162994125,887.8906250000001
13639,1.0932203801552989,887.9557291666667
13640,1.0768951887350597,888.0208333333334
13641,1.1689420685025051,888.0859375000001
13642,1.0391439566957092,888.1510416666667
13643,1.0900895516904878,888.2161458333334
13644,1.036312789054975,888.2812500000001
13645,1.1037126094562648,888.3463541666667
13646,1.0394968886949423,888.4114583333334
13647,1.0430326783869628,888.4765625000001
13648,1.0278560283499008,888.5416666666667
13649,1.0809786883371275,888.6067708333334
13650,1.0709594390971249,888.6718750000001
13651,0.9771918722514127,888.7369791666667
13652,1.0218212870810799,888.8020833333334
13653,0.9002796213482895,888.8671875000001
13654,1.084009794796913,888.9322916666667
13655,0.8766499138421191,888.9973958333334
13656,0.8766363005167978,889.0625000000001
13657,0.8886227638802474,889.1276041666667
13658,1.0007284468805329,889.1927083333334
13659,0.8224057626240034,889.2578125000001
13660,0.9174938081753446,889.3229166666667
13661,0.8764559122548055,889.3880208333334
13662,0.9104957876540132,889.4531250000001
13663,0.8414987796473373,889.5182291666667
13664,0.8713215818328287,889.5833333333334
13665,0.7383919697584796,889.6484375000001
13666,0.6850251539600112,889.7135416666667
13667,0.728701848373357,889.7786458333334
13668,0.7463868084139368,889.8437500000001
13669,0.6907443748529866,889.9088541666667
13670,0.5629798513162066,889.9739583333334
13671,0.5454294244733705,890.0390625000001
13672,0.7574776757765747,890.1041666666667
13673,0.6542538846800492,890.1692708333334
13674,0.5770796249681271,890.2343750000001
13675,0.6288632887098267,890.2994791666667
13676,0.571388679854612,890.3645833333334
13677,0.4575582418103207,890.4296875000001
13678,0.4909284169311736,890.4947916666667
13679,0.4568792184561359,890.5598958333334
13680,0.40470479201246784,890.6250000000001
13681,0.4301144081927753,890.6901041666667
13682,0.38131272256045085,890.7552083333334
13683,0.3778076862702277,890.8203125000001
13684,0.2733905498031005,890.8854166666667
13685,0.40884367652270504,890.9505208333334
13686,0.21020100536431452,891.0156250000001
13687,0.2838319956005932,891.0807291666667
13688,0.2534926206830142,891.1458333333334
13689,0.24317691475296577,891.2109375000001
13690,0.24061496765841808,891.2760416666667
13691,0.11714012409673252,891.3411458333334
13692,0.10966245210524736,891.4062500000001
13693,0.08177207901916683,891.4713541666667
13694,0.18406114079469352,891.5364583333334
13695,0.012876252107769052,891.6015625000001
13696,0.02332794920021643,891.6666666666667
13697,-0.08731107874763575,891.7317708333334
13698,-0.11114578929670405,891.7968750000001
13699,0.11788341394284915,891.8619791666667
13700,-0.05359512683163523,891.9270833333334
13701,-0.1664247997708592,891.9921875000001
13702,-0.10824292570315386,892.0572916666667
13703,-0.20513693184587492,892.1223958333334
13704,-0.2100533044670373,892.1875000000001
13705,-0.31243498785657725,892.2526041666667
13706,-0.32549598124014417,892.3177083333334
13707,-0.3024075647583333,892.3828125000001
13708,-0.2890582864068136,892.4479166666667
13709,-0.37714463631128875,892.5130208333334
13710,-0.2985319545017051,892.5781250000001
13711,-0.425311303358212,892.6432291666667
13712,-0.42717611290411744,892.7083333333334
13713,-0.41835742666443293,892.7734375000001
13714,-0.5126947836887625,892.8385416666667
13715,-0.5925820533175187,892.9036458333334
13716,-0.586194861719174,892.9687500000001
13717,-0.5497354911012219,893.0338541666667
13718,-0.636497047346706,893.0989583333334
13719,-0.5395192255071499,893.1640625000001
13720,-0.5745532547799683,893.2291666666667
13721,-0.6289569673852329,893.2942708333334
13722,-0.6697167707215129,893.3593750000001
13723,-0.6589534196571001,893.4244791666667
13724,-0.7613325135528412,893.4895833333334
13725,-0.7145538061816241,893.5546875000001
13726,-0.8075443763522019,893.6197916666667
13727,-0.8147423795762357,893.6848958333334
13728,-0.7389366163859278,893.7500000000001
13729,-0.9351901391317443,893.8151041666667
13730,-0.8748074578913644,893.8802083333334
13731,-0.7850200332337725,893.9453125000001
13732,-0.806669007956823,894.0104166666667
13733,-0.915068794333162,894.0755208333334
13734,-0.8864594252544018,894.1406250000001
13735,-0.9890344622689381,894.2057291666667
13736,-1.0118993471963948,894.2708333333334
13737,-0.932645876782047,894.3359375000001
13738,-0.9533785755726586,894.4010416666667
13739,-0.9602864726603796,894.4661458333334
13740,-1.0163920419271093,894.5312500000001
13741,-0.9977168562854207,894.5963541666667
13742,-0.8900771683322918,894.6614583333334
13743,-0.9579996435731647,894.7265625000001
13744,-1.036676301519575,894.7916666666667
13745,-1.101878571347651,894.8567708333334
13746,-1.0192355456033728,894.9218750000001
13747,-1.1314308830436504,894.9869791666667
13748,-1.0876507319113469,895.0520833333334
13749,-1.1459470845914301,895.1171875000001
13750,-1.0431170573557689,895.1822916666667
13751,-1.1255885533559884,895.2473958333334
13752,-1.1406173686295262,895.3125000000001
13753,-1.128409838942413,895.3776041666667
13754,-1.2522412514853065,895.4427083333334
13755,-1.1082999734055152,895.5078125000001
13756,-1.1110341948412183,895.5729166666667
13757,-1.039585944852732,895.6380208333334
13758,-1.1108492741657614,895.7031250000001
13759,-1.0877232191606192,895.7682291666667
13760,-1.2435016645247858,895.8333333333334
13761,-1.0420389256037863,895.8984375000001
13762,-1.0240498684410488,895.9635416666667
13763,-1.175120541278096,896.0286458333334
13764,-1.159826706890783,896.0937500000001
13765,-1.0466750074537712,896.1588541666667
13766,-1.1073880572508203,896.2239583333334
13767,-1.1122193302868135,896.2890625000001
13768,-1.0924746941268324,896.3541666666667
13769,-1.117756896080682,896.4192708333334
13770,-1.0646760254253695,896.4843750000001
13771,-0.9582319414621907,896.5494791666667
13772,-1.0462093002195414,896.6145833333334
13773,-1.0604312533673426,896.6796875000001
13774,-1.132562913735262,896.7447916666667
13775,-0.9868821453989177,896.8098958333334
13776,-1.1263204501170978,896.8750000000001
13777,-0.985402647857091,896.9401041666667
13778,-0.9860894605225972,897.0052083333334
13779,-0.9304719573810943,897.0703125000001
13780,-0.9938558081421052,897.1354166666667
13781,-0.9843023913978117,897.2005208333334
13782,-0.9503395780835735,897.2656250000001
13783,-0.9590839053583653,897.3307291666667
13784,-0.9222772215450469,897.3958333333334
13785,-0.8327107577531027,897.4609375000001
13786,-0.8721808195202375,897.5260416666667
13787,-0.874084294795676,897.5911458333334
13788,-0.7628770426649926,897.6562500000001
13789,-0.7961855973129911,897.7213541666667
13790,-0.8472357916022862,897.7864583333334
13791,-0.7772987877636032,897.8515625000001
13792,-0.8669512159976633,897.9166666666667
13793,-0.6504111958003846,897.9817708333334
13794,-0.6577819687520171,898.0468750000001
13795,-0.625101554302816,898.1119791666667
13796,-0.7387706974103834,898.1770833333334
13797,-0.5957747632215996,898.2421875000001
13798,-0.7538980345522891,898.3072916666667
13799,-0.725373097495582,898.3723958333334
13800,-0.5814315794182328,898.4375000000001
13801,-0.5711160260989411,898.5026041666667
13802,-0.5480311200759043,898.5677083333334
13803,-0.3707696028728069,898.6328125000001
13804,-0.5757024794310233,898.6979166666667
13805,-0.4531810125103642,898.7630208333334
13806,-0.3832524466667372,898.8281250000001
13807,-0.5370661154536146,898.8932291666667
13808,-0.41316968467132525,898.9583333333334
13809,-0.41021118280656543,899.0234375000001
13810,-0.37512757653223755,899.0885416666667
13811,-0.2704883409934593,899.1536458333334
13812,-0.38987403130532156,899.2187500000001
13813,-0.2556078908659101,899.2838541666667
13814,-0.31757699772918296,899.3489583333334
13815,-0.18716832538808376,899.4140625000001
13816,-0.2781564117664145,899.4791666666667
13817,-0.21021138248677196,899.5442708333334
13818,-0.17498978204387786,899.6093750000001
13819,-0.18069480688532186,899.6744791666667
13820,-0.09302385619389666,899.7395833333334
13821,-0.023287339749113296,899.8046875000001
13822,-0.07086392986517102,899.8697916666667
13823,0.04534397346468147,899.9348958333334
13824,-0.009888757533474225,900.0000000000001
13825,0.003528667753454596,900.0651041666667
13826,0.008205700885774938,900.1302083333334
13827,0.13756689482193699,900.1953125000001
13828,0.044869894246632715,900.2604166666667
13829,0.15725927291677932,900.3255208333334
13830,0.17472054389478123,900.3906250000001
13831,0.13787818830504645,900.4557291666667
13832,0.17732756338349592,900.5208333333334
13833,0.32941442519486613,900.5859375000001
13834,0.3732311201141171,900.6510416666667
13835,0.32815994126582115,900.7161458333334
13836,0.2600994393040371,900.7812500000001
13837,0.3506252971110351,900.8463541666667
13838,0.39293175853901896,900.9114583333334
13839,0.388533047116965,900.9765625000001
13840,0.45641533738968115,901.0416666666667
13841,0.36703089003604955,901.1067708333334
13842,0.4984739638109001,901.1718750000001
13843,0.4405537118217094,901.2369791666667
13844,0.48165095285249915,901.3020833333334
13845,0.6087782651345982,901.3671875000001
13846,0.46403743630285005,901.4322916666667
13847,0.5203781889214928,901.4973958333334
13848,0.5415994296734433,901.5625000000001
13849,0.6857621900273303,901.6276041666667
13850,0.5238815792435508,901.6927083333334
13851,0.6548961659851474,901.7578125000001
13852,0.6314129211661684,901.8229166666667
13853,0.7631402928225606,901.8880208333334
13854,0.6664131516021098,901.9531250000001
13855,0.7786379528894606,902.0182291666667
13856,0.7909817253054244,902.0833333333334
13857,0.800783650920146,902.1484375000001
13858,0.8165681039300939,902.2135416666667
13859,0.8200549196162428,902.2786458333334
13860,0.8235130721691072,902.3437500000001
13861,0.8424845998561729,902.4088541666667
13862,0.8366606518170155,902.4739583333334
13863,0.8484874641661757,902.5390625000001
13864,0.8259044014292805,902.6041666666667
13865,0.8619405257622395,902.6692708333334
13866,0.8738941565540889,902.7343750000001
13867,0.9141235403444208,902.7994791666667
13868,0.83856908371461,902.8645833333334
13869,0.8433435993448166,902.9296875000001
13870,0.8638890742572981,902.9947916666667
13871,0.8762103058605475,903.0598958333334
13872,0.967397341082379,903.1250000000001
13873,0.9264068410512047,903.1901041666667
13874,0.9481835120595993,903.2552083333334
13875,0.9055254869972864,903.3203125000001
13876,0.8662667652366765,903.3854166666667
13877,0.866660245400324,903.4505208333334
13878,0.9774415109223858,903.5156250000001
13879,0.9391479083216766,903.5807291666667
13880,0.996308792030461,903.6458333333334
13881,1.0261425730364886,903.7109375000001
13882,1.0169083493691196,903.7760416666667
13883,1.0734866472777018,903.8411458333334
13884,1.0538383774771316,903.9062500000001
13885,1.0255101077948647,903.9713541666667
13886,0.973589547729388,904.0364583333334
13887,0.994581928149002,904.1015625000001
13888,0.9569063110161121,904.1666666666667
13889,1.0203821575093173,904.2317708333334
13890,1.0230036647554912,904.2968750000001
13891,1.1003248716389702,904.3619791666667
13892,1.0050234553033865,904.4270833333334
13893,1.0747636724911314,904.4921875000001
13894,1.0416475003539858,904.5572916666667
13895,1.040873915565934,904.6223958333334
13896,1.108032814483176,904.6875000000001
13897,0.9830504805611674,904.7526041666667
13898,0.9976926655255586,904.8177083333334
13899,1.0611928617134163,904.8828125000001
13900,0.9928345438231138,904.9479166666667
13901,0.995903248787554,905.0130208333334
13902,1.0289959488761162,905.0781250000001
13903,0.9248956701046791,905.1432291666667
13904,0.9695483911007382,905.2083333333334
13905,0.944036056421806,905.2734375000001
13906,0.8519298348676748,905.3385416666667
13907,0.8422125376395704,905.4036458333334
13908,0.9068150019826641,905.4687500000001
13909,0.8831429426972547,905.5338541666667
13910,0.9066387172282033,905.5989583333334
13911,0.8011573246705586,905.6640625000001
13912,0.9152686277952009,905.7291666666667
13913,0.770331609124447,905.7942708333334
13914,0.8422403567707489,905.8593750000001
13915,0.8538558752251967,905.9244791666667
13916,0.8339440317144516,905.9895833333334
13917,0.7313398957469026,906.0546875000001
13918,0.7582984719095222,906.1197916666667
13919,0.6986570230437736,906.1848958333334
13920,0.7135785853670983,906.2500000000001
13921,0.6215099825563887,906.3151041666667
13922,0.7614073856738277,906.3802083333334
13923,0.5923053636184656,906.4453125000001
13924,0.7010530930941248,906.5104166666667
13925,0.6539033677155472,906.5755208333334
13926,0.539310831540113,906.6406250000001
13927,0.5579382299089377,906.7057291666667
13928,0.527615172199922,906.7708333333334
13929,0.6262552416915251,906.8359375000001
13930,0.5330557988358388,906.9010416666667
13931,0.5012776950274901,906.9661458333334
13932,0.46692318125226706,907.0312500000001
13933,0.5077281939456103,907.0963541666667
13934,0.4853765212648137,907.1614583333334
13935,0.4066587125864683,907.2265625000001
13936,0.2854726199486449,907.2916666666667
13937,0.4007284702775197,907.3567708333334
13938,0.3404235752039557,907.4218750000001
13939,0.3321866622216492,907.4869791666667
13940,0.2631108139637268,907.5520833333334
13941,0.3128165652509546,907.6171875000001
13942,0.2606110639314732,907.6822916666667
13943,0.26934855117559225,907.7473958333334
13944,0.2108389110333358,907.8125000000001
13945,0.1733050880969239,907.8776041666667
13946,0.06755419746261226,907.9427083333334
13947,0.12990702641097363,908.0078125000001
13948,0.0477473626259926,908.0729166666667
13949,0.1702392357885031,908.1380208333334
13950,0.09849961458730916,908.2031250000001
13951,-0.002100599148289136,908.2682291666667
13952,0.0503385728352326,908.3333333333334
13953,-0.11755907667974172,908.3984375000001
13954,-0.10654123022426468,908.4635416666667
13955,-0.14769994108206044,908.5286458333334
13956,-0.06005988929436734,908.5937500000001
13957,-0.2267392933939455,908.6588541666667
13958,-0.21576483694508994,908.7239583333334
13959,-0.15687759864321918,908.7890625000001
13960,-0.1841040109681844,908.8541666666667
13961,-0.24669329861816655,908.9192708333334
13962,-0.14585522296551923,908.9843750000001
13963,-0.13380493242950453,909.0494791666667
13964,-0.22520639007252405,909.1145833333334
13965,-0.34833356375610935,909.1796875000001
13966,-0.2975494911659417,909.2447916666667
13967,-0.31119413327726625,909.3098958333334
13968,-0.2791370880306384,909.3750000000001
13969,-0.4261557311772914,909.4401041666667
13970,-0.4328529032211965,909.5052083333334
13971,-0.44273715998734764,909.5703125000001
13972,-0.4085288869745958,909.6354166666667
13973,-0.4712951410545269,909.7005208333334
13974,-0.5307570269579439,909.7656250000001
13975,-0.5108990235177763,909.8307291666667
13976,-0.5132470084850079,909.8958333333334
13977,-0.6333476693189262,909.9609375000001
13978,-0.7062442491568114,910.0260416666667
13979,-0.6402401738437332,910.0911458333334
13980,-0.5812191912471472,910.1562500000001
13981,-0.6178859777664382,910.2213541666667
13982,-0.6447365011615034,910.2864583333334
13983,-0.6887540549905742,910.3515625000001
13984,-0.6409947891044122,910.4166666666667
13985,-0.6593316830451665,910.4817708333334
13986,-0.6777234510988743,910.5468750000001
13987,-0.7670860092403908,910.6119791666667
13988,-0.7087878994378638,910.6770833333334
13989,-0.8029074996369614,910.7421875000001
13990,-0.8103482991139601,910.8072916666667
13991,-0.7301663437569198,910.8723958333334
13992,-0.7787633991613768,910.9375000000001
13993,-0.8283008693890835,911.0026041666667
13994,-0.8284087716315293,911.0677083333334
13995,-0.8926405256166315,911.1328125000001
13996,-0.8596910168119932,911.1979166666667
13997,-0.8707761433395298,911.2630208333334
13998,-0.8828326845987785,911.3281250000001
13999,-0.8497022869762729,911.3932291666667
14000,-0.9883202770985953,911.4583333333334
14001,-0.8802253056414816,911.5234375000001
14002,-0.8829226082510548,911.5885416666667
14003,-0.910318925229534,911.6536458333334
14004,-0.8875630931118459,911.7187500000001
14005,-0.9750470754086366,911.7838541666667
14006,-0.9091833552061451,911.8489583333334
14007,-0.9051075019599288,911.9140625000001
14008,-1.0232984703535646,911.9791666666667
14009,-0.9577431383508851,912.0442708333334
14010,-0.9719441103405984,912.1093750000001
14011,-0.9420228364359452,912.1744791666667
14012,-0.9123459985563238,912.2395833333334
14013,-1.0149384688189667,912.3046875000001
14014,-0.8509173753995682,912.3697916666667
14015,-0.9817252658771969,912.4348958333334
14016,-0.8812712720684577,912.5000000000001
14017,-0.883112598441697,912.5651041666667
14018,-0.9609066017144549,912.6302083333334
14019,-0.9467060605329966,912.6953125000001
14020,-1.0460014248364007,912.7604166666667
14021,-0.959085707270136,912.8255208333334
14022,-0.9173752811013807,912.8906250000001
14023,-1.0022717040807039,912.9557291666667
14024,-0.9477461940198725,913.0208333333334
14025,-0.9689709083070657,913.0859375000001
14026,-0.8477256748254941,913.1510416666667
14027,-0.9525645990985847,913.2161458333334
14028,-0.9087771224080313,913.2812500000001
14029,-0.8869695055761426,913.3463541666667
14030,-0.9239899412427994,913.4114583333334
14031,-0.8858848104548765,913.4765625000001
14032,-0.9061271529849075,913.5416666666667
14033,-0.8303052652595262,913.6067708333334
14034,-0.8564046603484554,913.6718750000001
14035,-0.8678926502015585,913.7369791666667
14036,-0.8205103550341902,913.8020833333334
14037,-0.8745116866326812,913.8671875000001
14038,-0.7746275254154776,913.9322916666667
14039,-0.7985152301740097,913.9973958333334
14040,-0.7639374082603025,914.0625000000001
14041,-0.7152967122633177,914.1276041666667
14042,-0.739057623650838,914.1927083333334
14043,-0.7900980140357768,914.2578125000001
14044,-0.7369135150570074,914.3229166666667
14045,-0.7332011519455687,914.3880208333334
14046,-0.7874248283363685,914.4531250000001
14047,-0.6937152559718448,914.5182291666667
14048,-0.6834578728147453,914.5833333333334
14049,-0.7116395748849088,914.6484375000001
14050,-0.5837638309039744,914.7135416666667
14051,-0.6569277346852237,914.7786458333334
14052,-0.54132998240015,914.8437500000001
14053,-0.552146557292325,914.9088541666667
14054,-0.5577835195216353,914.9739583333334
14055,-0.5579866020546862,915.0390625000001
14056,-0.575850922059667,915.1041666666667
14057,-0.4379023520059148,915.1692708333334
14058,-0.4891130786699463,915.2343750000001
14059,-0.4617804027281044,915.2994791666667
14060,-0.475135105969721,915.3645833333334
14061,-0.4558382566203232,915.4296875000001
14062,-0.4362098767933241,915.4947916666667
14063,-0.3634705861142186,915.5598958333334
14064,-0.4363602423522469,915.6250000000001
14065,-0.3263685052725952,915.6901041666667
14066,-0.2564837278232691,915.7552083333334
14067,-0.31480970551677706,915.8203125000001
14068,-0.272391221932559,915.8854166666667
14069,-0.4082647680418425,915.9505208333334
14070,-0.23370592545059032,916.0156250000001
14071,-0.21873795915039496,916.0807291666667
14072,-0.22557904443836072,916.1458333333334
14073,-0.0900291380594263,916.2109375000001
14074,-0.18669182956650582,916.2760416666667
14075,-0.11851915987188048,916.3411458333334
14076,-0.06009143976561374,916.4062500000001
14077,-0.08412615993012067,916.4713541666667
14078,0.058687949657436705,916.5364583333334
14079,0.017294204767978702,916.6015625000001
14080,-0.04094616499801225,916.6666666666667
14081,0.030483221472283124,916.7317708333334
14082,0.054326263812603234,916.7968750000001
14083,0.021232286448270493,916.8619791666667
14084,0.08312249374974884,916.9270833333334
14085,0.09495937210511977,916.9921875000001
14086,0.0964696358916031,917.0572916666667
14087,0.18168895085920023,917.1223958333334
14088,0.10334349075058365,917.1875000000001
14089,0.22472331599521558,917.2526041666667
14090,0.13323569673546778,917.3177083333334
14091,0.23805376886415594,917.3828125000001
14092,0.23723328573579738,917.4479166666667
14093,0.3198502121270409,917.5130208333334
14094,0.27219223185007924,917.5781250000001
14095,0.2696838773765558,917.6432291666667
14096,0.3691694170131826,917.7083333333334
14097,0.37919244973107125,917.7734375000001
14098,0.4106006621764513,917.8385416666667
14099,0.3863150454114685,917.9036458333334
14100,0.4719241066293305,917.9687500000001
14101,0.49933260709995125,918.0338541666667
14102,0.3774316491709323,918.0989583333334
14103,0.4547145460858727,918.1640625000001
14104,0.542904151171448,918.2291666666667
14105,0.5764387867304541,918.2942708333334
14106,0.5031692620843403,918.3593750000001
14107,0.64979676966065,918.4244791666667
14108,0.6207865696459446,918.4895833333334
14109,0.5362733157615357,918.5546875000001
14110,0.5936041794400899,918.6197916666667
14111,0.6325400928540812,918.6848958333334
14112,0.6865051762441725,918.7500000000001
14113,0.5831332006482361,918.8151041666667
14114,0.6317585214430177,918.8802083333334
14115,0.7102203027360777,918.9453125000001
14116,0.6496694695508269,919.0104166666667
14117,0.763776153983043,919.0755208333334
14118,0.6181003824558963,919.1406250000001
14119,0.7066912431507594,919.2057291666667
14120,0.8112121058000228,919.2708333333334
14121,0.7518407063287098,919.3359375000001
14122,0.7632472821885413,919.4010416666667
14123,0.7101897954562432,919.4661458333334
14124,0.7769519546065261,919.5312500000001
14125,0.8228480932801701,919.5963541666667
14126,0.8888652927246045,919.6614583333334
14127,0.8248533647974801,919.7265625000001
14128,0.7853649883756441,919.7916666666667
14129,0.8456038410237279,919.8567708333334
14130,0.8750447781203926,919.9218750000001
14131,0.8494613797231856,919.9869791666667
14132,0.8944395379077169,920.0520833333334
14133,0.8667190763065904,920.1171875000001
14134,0.8635513138918651,920.1822916666667
14135,0.8583938494815126,920.2473958333334
14136,0.8515849437624469,920.3125000000001
14137,0.8511676603801374,920.3776041666667
14138,0.9413190554124812,920.4427083333334
14139,0.8975654452610613,920.5078125000001
14140,0.888346698574267,920.5729166666667
14141,0.9323419652186355,920.6380208333334
14142,0.8663975910764848,920.7031250000001
14143,0.8739869412470663,920.7682291666667
14144,0.920860597201547,920.8333333333334
14145,0.9333625065145793,920.8984375000001
14146,0.8609909827474591,920.9635416666667
14147,0.9151355298467432,921.0286458333334
14148,0.8641159696629311,921.0937500000001
14149,0.7625362158913147,921.1588541666667
14150,0.8853456264810848,921.2239583333334
14151,0.9024668365712596,921.2890625000001
14152,0.8784033485069762,921.3541666666667
14153,0.8490145836099307,921.4192708333334
14154,0.8622742440855617,921.4843750000001
14155,0.8070519772392278,921.5494791666667
14156,0.9409995835191831,921.6145833333334
14157,0.8968863498575329,921.6796875000001
14158,0.8368633242200079,921.7447916666667
14159,0.8961519903737358,921.8098958333334
14160,0.8174696321841176,921.8750000000001
14161,0.7605670773294959,921.9401041666667
14162,0.8250234801043953,922.0052083333334
14163,0.7716517123997909,922.0703125000001
14164,0.7572993490495177,922.1354166666667
14165,0.7301538450469167,922.2005208333334
14166,0.7033474454830309,922.2656250000001
14167,0.7372234291506994,922.3307291666667
14168,0.6820225537956688,922.3958333333334
14169,0.6119703109806245,922.4609375000001
14170,0.7428221635005763,922.5260416666667
14171,0.7450431611851064,922.5911458333334
14172,0.6304404928120461,922.6562500000001
14173,0.6793263408966596,922.7213541666667
14174,0.6541326875372229,922.7864583333334
14175,0.598910602969982,922.8515625000001
14176,0.5604647580933864,922.9166666666667
14177,0.6298626595845601,922.9817708333334
14178,0.5969261605619173,923.0468750000001
14179,0.6669507731609874,923.1119791666667
14180,0.5460426925643171,923.1770833333334
14181,0.4963568403566732,923.2421875000001
14182,0.48316379334032106,923.3072916666667
14183,0.5524945666387749,923.3723958333334
14184,0.5242299019844257,923.4375000000001
14185,0.4723667078333348,923.5026041666667
14186,0.4184448894655765,923.5677083333334
14187,0.3220403909021929,923.6328125000001
14188,0.38249698992154774,923.6979166666667
14189,0.41575457981276326,923.7630208333334
14190,0.4294129813274495,923.8281250000001
14191,0.3651599460807727,923.8932291666667
14192,0.3358311825728896,923.9583333333334
14193,0.37743389339503947,924.0234375000001
14194,0.24468637957140882,924.0885416666667
14195,0.30320083736904063,924.1536458333334
14196,0.3055222827838075,924.2187500000001
14197,0.30075208994541636,924.2838541666667
14198,0.24618767399176103,924.3489583333334
14199,0.1842521900035663,924.4140625000001
14200,0.13070730892904595,924.4791666666667
14201,0.09799914283852199,924.5442708333334
14202,0.09268732158206992,924.6093750000001
14203,0.0877341391282454,924.6744791666667
14204,0.13674673984074753,924.7395833333334
14205,0.07383880834889221,924.8046875000001
14206,-0.01989359726962995,924.8697916666667
14207,-0.017453216589151683,924.9348958333334
14208,0.04448613641540616,925.0000000000001
14209,-0.0013125870977077105,925.0651041666667
14210,0.054245789919826,925.1302083333334
14211,-0.16257791047092593,925.1953125000001
14212,-0.10989116835475661,925.2604166666667
14213,-0.10834864618426854,925.3255208333334
14214,-0.09159909785516361,925.3906250000001
14215,-0.22954481629804246,925.4557291666667
14216,-0.21983525472206272,925.5208333333334
14217,-0.22542132978197388,925.5859375000001
14218,-0.19080221737116917,925.6510416666667
14219,-0.18117659798875127,925.7161458333334
14220,-0.20367948555735343,925.7812500000001
14221,-0.2822104603513428,925.8463541666667
14222,-0.21679418820783422,925.9114583333334
14223,-0.3438306169250054,925.9765625000001
14224,-0.25376906388563464,926.0416666666667
14225,-0.4055133711529806,926.1067708333334
14226,-0.3446962431014366,926.1718750000001
14227,-0.4344550479578825,926.2369791666667
14228,-0.3051815843523101,926.3020833333334
14229,-0.4493447248321282,926.3671875000001
14230,-0.521177957863648,926.4322916666667
14231,-0.46011537774504013,926.4973958333334
14232,-0.46549994267936334,926.5625000000001
14233,-0.5037665212971943,926.6276041666667
14234,-0.4819334515579856,926.6927083333334
14235,-0.48102343147010146,926.7578125000001
14236,-0.583821367883527,926.8229166666667
14237,-0.5218495818609082,926.8880208333334
14238,-0.5444035402956184,926.9531250000001
14239,-0.6047350645482287,927.0182291666667
14240,-0.5878279692355745,927.0833333333334
14241,-0.7123605472591923,927.1484375000001
14242,-0.6446992136800835,927.2135416666667
14243,-0.74560534040888,927.2786458333334
14244,-0.5987910176284346,927.3437500000001
14245,-0.68820387550524,927.4088541666667
14246,-0.670536932714841,927.4739583333334
14247,-0.6853296583414035,927.5390625000001
14248,-0.7794671924460266,927.6041666666667
14249,-0.728617769613886,927.6692708333334
14250,-0.69405335482616,927.7343750000001
14251,-0.7590402281357166,927.7994791666667
14252,-0.7689316080434788,927.8645833333334
14253,-0.7720517221395689,927.9296875000001
14254,-0.762430718844805,927.9947916666667
14255,-0.7984121475572796,928.0598958333334
14256,-0.6849753542944825,928.1250000000001
14257,-0.7827505252320078,928.1901041666667
14258,-0.7945759506466402,928.2552083333334
14259,-0.8579477874173906,928.3203125000001
14260,-0.8356584870372811,928.3854166666667
14261,-0.8132315681700117,928.4505208333334
14262,-0.7679542523313786,928.5156250000001
14263,-0.9136938680165354,928.5807291666667
14264,-0.8404627828635824,928.6458333333334
14265,-0.8200991003635115,928.7109375000001
14266,-0.8882471465709231,928.7760416666667
14267,-0.8431765182806926,928.8411458333334
14268,-0.8231089954917897,928.9062500000001
14269,-0.9163768100916578,928.9713541666667
14270,-0.9223580655404588,929.0364583333334
14271,-0.8838084403196336,929.1015625000001
14272,-0.9213802764913654,929.1666666666667
14273,-0.9261605105156229,929.2317708333334
14274,-0.8819162609647379,929.2968750000001
14275,-0.8579649567213083,929.3619791666667
14276,-0.855845982025348,929.4270833333334
14277,-0.8579491815846155,929.4921875000001
14278,-0.8680307830206279,929.5572916666667
14279,-0.8067653933371641,929.6223958333334
14280,-0.8285752526054146,929.6875000000001
14281,-0.8184046153205904,929.7526041666667
14282,-0.8513883057077131,929.8177083333334
14283,-0.8677300266134635,929.8828125000001
14284,-0.8282341545323088,929.9479166666667
14285,-0.8205324204097018,930.0130208333334
14286,-0.832320136095817,930.0781250000001
14287,-0.8304363344762427,930.1432291666667
14288,-0.7882348465546631,930.2083333333334
14289,-0.8010047058606871,930.2734375000001
14290,-0.7980081466652238,930.3385416666667
14291,-0.7478184310140912,930.4036458333334
14292,-0.7625734092900283,930.4687500000001
14293,-0.7459396141169232,930.5338541666667
14294,-0.6961952656934994,930.5989583333334
14295,-0.787854492205757,930.6640625000001
14296,-0.7459221394291812,930.7291666666667
14297,-0.7044841456644407,930.7942708333334
14298,-0.6629676259714647,930.8593750000001
14299,-0.6746511465147343,930.9244791666667
14300,-0.6753826729263155,930.9895833333334
14301,-0.6574899508052994,931.0546875000001
14302,-0.694449807626727,931.1197916666667
14303,-0.6389897333726443,931.1848958333334
14304,-0.5569135211330981,931.2500000000001
14305,-0.6080122883684528,931.3151041666667
14306,-0.56426989983868,931.3802083333334
14307,-0.6451250937463002,931.4453125000001
14308,-0.5909562845222314,931.5104166666667
14309,-0.5200895368079544,931.5755208333334
14310,-0.50963134460961,931.6406250000001
14311,-0.4933479169291663,931.7057291666667
14312,-0.47578260246515736,931.7708333333334
14313,-0.5010614264750093,931.8359375000001
14314,-0.5236072687591742,931.9010416666667
14315,-0.4321255128130859,931.9661458333334
14316,-0.3600215713919092,932.0312500000001
14317,-0.330751109755162,932.0963541666667
14318,-0.31993673074246604,932.1614583333334
14319,-0.36452377196667124,932.2265625000001
14320,-0.36852133957402133,932.2916666666667
14321,-0.27954844708098453,932.3567708333334
14322,-0.25984397796039643,932.4218750000001
14323,-0.2918067671469871,932.4869791666667
14324,-0.19918374826938923,932.5520833333334
14325,-0.2440532381866867,932.6171875000001
14326,-0.1766510857479624,932.6822916666667
14327,-0.21012555220367066,932.7473958333334
14328,-0.20440754418324245,932.8125000000001
14329,-0.19264252474547464,932.8776041666667
14330,-0.18291585145789355,932.9427083333334
14331,-0.17156411302941826,933.0078125000001
14332,-0.052886835997854806,933.0729166666667
14333,-0.05449158052939928,933.1380208333334
14334,-0.07109798354855795,933.2031250000001
14335,-0.07039947728257367,933.2682291666667
14336,-0.02413720945276846,933.3333333333334
14337,0.01736351782448962,933.3984375000001
14338,0.09359075038673174,933.4635416666667
14339,0.0675904189823705,933.5286458333334
14340,0.14691966423864097,933.5937500000001
14341,0.06787223222203112,933.6588541666667
14342,0.17954402511460416,933.7239583333334
14343,0.12687875517151576,933.7890625000001
14344,0.1631403120455929,933.8541666666667
14345,0.19029309492682972,933.9192708333334
14346,0.24522477325876704,933.9843750000001
14347,0.20302555218260282,934.0494791666667
14348,0.31911141133218507,934.1145833333334
14349,0.29924333914789125,934.1796875000001
14350,0.29958960273176083,934.2447916666667
14351,0.28061789137824295,934.3098958333334
14352,0.2959144784373152,934.3750000000001
14353,0.3349132178396038,934.4401041666667
14354,0.4358615576007519,934.5052083333334
14355,0.4681500531756177,934.5703125000001
14356,0.3937916000422953,934.6354166666667
14357,0.5132283103868229,934.7005208333334
14358,0.443141655211183,934.7656250000001
14359,0.4336378817001106,934.8307291666667
14360,0.4352322745053648,934.8958333333334
14361,0.5271047690076676,934.9609375000001
14362,0.5020322717600788,935.0260416666667
14363,0.5268150139037991,935.0911458333334
14364,0.5132769502770538,935.1562500000001
14365,0.5806380614036497,935.2213541666667
14366,0.6209133075721301,935.2864583333334
14367,0.6690100196379155,935.3515625000001
14368,0.6167228740162058,935.4166666666667
14369,0.5997797021241768,935.4817708333334
14370,0.6899657369461912,935.5468750000001
14371,0.6997021974948522,935.6119791666667
14372,0.6832278196922588,935.6770833333334
14373,0.7438058789956459,935.7421875000001
14374,0.6578989397144368,935.8072916666667
14375,0.7041616898640205,935.8723958333334
14376,0.7062902455933218,935.9375000000001
14377,0.8196484087674656,936.0026041666667
14378,0.7313116438757461,936.0677083333334
14379,0.7238503057103028,936.1328125000001
14380,0.8576441828603976,936.1979166666667
14381,0.7542023829433925,936.2630208333334
14382,0.7848617372467017,936.3281250000001
14383,0.8320088864331564,936.3932291666667
14384,0.8138951539542659,936.4583333333334
14385,0.8343879699816495,936.5234375000001
14386,0.914426876283812,936.5885416666667
14387,0.8373122865752536,936.6536458333334
14388,0.7896060226311854,936.7187500000001
14389,0.8062791526618782,936.7838541666667
14390,0.9409927644141886,936.8489583333334
14391,0.8185176771999129,936.9140625000001
14392,0.8709082245586056,936.9791666666667
14393,0.8525322147873668,937.0442708333334
14394,0.8784865737386102,937.1093750000001
14395,0.862729706514179,937.1744791666667
14396,0.8638759885158677,937.2395833333334
14397,0.8429929435708546,937.3046875000001
14398,1.0184334523625482,937.3697916666667
14399,0.908067991793666,937.4348958333334
14400,0.8741314313096626,937.5000000000001
14401,0.877941493352282,937.5651041666667
14402,0.8754123729064319,937.6302083333334
14403,0.903733791690701,937.6953125000001
14404,0.8891372658785673,937.7604166666667
14405,0.8956623405160957,937.8255208333334
14406,0.8157280774571625,937.8906250000001
14407,0.8949882758938106,937.9557291666667
14408,0.9041621994333059,938.0208333333334
14409,0.8197380388274313,938.0859375000001
14410,0.8708361424242033,938.1510416666667
14411,0.9255132038088183,938.2161458333334
14412,0.8510133130516265,938.2812500000001
14413,0.9250147751976198,938.3463541666667
14414,0.7706887248996149,938.4114583333334
14415,0.8037631716897372,938.4765625000001
14416,0.8864913106290886,938.5416666666667
14417,0.7279617490458511,938.6067708333334
14418,0.8440361514100747,938.6718750000001
14419,0.7632281887773912,938.7369791666667
14420,0.7618223464754257,938.8020833333334
14421,0.7468817098240403,938.8671875000001
14422,0.783949841884203,938.9322916666667
14423,0.7259239886193137,938.9973958333334
14424,0.773433044807249,939.0625000000001
14425,0.7309269909249844,939.1276041666667
14426,0.7703371367386175,939.1927083333334
14427,0.789514805232287,939.2578125000001
14428,0.679213493615566,939.3229166666667
14429,0.648285126475503,939.3880208333334
14430,0.7086555238272675,939.4531250000001
14431,0.7330055912338463,939.5182291666667
14432,0.6557168652123301,939.5833333333334
14433,0.6393307935445195,939.6484375000001
14434,0.4711108910471946,939.7135416666667
14435,0.5758468476422052,939.7786458333334
14436,0.5973982313994671,939.8437500000001
14437,0.5997376588103654,939.9088541666667
14438,0.5857907287536003,939.9739583333334
14439,0.4652938095879996,940.0390625000001
14440,0.5314990115602054,940.1041666666667
14441,0.39922602812319213,940.1692708333334
14442,0.45005949763335645,940.2343750000001
14443,0.41223475929117065,940.2994791666667
14444,0.4488005965697511,940.3645833333334
14445,0.35314119720134496,940.4296875000001
14446,0.32519993523729307,940.4947916666667
14447,0.3121564620063857,940.5598958333334
14448,0.2923253013852646,940.6250000000001
14449,0.31327948265757694,940.6901041666667
14450,0.3493960663392447,940.7552083333334
14451,0.23326271095269377,940.8203125000001
14452,0.2638019303997119,940.8854166666667
14453,0.2640860010560879,940.9505208333334
14454,0.21318278111064165,941.0156250000001
14455,0.1961872597337723,941.0807291666667
14456,0.18396461256205088,941.1458333333334
14457,0.17824213909430686,941.2109375000001
14458,0.12758275855716372,941.2760416666667
14459,0.19994964660398734,941.3411458333334
14460,0.1457054774957043,941.4062500000001
14461,0.026128786629266727,941.4713541666667
14462,0.015916845815600333,941.5364583333334
14463,-0.014557623500368082,941.6015625000001
14464,0.028109242854419143,941.6666666666667
14465,-0.10968606242286219,941.7317708333334
14466,-0.059997934548998474,941.7968750000001
14467,-0.16329550680301017,941.8619791666667
14468,-0.048352027471813774,941.9270833333334
14469,-0.13196476509643768,941.9921875000001
14470,-0.10972799695831335,942.0572916666667
14471,-0.11560332937860736,942.1223958333334
14472,-0.1770607775518637,942.1875000000001
14473,-0.1707999090093837,942.2526041666667
14474,-0.27893907718405453,942.3177083333334
14475,-0.15930495584549234,942.3828125000001
14476,-0.22476928614827718,942.4479166666667
14477,-0.2532609079667198,942.5130208333334
14478,-0.32926985808959475,942.5781250000001
14479,-0.26702466500499794,942.6432291666667
14480,-0.38172602985727755,942.7083333333334
14481,-0.3978993566258635,942.7734375000001
14482,-0.37443052719301334,942.8385416666667
14483,-0.44339137535418605,942.9036458333334
14484,-0.39380288905320554,942.9687500000001
14485,-0.4397144539642827,943.0338541666667
14486,-0.522832126366674,943.0989583333334
14487,-0.4570609308384654,943.1640625000001
14488,-0.5085479169906425,943.2291666666667
14489,-0.5053991472472595,943.2942708333334
14490,-0.5994516792644965,943.3593750000001
14491,-0.601598472602311,943.4244791666667
14492,-0.6463152938718577,943.4895833333334
14493,-0.6070466895223618,943.5546875000001
14494,-0.6075349852023396,943.6197916666667
14495,-0.6180764861936772,943.6848958333334
14496,-0.6560941677905069,943.7500000000001
14497,-0.6834765484415463,943.8151041666667
14498,-0.7434932213452426,943.8802083333334
14499,-0.7145816751424575,943.9453125000001
14500,-0.781078281288953,944.0104166666667
14501,-0.6944368120232973,944.0755208333334
14502,-0.77408325959478,944.1406250000001
14503,-0.7179082043712447,944.2057291666667
14504,-0.7628754888919709,944.2708333333334
14505,-0.7736166267149663,944.3359375000001
14506,-0.8855017348344236,944.4010416666667
14507,-0.8562942123833077,944.4661458333334
14508,-0.9093330364768494,944.5312500000001
14509,-0.8642169044736117,944.5963541666667
14510,-0.8865388391417935,944.6614583333334
14511,-0.8932183931619171,944.7265625000001
14512,-0.8681111285757995,944.7916666666667
14513,-0.9467550399508977,944.8567708333334
14514,-0.9955397521232926,944.9218750000001
14515,-0.8951293668043347,944.9869791666667
14516,-0.9356657885694771,945.0520833333334
14517,-0.8492304393999912,945.1171875000001
14518,-0.9801531135647201,945.1822916666667
14519,-0.8683235633107212,945.2473958333334
14520,-1.0089456822321736,945.3125000000001
14521,-1.0545036278499713,945.3776041666667
14522,-0.9274940379312396,945.4427083333334
14523,-0.9304282554885793,945.5078125000001
14524,-0.9710766230919383,945.5729166666667
14525,-0.9716177977010395,945.6380208333334
14526,-0.900139622528438,945.7031250000001
14527,-0.9005138736194771,945.7682291666667
14528,-0.9905277483093218,945.8333333333334
14529,-0.9816221994992907,945.8984375000001
14530,-0.9287847975282801,945.9635416666667
14531,-0.9521059116843595,946.0286458333334
14532,-0.9725941695357326,946.0937500000001
14533,-0.8978795738346348,946.1588541666667
14534,-0.8878664467085118,946.2239583333334
14535,-1.0633204284931237,946.2890625000001
14536,-1.0114081633470573,946.3541666666667
14537,-0.9955686017785309,946.4192708333334
14538,-0.9430090367147211,946.4843750000001
14539,-0.9522845278807659,946.5494791666667
14540,-0.9042192615617733,946.6145833333334
14541,-0.993863973351557,946.6796875000001
14542,-0.8351216063428972,946.7447916666667
14543,-0.9417189161200626,946.8098958333334
14544,-0.9308618540496983,946.8750000000001
14545,-0.8255747456351593,946.9401041666667
14546,-0.8618273668130423,947.0052083333334
14547,-0.9066464953509779,947.0703125000001
14548,-0.9208989436296681,947.1354166666667
14549,-0.9470259281200183,947.2005208333334
14550,-0.9424539812802649,947.2656250000001
14551,-0.7964180430893907,947.3307291666667
14552,-0.8358219818883018,947.3958333333334
14553,-0.792268842193369,947.4609375000001
14554,-0.9026703637178278,947.5260416666667
14555,-0.837481781681708,947.5911458333334
14556,-0.7812894616340774,947.6562500000001
14557,-0.8318808680405951,947.7213541666667
14558,-0.7349511403844025,947.7864583333334
14559,-0.7162578962873384,947.8515625000001
14560,-0.6988222309138549,947.9166666666667
14561,-0.6874496827669604,947.9817708333334
14562,-0.6193118753009397,948.0468750000001
14563,-0.7059556509090466,948.1119791666667
14564,-0.6289042912367769,948.1770833333334
14565,-0.5376600029680694,948.2421875000001
14566,-0.5539610996254926,948.3072916666667
14567,-0.5525397167952444,948.3723958333334
14568,-0.6521948092309783,948.4375000000001
14569,-0.5126736041336234,948.5026041666667
14570,-0.4958474391806704,948.5677083333334
14571,-0.4149185863788809,948.6328125000001
14572,-0.394378560323116,948.6979166666667
14573,-0.5180231874089851,948.7630208333334
14574,-0.45070975447853917,948.8281250000001
14575,-0.41798005336852984,948.8932291666667
14576,-0.3954172517211016,948.9583333333334
14577,-0.41530041653100114,949.0234375000001
14578,-0.3864458874396794,949.0885416666667
14579,-0.3276066211709428,949.1536458333334
14580,-0.29225353808888566,949.2187500000001
14581,-0.20464634457111314,949.2838541666667
14582,-0.2460170637614821,949.3489583333334
14583,-0.2732946031847254,949.4140625000001
14584,-0.1627832813924398,949.4791666666667
14585,-0.0910590518169243,949.5442708333334
14586,-0.1110221098990926,949.6093750000001
14587,-0.18365639874884743,949.6744791666667
14588,-0.1240004852891051,949.7395833333334
14589,-0.04610278333472384,949.8046875000001
14590,-0.0656879036683391,949.8697916666667
14591,0.1017443564775568,949.9348958333334
14592,0.025192658065293427,950.0000000000001
14593,0.05197691892996556,950.0651041666667
14594,0.097340518134477,950.1302083333334
14595,0.07669351580541507,950.1953125000001
14596,0.15333767806817727,950.2604166666667
14597,0.09990104102626744,950.3255208333334
14598,0.09985975639562962,950.3906250000001
14599,0.256084975568707,950.4557291666667
14600,0.25643340683222804,950.5208333333334
14601,0.17581885103681097,950.5859375000001
14602,0.19705012428403745,950.6510416666667
14603,0.30078843956939316,950.7161458333334
14604,0.31178847304713786,950.7812500000001
14605,0.3101615936123148,950.8463541666667
14606,0.3963493306887714,950.9114583333334
14607,0.39129851523112963,950.9765625000001
14608,0.36589667116454605,951.0416666666667
14609,0.5004239932055298,951.1067708333334
14610,0.48260327430844674,951.1718750000001
14611,0.5089577217787591,951.2369791666667
14612,0.5023263855583247,951.3020833333334
14613,0.591236325186353,951.3671875000001
14614,0.5312640372782319,951.4322916666667
14615,0.5396536364198428,951.4973958333334
14616,0.4813267452136995,951.5625000000001
14617,0.5763408660053021,951.6276041666667
14618,0.6036545647130641,951.6927083333334
14619,0.5901080110301804,951.7578125000001
14620,0.7608994734388435,951.8229166666667
14621,0.6952326500484447,951.8880208333334
14622,0.7745479116378462,951.9531250000001
14623,0.6718706162267516,952.0182291666667
14624,0.8294213688089481,952.0833333333334
14625,0.7885953466635962,952.1484375000001
14626,0.821946485641772,952.2135416666667
14627,0.8151266261083764,952.2786458333334
14628,0.8485440747389543,952.3437500000001
14629,0.8448860025549285,952.4088541666667
14630,0.8279766560525457,952.4739583333334
14631,0.8917027209896273,952.5390625000001
14632,0.8736743011531748,952.6041666666667
14633,0.814430663161025,952.6692708333334
14634,1.0197667984746437,952.7343750000001
14635,0.962665580664213,952.7994791666667
14636,0.8129554019421665,952.8645833333334
14637,0.9712798301992736,952.9296875000001
14638,0.9950230231640145,952.9947916666667
14639,1.001800644615654,953.0598958333334
14640,1.0417336749490052,953.1250000000001
14641,1.0561136927798473,953.1901041666667
14642,0.9971299103280992,953.2552083333334
14643,1.079885738655302,953.3203125000001
14644,1.0004395367200776,953.3854166666667
14645,1.0470747434090864,953.4505208333334
14646,1.0332068089138382,953.5156250000001
14647,1.0636406319880731,953.5807291666667
14648,1.1046742100086555,953.6458333333334
14649,0.979152194209585,953.7109375000001
14650,1.0725613971407184,953.7760416666667
14651,1.0447625562280694,953.8411458333334
14652,1.0848776290073,953.9062500000001
14653,1.0553116524552484,953.9713541666667
14654,1.0306219686724831,954.0364583333334
14655,1.0964395277047962,954.1015625000001
14656,1.1452133299976242,954.1666666666667
14657,1.0144212962321477,954.2317708333334
14658,1.056847125305963,954.2968750000001
14659,1.0649468472746733,954.3619791666667
14660,0.954399353717989,954.4270833333334
14661,1.0273035525668612,954.4921875000001
14662,1.0800133183400595,954.5572916666667
14663,1.0736130802960102,954.6223958333334
14664,1.015423755917813,954.6875000000001
14665,1.0555414911088923,954.7526041666667
14666,0.9796914867923532,954.8177083333334
14667,0.9986560518368347,954.8828125000001
14668,1.0149565382830599,954.9479166666667
14669,1.0489046523065073,955.0130208333334
14670,0.9847314610442548,955.0781250000001
14671,0.977299932972589,955.1432291666667
14672,0.9681085591465335,955.2083333333334
14673,1.0042946971951043,955.2734375000001
14674,1.0242381630711408,955.3385416666667
14675,0.8578990876535273,955.4036458333334
14676,0.8744944929484745,955.4687500000001
14677,0.94585795783005,955.5338541666667
14678,0.8411731341835715,955.5989583333334
14679,0.9344535910845635,955.6640625000001
14680,0.8741808084827392,955.7291666666667
14681,0.8871297714907745,955.7942708333334
14682,0.8715340115236019,955.8593750000001
14683,0.8108467896395497,955.9244791666667
14684,0.8497706657345708,955.9895833333334
14685,0.8105757237738396,956.0546875000001
14686,0.7763449412005505,956.1197916666667
14687,0.7783910925684071,956.1848958333334
14688,0.8750987956454119,956.2500000000001
14689,0.7409326939483327,956.3151041666667
14690,0.6763927751795868,956.3802083333334
14691,0.7593529250307456,956.4453125000001
14692,0.6312310729570123,956.5104166666667
14693,0.6811665152482215,956.5755208333334
14694,0.6642198731263153,956.6406250000001
14695,0.7266000792924063,956.7057291666667
14696,0.5254254343836935,956.7708333333334
14697,0.5784615839108818,956.8359375000001
14698,0.6125133798091686,956.9010416666667
14699,0.49301698581489456,956.9661458333334
14700,0.38978476102556353,957.0312500000001
14701,0.5353927685092909,957.0963541666667
14702,0.5024215385972025,957.1614583333334
14703,0.5040546433481365,957.2265625000001
14704,0.40687704413246284,957.2916666666667
14705,0.36420760153317167,957.3567708333334
14706,0.3388140267380777,957.4218750000001
14707,0.3561293454993855,957.4869791666667
14708,0.38905921034961843,957.5520833333334
14709,0.333496804428989,957.6171875000001
14710,0.42454456577972405,957.6822916666667
14711,0.24854831684862663,957.7473958333334
14712,0.2264089277175507,957.8125000000001
14713,0.16789350728660296,957.8776041666667
14714,0.1153865484884416,957.9427083333334
14715,0.07512174934434292,958.0078125000001
14716,0.10733819310750903,958.0729166666667
14717,-0.0023867478561135653,958.1380208333334
14718,-0.026498356290006256,958.2031250000001
14719,0.049052292639637604,958.2682291666667
14720,-0.01602472230785348,958.3333333333334
14721,-0.0727258056154015,958.3984375000001
14722,-0.01795793677626641,958.4635416666667
14723,-0.03177884312607778,958.5286458333334
14724,-0.17832681906825495,958.5937500000001
14725,-0.16015800306026265,958.6588541666667
14726,-0.2134677183617525,958.7239583333334
14727,-0.1756094781212636,958.7890625000001
14728,-0.18502415614422865,958.8541666666667
14729,-0.21411144501774346,958.9192708333334
14730,-0.2771453753434376,958.9843750000001
14731,-0.29978870931573914,959.0494791666667
14732,-0.2809081178971276,959.1145833333334
14733,-0.36595910164243345,959.1796875000001
14734,-0.39958534617673336,959.2447916666667
14735,-0.4312842091785217,959.3098958333334
14736,-0.27537509318637476,959.3750000000001
14737,-0.31824115353497134,959.4401041666667
14738,-0.4258600326066727,959.5052083333334
14739,-0.5345604100133399,959.5703125000001
14740,-0.4060279659435983,959.6354166666667
14741,-0.5262510833744001,959.7005208333334
14742,-0.5633552216948984,959.7656250000001
14743,-0.5383158248396613,959.8307291666667
14744,-0.6622688100810131,959.8958333333334
14745,-0.6354671880878939,959.9609375000001
14746,-0.6248059936468635,960.0260416666667
14747,-0.697443630233314,960.0911458333334
14748,-0.72153980914425,960.1562500000001
14749,-0.7130336061126844,960.2213541666667
14750,-0.8163562221697273,960.2864583333334
14751,-0.762519510267191,960.3515625000001
14752,-0.716211373527341,960.4166666666667
14753,-0.7240682814669968,960.4817708333334
14754,-0.8123399364463043,960.5468750000001
14755,-0.9199337135062139,960.6119791666667
14756,-0.837778456253885,960.6770833333334
14757,-0.9588806338732632,960.7421875000001
14758,-0.8498099870570429,960.8072916666667
14759,-0.9686083285279398,960.8723958333334
14760,-0.8515651566397541,960.9375000000001
14761,-0.9927340029827881,961.0026041666667
14762,-0.9412735820992183,961.0677083333334
14763,-0.9573724028840954,961.1328125000001
14764,-1.0189558401424132,961.1979166666667
14765,-0.9506446444417597,961.2630208333334
14766,-1.083954521464039,961.3281250000001
14767,-0.9881535249442766,961.3932291666667
14768,-0.9961764157563374,961.4583333333334
14769,-1.0139319460261318,961.5234375000001
14770,-0.9882935761942995,961.5885416666667
14771,-1.0636089940416225,961.6536458333334
14772,-1.172829276739788,961.7187500000001
14773,-1.0185539610212093,961.7838541666667
14774,-1.1120352493262302,961.8489583333334
14775,-1.0921054286589025,961.9140625000001
14776,-1.14937768476003,961.9791666666667
14777,-1.103335771820888,962.0442708333334
14778,-1.2422245802439054,962.1093750000001
14779,-1.1664857537119822,962.1744791666667
14780,-1.0909508873796188,962.2395833333334
14781,-1.2024654514230604,962.3046875000001
14782,-1.081954785501154,962.3697916666667
14783,-1.1198730596508628,962.4348958333334
14784,-1.0592353601921811,962.5000000000001
14785,-1.0995371530576514,962.5651041666667
14786,-1.0565903278544722,962.6302083333334
14787,-1.0396687171741863,962.6953125000001
14788,-1.1030495177779545,962.7604166666667
14789,-1.1983677908967312,962.8255208333334
14790,-1.0984793934790669,962.8906250000001
14791,-1.1098238687639823,962.9557291666667
14792,-1.003214620817625,963.0208333333334
14793,-1.1975042702424004,963.0859375000001
14794,-1.0461071019475892,963.1510416666667
14795,-1.0479818959523188,963.2161458333334
14796,-1.128614112874166,963.2812500000001
14797,-1.109814585540928,963.3463541666667
14798,-1.1230591133030456,963.4114583333334
14799,-1.0142182149241488,963.4765625000001
14800,-1.0615199095117225,963.5416666666667
14801,-0.9801593171298582,963.6067708333334
14802,-1.0208897382464337,963.6718750000001
14803,-0.9922120757061499,963.7369791666667
14804,-1.0757055843068852,963.8020833333334
14805,-0.988220560682837,963.8671875000001
14806,-1.011837242551132,963.9322916666667
14807,-0.9897982352810765,963.9973958333334
14808,-0.8988341522547181,964.0625000000001
14809,-0.9848730787181499,964.1276041666667
14810,-0.850761563497573,964.1927083333334
14811,-0.8872963122064175,964.2578125000001
14812,-0.8987456139663713,964.3229166666667
14813,-0.9318963115353016,964.3880208333334
14814,-0.7672447161155066,964.4531250000001
14815,-0.8492389167712187,964.5182291666667
14816,-0.810093701887828,964.5833333333334
14817,-0.8185394879295333,964.6484375000001
14818,-0.7261199907676036,964.7135416666667
14819,-0.7609868441644618,964.7786458333334
14820,-0.7553339259647736,964.8437500000001
14821,-0.5965829671147144,964.9088541666667
14822,-0.6448877684666502,964.9739583333334
14823,-0.5370484053977889,965.0390625000001
14824,-0.5840524420593677,965.1041666666667
14825,-0.6575784067544412,965.1692708333334
14826,-0.5576901734778469,965.2343750000001
14827,-0.5163038163152543,965.2994791666667
14828,-0.4994269444226284,965.3645833333334
14829,-0.5755825780279623,965.4296875000001
14830,-0.5070776207200255,965.4947916666667
14831,-0.40726830252196067,965.5598958333334
14832,-0.45820069300174443,965.6250000000001
14833,-0.3008920222872155,965.6901041666667
14834,-0.4287494136132594,965.7552083333334
14835,-0.38942936237166204,965.8203125000001
14836,-0.40348613230300007,965.8854166666667
14837,-0.35209782909570453,965.9505208333334
14838,-0.278004482629588,966.0156250000001
14839,-0.31574146371378836,966.0807291666667
14840,-0.265058918872527,966.1458333333334
14841,-0.3046213748305636,966.2109375000001
14842,-0.22017191457461718,966.2760416666667
14843,-0.09545761603478492,966.3411458333334
14844,-0.2613378438177005,966.4062500000001
14845,-0.1656663993343176,966.4713541666667
14846,-0.025807033997821645,966.5364583333334
14847,-0.062475063674232015,966.6015625000001
14848,0.016973642743065058,966.6666666666667
14849,-0.05861855483758851,966.7317708333334
14850,0.14475293945450698,966.7968750000001
14851,0.10741248208189003,966.8619791666667
14852,0.07946064830937664,966.9270833333334
14853,0.15101283901000556,966.9921875000001
14854,0.22009125876592417,967.0572916666667
14855,0.17144296813228047,967.1223958333334
14856,0.14832702199125114,967.1875000000001
14857,0.22910001196465446,967.2526041666667
14858,0.32660973155619233,967.3177083333334
14859,0.3156337745985758,967.3828125000001
14860,0.3584987303448203,967.4479166666667
14861,0.3617457275279161,967.5130208333334
14862,0.2783050723242866,967.5781250000001
14863,0.40413063934706345,967.6432291666667
14864,0.41757069443358363,967.7083333333334
14865,0.5194097528156217,967.7734375000001
14866,0.5040146286189873,967.8385416666667
14867,0.4473678108281869,967.9036458333334
14868,0.589875913641227,967.9687500000001
14869,0.5549133231426889,968.0338541666667
14870,0.5101950769423824,968.0989583333334
14871,0.557294090256557,968.1640625000001
14872,0.6384946409681376,968.2291666666667
14873,0.6683156088293595,968.2942708333334
14874,0.6718876519159931,968.3593750000001
14875,0.5991245733269136,968.4244791666667
14876,0.7302495407941725,968.4895833333334
14877,0.75740922623282,968.5546875000001
14878,0.7632372245560404,968.6197916666667
14879,0.7623400731336932,968.6848958333334
14880,0.7986087300811032,968.7500000000001
14881,0.9401229332948756,968.8151041666667
14882,0.8837935290642378,968.8802083333334
14883,0.9110313245298866,968.9453125000001
14884,0.8730322205141153,969.0104166666667
14885,0.903634468143946,969.0755208333334
14886,0.99189250670314,969.1406250000001
14887,0.884840663773216,969.2057291666667
14888,0.9295299614786883,969.2708333333334
14889,1.089228581343429,969.3359375000001
14890,0.8614584417620751,969.4010416666667
14891,1.0937075114637824,969.4661458333334
14892,1.0693728878956006,969.5312500000001
14893,1.045164336746315,969.5963541666667
14894,0.9792395277692902,969.6614583333334
14895,0.9692615705471711,969.7265625000001
14896,1.0185002878523401,969.7916666666667
14897,1.0728098093237453,969.8567708333334
14898,1.0666829072038204,969.9218750000001
14899,1.1412770672286754,969.9869791666667
14900,1.0508009008197525,970.0520833333334
14901,1.0240739965905479,970.1171875000001
14902,1.1637885546481914,970.1822916666667
14903,1.0609259436939942,970.2473958333334
14904,1.0410448633765117,970.3125000000001
14905,1.0143291406615023,970.3776041666667
14906,1.1579499219970195,970.4427083333334
14907,1.0876001658963097,970.5078125000001
14908,1.0713985892708304,970.5729166666667
14909,1.1889578956087554,970.6380208333334
14910,1.1339686938264801,970.7031250000001
14911,1.016836249130932,970.7682291666667
14912,1.2272327220933263,970.8333333333334
14913,1.1839079040652347,970.8984375000001
14914,1.1150165370551384,970.9635416666667
14915,1.2082011396458288,971.0286458333334
14916,1.1883693800585955,971.0937500000001
14917,1.0703103784461823,971.1588541666667
14918,1.1158484605847538,971.2239583333334
14919,1.1708645709392689,971.2890625000001
14920,0.9876112133118927,971.3541666666667
14921,1.2029731250110074,971.4192708333334
14922,1.1078829094072464,971.4843750000001
14923,1.0628602325656644,971.5494791666667
14924,1.111367285444469,971.6145833333334
14925,1.0597952602631704,971.6796875000001
14926,0.931271294092589,971.7447916666667
14927,1.1232193715705456,971.8098958333334
14928,1.1464429909933564,971.8750000000001
14929,0.9979261622680007,971.9401041666667
14930,1.04205324933639,972.0052083333334
14931,1.0503287586119954,972.0703125000001
14932,0.9992805304059036,972.1354166666667
14933,0.9144243027747151,972.2005208333334
14934,1.0327240941708389,972.2656250000001
14935,1.0278963088063264,972.3307291666667
14936,1.0123652957892337,972.3958333333334
14937,0.8873461469437781,972.4609375000001
14938,1.0393357497553728,972.5260416666667
14939,0.9140143609380543,972.5911458333334
14940,0.8284319349364362,972.6562500000001
14941,0.8401475802083885,972.7213541666667
14942,0.8629002081846064,972.7864583333334
14943,0.8773871047697881,972.8515625000001
14944,0.7092467521260226,972.9166666666667
14945,0.7987534690584244,972.9817708333334
14946,0.6985656181256699,973.0468750000001
14947,0.6769965182112734,973.1119791666667
14948,0.7486349419701738,973.1770833333334
14949,0.7615188227339549,973.2421875000001
14950,0.585965975608087,973.3072916666667
14951,0.630219265010687,973.3723958333334
14952,0.6516452656785072,973.4375000000001
14953,0.6266035895872841,973.5026041666667
14954,0.5151771464094985,973.5677083333334
14955,0.4536194032796405,973.6328125000001
14956,0.5253174637439356,973.6979166666667
14957,0.4590564956985825,973.7630208333334
14958,0.5470713313598301,973.8281250000001
14959,0.4828429930277973,973.8932291666667
14960,0.47658211180779014,973.9583333333334
14961,0.3447139460309214,974.0234375000001
14962,0.37636432105707085,974.0885416666667
14963,0.3353257888783315,974.1536458333334
14964,0.40641241810578826,974.2187500000001
14965,0.282790217317132,974.2838541666667
14966,0.2849539347864196,974.3489583333334
14967,0.11193195229739639,974.4140625000001
14968,0.3657893890025986,974.4791666666667
14969,0.30412235508159124,974.5442708333334
14970,0.23547630878884146,974.6093750000001
14971,0.16160057060259983,974.6744791666667
14972,0.044409185638447306,974.7395833333334
14973,0.09042326673725093,974.8046875000001
14974,0.10459963493711626,974.8697916666667
14975,-0.035837565615078545,974.9348958333334
14976,-0.00046383768628167037,975.0000000000001
14977,-0.161216473276102,975.0651041666667
14978,0.03677994948098011,975.1302083333334
14979,-0.0037961024600387727,975.1953125000001
14980,-0.13910535184168302,975.2604166666667
14981,-0.10426020827513109,975.3255208333334
14982,-0.2249210996246739,975.3906250000001
14983,-0.21525202928011122,975.4557291666667
14984,-0.24967970916877794,975.5208333333334
14985,-0.2176424685985314,975.5859375000001
14986,-0.20869387347715973,975.6510416666667
14987,-0.18156529289072604,975.7161458333334
14988,-0.16292764046245356,975.7812500000001
14989,-0.42457423008520745,975.8463541666667
14990,-0.42220537309407524,975.9114583333334
14991,-0.37758851102465424,975.9765625000001
14992,-0.43234122143629006,976.0416666666667
14993,-0.3702775531631232,976.1067708333334
14994,-0.49972921492156513,976.1718750000001
14995,-0.5378216737866972,976.2369791666667
14996,-0.5295059205794572,976.3020833333334
14997,-0.5849451845845398,976.3671875000001
14998,-0.556098544869059,976.4322916666667
14999,-0.5520470018954278,976.4973958333334
15000,-0.5968224669406517,976.5625000000001
15001,-0.5520197637183291,976.6276041666667
15002,-0.6657230841526686,976.6927083333334
15003,-0.7250736159851733,976.7578125000001
15004,-0.7619221397188104,976.8229166666667
15005,-0.7256287301915769,976.8880208333334
15006,-0.6427416135943124,976.9531250000001
15007,-0.7387264866239548,977.0182291666667
15008,-0.7948298319666912,977.0833333333334
15009,-0.7830462487644188,977.1484375000001
15010,-0.8300065317521046,977.2135416666667
15011,-0.7478226945806971,977.2786458333334
15012,-0.7881695968819085,977.3437500000001
15013,-0.838599040826314,977.4088541666667
15014,-0.9442018074107215,977.4739583333334
15015,-0.9894730417607154,977.5390625000001
15016,-0.9105394353819384,977.6041666666667
15017,-0.9551876851923918,977.6692708333334
15018,-0.8937459145726526,977.7343750000001
15019,-1.0445748034108964,977.7994791666667
15020,-0.8864976243091406,977.8645833333334
15021,-0.934827782445088,977.9296875000001
15022,-0.9982642316258621,977.9947916666667
15023,-0.9458402072854719,978.0598958333334
15024,-1.0403771271435007,978.1250000000001
15025,-1.0391090076182719,978.1901041666667
15026,-1.0050220209477443,978.2552083333334
15027,-1.0900068077628708,978.3203125000001
15028,-1.0193024142975164,978.3854166666667
15029,-1.0042984975599034,978.4505208333334
15030,-1.1939008735474,978.5156250000001
15031,-1.0919131368861312,978.5807291666667
15032,-0.9886688336199678,978.6458333333334
15033,-1.1092296643741155,978.7109375000001
15034,-1.0660283054640536,978.7760416666667
15035,-1.0598492299289624,978.8411458333334
15036,-1.06138926089617,978.9062500000001
15037,-0.9950149601936631,978.9713541666667
15038,-1.099521402374602,979.0364583333334
15039,-1.1094523860548442,979.1015625000001
15040,-0.9765417785453261,979.1666666666667
15041,-1.0604859481098121,979.2317708333334
15042,-1.0939890669107266,979.2968750000001
15043,-1.0653721443693716,979.3619791666667
15044,-1.0887874604468832,979.4270833333334
15045,-1.186164637948489,979.4921875000001
15046,-1.100793976680239,979.5572916666667
15047,-1.0024466765210702,979.6223958333334
15048,-1.0490852679063531,979.6875000000001
15049,-1.116725471589894,979.7526041666667
15050,-1.0830023656363734,979.8177083333334
15051,-0.9388846750131531,979.8828125000001
15052,-1.0598948042474647,979.9479166666667
15053,-0.9648563533849631,980.0130208333334
15054,-1.0537739308415934,980.0781250000001
15055,-1.0322637477499068,980.1432291666667
15056,-0.9245560304132636,980.2083333333334
15057,-0.9648476882547762,980.2734375000001
15058,-0.9896546448337491,980.3385416666667
15059,-1.0142757338970168,980.4036458333334
15060,-0.9708966801388192,980.4687500000001
15061,-0.9466216702518598,980.5338541666667
15062,-0.9966368301699219,980.5989583333334
15063,-0.9113826407519,980.6640625000001
15064,-0.9483334020617881,980.7291666666667
15065,-0.8629499998952247,980.7942708333334
15066,-0.8769164106083553,980.8593750000001
15067,-0.8639726889902593,980.9244791666667
15068,-0.8356085174266081,980.9895833333334
15069,-0.7996455219474096,981.0546875000001
15070,-0.7246803286694209,981.1197916666667
15071,-0.7746744415240967,981.1848958333334
15072,-0.7055524666954819,981.2500000000001
15073,-0.7044703344591692,981.3151041666667
15074,-0.6923607269033228,981.3802083333334
15075,-0.6063775755086254,981.4453125000001
15076,-0.6072125231377439,981.5104166666667
15077,-0.6637413466507222,981.5755208333334
15078,-0.48559761091070996,981.6406250000001
15079,-0.6502390597431241,981.7057291666667
15080,-0.6338442857628834,981.7708333333334
15081,-0.5542145175537091,981.8359375000001
15082,-0.550406530390785,981.9010416666667
15083,-0.5918365299905485,981.9661458333334
15084,-0.5963668587319515,982.0312500000001
15085,-0.45008001048928986,982.0963541666667
15086,-0.5058813892824392,982.1614583333334
15087,-0.3985678294080472,982.2265625000001
15088,-0.45198983355008454,982.2916666666667
15089,-0.33792036012879656,982.3567708333334
15090,-0.4574146174585471,982.4218750000001
15091,-0.203840500285455,982.4869791666667
15092,-0.234242482096413,982.5520833333334
15093,-0.1884331985028217,982.6171875000001
15094,-0.2936790381304465,982.6822916666667
15095,-0.2346054672150895,982.7473958333334
15096,-0.14672675787508702,982.8125000000001
15097,-0.13361122393830666,982.8776041666667
15098,-0.25763022654812395,982.9427083333334
15099,-0.03897510151561727,983.0078125000001
15100,-0.12040414597449152,983.0729166666667
15101,-0.08948323702317237,983.1380208333334
15102,-0.0832529036782939,983.2031250000001
15103,0.010892358296029431,983.2682291666667
15104,-0.00900310997682974,983.3333333333334
15105,0.050307795389342366,983.3984375000001
15106,-0.03526524316957093,983.4635416666667
15107,0.06664060682978755,983.5286458333334
15108,0.1534567269503208,983.5937500000001
15109,0.08828266706161726,983.6588541666667
15110,0.0980594794733242,983.7239583333334
15111,0.17325473737497812,983.7890625000001
15112,0.14168224306825244,983.8541666666667
15113,0.2233225423482417,983.9192708333334
15114,0.22976576951955477,983.9843750000001
15115,0.2557197967745144,984.0494791666667
15116,0.1705480350412131,984.1145833333334
15117,0.305578766737815,984.1796875000001
15118,0.3858839944092266,984.2447916666667
15119,0.2657277662343302,984.3098958333334
15120,0.4399258779416548,984.3750000000001
15121,0.541604318495013,984.4401041666667
15122,0.49236564765049945,984.5052083333334
15123,0.41910133519506304,984.5703125000001
15124,0.41413306882060846,984.6354166666667
15125,0.5472559639315739,984.7005208333334
15126,0.5270086653346902,984.7656250000001
15127,0.5412432365221475,984.8307291666667
15128,0.5109609776736179,984.8958333333334
15129,0.6370474942957346,984.9609375000001
15130,0.5245792536905031,985.0260416666667
15131,0.554496132245836,985.0911458333334
15132,0.6412962413016449,985.1562500000001
15133,0.7583936704257265,985.2213541666667
15134,0.6320592143438786,985.2864583333334
15135,0.7102469900378447,985.3515625000001
15136,0.7843550334738468,985.4166666666667
15137,0.8171006308896472,985.4817708333334
15138,0.819222649482409,985.5468750000001
15139,0.6293109114013498,985.6119791666667
15140,0.8347756856898398,985.6770833333334
15141,0.7943105938695572,985.7421875000001
15142,0.8216890371067251,985.8072916666667
15143,0.918607516579758,985.8723958333334
15144,0.8298952993518834,985.9375000000001
15145,0.8942546546168735,986.0026041666667
15146,0.8472585764705723,986.0677083333334
15147,0.955812214580245,986.1328125000001
15148,0.8754338244030409,986.1979166666667
15149,0.9079155674643662,986.2630208333334
15150,0.8482185574193419,986.3281250000001
15151,0.870953154051927,986.3932291666667
15152,0.8978290110206049,986.4583333333334
15153,0.9064926413608374,986.5234375000001
15154,0.9762228115088815,986.5885416666667
15155,1.0052006115672214,986.6536458333334
15156,0.9869202413527616,986.7187500000001
15157,0.967104821223557,986.7838541666667
15158,0.96068998279837,986.8489583333334
15159,0.9261509913314063,986.9140625000001
15160,1.0176875906282983,986.9791666666667
15161,1.0965047607573495,987.0442708333334
15162,0.9772797853257044,987.1093750000001
15163,1.0164217323375213,987.1744791666667
15164,1.0087456694705825,987.2395833333334
15165,0.9918066605258775,987.3046875000001
15166,1.0034300475337694,987.3697916666667
15167,1.022329415897683,987.4348958333334
15168,0.9103497745440076,987.5000000000001
15169,0.9665072970328437,987.5651041666667
15170,0.9841875056060886,987.6302083333334
15171,1.0295612636717504,987.6953125000001
15172,1.0244391902895966,987.7604166666667
15173,0.9824892360748413,987.8255208333334
15174,0.9825277289447638,987.8906250000001
15175,0.9626688335005946,987.9557291666667
15176,0.9581455309717831,988.0208333333334
15177,0.8794961373917433,988.0859375000001
15178,0.9640489477876973,988.1510416666667
15179,0.9165997507848027,988.2161458333334
15180,1.023263749256144,988.2812500000001
15181,0.8800378449805045,988.3463541666667
15182,0.9757392713841603,988.4114583333334
15183,0.9942928169291352,988.4765625000001
15184,0.9530574856779029,988.5416666666667
15185,0.9613324514760248,988.6067708333334
15186,0.9359766935717029,988.6718750000001
15187,0.8113001589556654,988.7369791666667
15188,0.7995691557039196,988.8020833333334
15189,0.8717328148392536,988.8671875000001
15190,0.8470640067813605,988.9322916666667
15191,0.7744026308690766,988.9973958333334
15192,0.8285635699436307,989.0625000000001
15193,0.7650515752122952,989.1276041666667
15194,0.8368857928910042,989.1927083333334
15195,0.7917201189356762,989.2578125000001
15196,0.6944751419229086,989.3229166666667
15197,0.7897185171289635,989.3880208333334
15198,0.7318993039699673,989.4531250000001
15199,0.6682872884478048,989.5182291666667
15200,0.6644738976668231,989.5833333333334
15201,0.7169345235505498,989.6484375000001
15202,0.6228812017779073,989.7135416666667
15203,0.623214986535946,989.7786458333334
15204,0.5196429327514656,989.8437500000001
15205,0.556660811539124,989.9088541666667
15206,0.6259243911841563,989.9739583333334
15207,0.5228110904916358,990.0390625000001
15208,0.4787559447567647,990.1041666666667
15209,0.5120424625758747,990.1692708333334
15210,0.5154300391991256,990.2343750000001
15211,0.4800301243792699,990.2994791666667
15212,0.42731600873747433,990.3645833333334
15213,0.3841418044070871,990.4296875000001
15214,0.36563479461391957,990.4947916666667
15215,0.4821136345785392,990.5598958333334
15216,0.3106652672864767,990.6250000000001
15217,0.4084395625329428,990.6901041666667
15218,0.2989829767331666,990.7552083333334
15219,0.4303560185408636,990.8203125000001
15220,0.2912660454828194,990.8854166666667
15221,0.24864679772671258,990.9505208333334
15222,0.24546704855187082,991.0156250000001
15223,0.28433565707276687,991.0807291666667
15224,0.14229234899129312,991.1458333333334
15225,0.1705683775534123,991.2109375000001
15226,0.09581549232181887,991.2760416666667
15227,0.13278036175016586,991.3411458333334
15228,0.17666604900708918,991.4062500000001
15229,0.036139671780380085,991.4713541666667
15230,0.05863411106976648,991.5364583333334
15231,0.10036468459575061,991.6015625000001
15232,-0.051208184181563664,991.6666666666667
15233,-0.04668013835711177,991.7317708333334
15234,-0.04822306494078596,991.7968750000001
15235,-0.07538297201626717,991.8619791666667
15236,-0.08308095979393691,991.9270833333334
15237,-0.07926534947636332,991.9921875000001
15238,-0.11772848158527485,992.0572916666667
15239,-0.18459474027975697,992.1223958333334
15240,-0.14352243510605497,992.1875000000001
15241,-0.19653036803597224,992.2526041666667
15242,-0.29103099021567497,992.3177083333334
15243,-0.321327819220461,992.3828125000001
15244,-0.3062644288955396,992.4479166666667
15245,-0.40506699937179463,992.5130208333334
15246,-0.27891103008731366,992.5781250000001
15247,-0.3102548696429897,992.6432291666667
15248,-0.37381443310954005,992.7083333333334
15249,-0.3578599396880436,992.7734375000001
15250,-0.4170903101214019,992.8385416666667
15251,-0.3385409660423173,992.9036458333334
15252,-0.48558430003792225,992.9687500000001
15253,-0.4571241744185982,993.0338541666667
15254,-0.4530652328397793,993.0989583333334
15255,-0.45928899912964066,993.1640625000001
15256,-0.5568457217262696,993.2291666666667
15257,-0.5622459315048312,993.2942708333334
15258,-0.5266285071599544,993.3593750000001
15259,-0.683398428947679,993.4244791666667
15260,-0.6072480910650149,993.4895833333334
15261,-0.5718027205950706,993.5546875000001
15262,-0.6323009720483564,993.6197916666667
15263,-0.6348738781612668,993.6848958333334
15264,-0.642519507380131,993.7500000000001
15265,-0.6763008533939033,993.8151041666667
15266,-0.7378647801281096,993.8802083333334
15267,-0.6706685510447039,993.9453125000001
15268,-0.7516400941115897,994.0104166666667
15269,-0.7382388540376349,994.0755208333334
15270,-0.8632958812440611,994.1406250000001
15271,-0.7377114589293815,994.2057291666667
15272,-0.7194229810827969,994.2708333333334
15273,-0.7766751798840323,994.3359375000001
15274,-0.7393376473055253,994.4010416666667
15275,-0.8987704635094372,994.4661458333334
15276,-0.767988445837418,994.5312500000001
15277,-0.7834251788503719,994.5963541666667
15278,-0.8039483687229614,994.6614583333334
15279,-0.7959390218718406,994.7265625000001
15280,-0.842590125763177,994.7916666666667
15281,-0.8751337486930207,994.8567708333334
15282,-0.8719022066953072,994.9218750000001
15283,-0.8491457082348273,994.9869791666667
15284,-0.9312764869849126,995.0520833333334
15285,-0.8938217937207468,995.1171875000001
15286,-0.9640884577388182,995.1822916666667
15287,-0.8809196260254901,995.2473958333334
15288,-0.838624503099972,995.3125000000001
15289,-0.913744685309976,995.3776041666667
15290,-0.8714700245920546,995.4427083333334
15291,-0.9130596658871976,995.5078125000001
15292,-0.9048601857712424,995.5729166666667
15293,-0.9157076907931003,995.6380208333334
15294,-0.8901068839371383,995.7031250000001
15295,-0.8757661711911583,995.7682291666667
15296,-0.8694357193189753,995.8333333333334
15297,-0.9280066371936045,995.8984375000001
15298,-0.9366084514253243,995.9635416666667
15299,-0.9048949395637457,996.0286458333334
15300,-0.864099105054428,996.0937500000001
15301,-0.9481559794215183,996.1588541666667
15302,-0.9322575924380785,996.2239583333334
15303,-0.8513378264747045,996.2890625000001
15304,-0.8774388168575438,996.3541666666667
15305,-0.900572460054714,996.4192708333334
15306,-0.9124597179281204,996.4843750000001
15307,-0.8189704525031858,996.5494791666667
15308,-0.804569827849279,996.6145833333334
15309,-0.8268987367889455,996.6796875000001
15310,-1.0338109316063837,996.7447916666667
15311,-0.7966033649080065,996.8098958333334
15312,-0.8255350028845232,996.8750000000001
15313,-0.8399138084677191,996.9401041666667
15314,-0.743316130776936,997.0052083333334
15315,-0.8039985840043745,997.0703125000001
15316,-0.8394380607159405,997.1354166666667
15317,-0.781431909082774,997.2005208333334
15318,-0.7379641066392006,997.2656250000001
15319,-0.7115345686292462,997.3307291666667
15320,-0.7856708209410496,997.3958333333334
15321,-0.6743572222997481,997.4609375000001
15322,-0.723934281040231,997.5260416666667
15323,-0.6832616733160624,997.5911458333334
15324,-0.7005470015955136,997.6562500000001
15325,-0.6840603988518833,997.7213541666667
15326,-0.7116969911348248,997.7864583333334
15327,-0.6754007009465562,997.8515625000001
15328,-0.5943097572095583,997.9166666666667
15329,-0.6645729167519268,997.9817708333334
15330,-0.5403002807760305,998.0468750000001
15331,-0.5510425963997911,998.1119791666667
15332,-0.6087932888604615,998.1770833333334
15333,-0.5323650829365284,998.2421875000001
15334,-0.590755473051013,998.3072916666667
15335,-0.5276524070031731,998.3723958333334
15336,-0.49095633060960725,998.4375000000001
15337,-0.4671637023566851,998.5026041666667
15338,-0.4879037667081905,998.5677083333334
15339,-0.4541162977109596,998.6328125000001
15340,-0.44382531464147146,998.6979166666667
15341,-0.48851355148037623,998.7630208333334
15342,-0.37115473475870436,998.8281250000001
15343,-0.2923602577500626,998.8932291666667
15344,-0.30562367051304745,998.9583333333334
15345,-0.2739008267694015,999.0234375000001
15346,-0.26229295976438666,999.0885416666667
15347,-0.21560559702369447,999.1536458333334
15348,-0.2752785924094528,999.2187500000001
15349,-0.1806451003646668,999.2838541666667
15350,-0.2566928370412933,999.3489583333334
15351,-0.1832956268401659,999.4140625000001
15352,-0.13969094861543957,999.4791666666667
15353,-0.10125755951201725,999.5442708333334
15354,-0.09165130646406676,999.6093750000001
15355,-0.01885686712724041,999.6744791666667
15356,-0.06523400379280019,999.7395833333334
15357,-0.07280231377098473,999.8046875000001
15358,-0.07929867939647364,999.8697916666667
15359,-0.025934298511658533,999.9348958333334
