,amplitude (in pu),timestamps (in ms),parameters,values
0,0.0064201285030323334,0.0,waveform frequency,60
1,0.022232356788369587,0.010850694444444444,signal duration in ms,166.66666666666666
2,0.05265376762335745,0.021701388888888888,signal sample per cycle,256
3,0.07102496519247907,0.03255208333333333,noise level in sd,0.005
4,0.09733024971810492,0.043402777777777776,flicker alpha,0.15
5,0.12510832529658691,0.054253472222222224,flicker beta,5
6,0.14841144528415046,0.06510416666666666
7,0.16600879967452123,0.0759548611111111
8,0.19555110482195645,0.08680555555555555
9,0.21427341240956127,0.09765625
10,0.2374177853508525,0.10850694444444445
11,0.25648909276539417,0.11935763888888888
12,0.2956869660501268,0.13020833333333331
13,0.32930941985849443,0.14105902777777776
14,0.3399170420456877,0.1519097222222222
15,0.3566621093932468,0.16276041666666666
16,0.38106598337274067,0.1736111111111111
17,0.39900254980238004,0.18446180555555555
18,0.4342037674543832,0.1953125
19,0.4514303951665315,0.20616319444444445
20,0.47561440472231753,0.2170138888888889
21,0.5062454512029559,0.22786458333333331
22,0.5208848839451582,0.23871527777777776
23,0.533304168134391,0.2495659722222222
24,0.5611754499796384,0.26041666666666663
25,0.5682744230998715,0.2712673611111111
26,0.5981915936103464,0.2821180555555555
27,0.6234571456545954,0.29296875
28,0.6379422901116272,0.3038194444444444
29,0.6587173039822968,0.3146701388888889
30,0.6712847068544392,0.3255208333333333
31,0.693894075947621,0.3363715277777778
32,0.7074203264147636,0.3472222222222222
33,0.732149583832997,0.35807291666666663
34,0.7531945574278139,0.3689236111111111
35,0.7558578238292308,0.3797743055555555
36,0.7768585535083072,0.390625
37,0.8025323411709128,0.4014756944444444
38,0.8186204193164665,0.4123263888888889
39,0.8224215102178227,0.4231770833333333
40,0.8349681024071577,0.4340277777777778
41,0.8520196747493275,0.4448784722222222
42,0.8716512252667475,0.45572916666666663
43,0.8798201780674292,0.4665798611111111
44,0.8911438998933642,0.4774305555555555
45,0.9081941370018943,0.48828125
46,0.9148943224056646,0.4991319444444444
47,0.9318740283102748,0.5099826388888888
48,0.9371902606387612,0.5208333333333333
49,0.9461639957802989,0.5316840277777778
50,0.9546794704237774,0.5425347222222222
51,0.959230637285769,0.5533854166666666
52,0.978265784233149,0.564236111111111
53,0.9790125998630533,0.5750868055555556
54,0.9935628258479077,0.5859375
55,0.9987769713133948,0.5967881944444444
56,1.0005458394881297,0.6076388888888888
57,1.0018071831618085,0.6184895833333333
58,1.0034378775675135,0.6293402777777778
59,1.0077018045217894,0.6401909722222222
60,1.019278051272411,0.6510416666666666
61,1.0225491428901083,0.661892361111111
62,1.0186353596492388,0.6727430555555556
63,1.0179249001518087,0.68359375
64,1.012553141059921,0.6944444444444444
65,1.0197467913848957,0.7052951388888888
66,1.0159364000420232,0.7161458333333333
67,1.020075665319197,0.7269965277777778
68,1.021529775095259,0.7378472222222222
69,1.018477525856119,0.7486979166666666
70,1.0124365347398785,0.759548611111111
71,1.0016799750505194,0.7703993055555556
72,1.010571469945993,0.78125
73,1.0019550896543197,0.7921006944444444
74,0.991480393873676,0.8029513888888888
75,0.9845104718365191,0.8138020833333333
76,0.9794001744566206,0.8246527777777778
77,0.9749854793727771,0.8355034722222222
78,0.9651800802312003,0.8463541666666666
79,0.9497791181606503,0.857204861111111
80,0.9465783779226821,0.8680555555555556
81,0.9427109062348903,0.87890625
82,0.9284786313191894,0.8897569444444444
83,0.9211529127602954,0.9006076388888888
84,0.9039517758364802,0.9114583333333333
85,0.8925581343636223,0.9223090277777778
86,0.8748094475654614,0.9331597222222222
87,0.8650633942293384,0.9440104166666666
88,0.8564204493447444,0.954861111111111
89,0.8452297399888563,0.9657118055555555
90,0.8247294973362265,0.9765625
91,0.8149448803215542,0.9874131944444444
92,0.7950910434766885,0.9982638888888888
93,0.7801563292421755,1.0091145833333333
94,0.7558640490744495,1.0199652777777777
95,0.7418630845563601,1.030815972222222
96,0.7393200484934972,1.0416666666666665
97,0.7026370979808736,1.0525173611111112
98,0.6879087936244835,1.0633680555555556
99,0.6706934307900184,1.07421875
100,0.6536486660659802,1.0850694444444444
101,0.6255472171157415,1.0959201388888888
102,0.6066246117739292,1.1067708333333333
103,0.5866567914202027,1.1176215277777777
104,0.5654459998440915,1.128472222222222
105,0.5510080092213198,1.1393229166666665
106,0.53637951029475,1.1501736111111112
107,0.5082773510989281,1.1610243055555556
108,0.4953702092586555,1.171875
109,0.4699972391881332,1.1827256944444444
110,0.44850391214643004,1.1935763888888888
111,0.4279882358104788,1.2044270833333333
112,0.3945788388050074,1.2152777777777777
113,0.37044467562183664,1.226128472222222
114,0.3474854449669409,1.2369791666666665
115,0.32904863650380284,1.2478298611111112
116,0.3002198889966984,1.2586805555555556
117,0.27661849239970787,1.26953125
118,0.250641129909936,1.2803819444444444
119,0.22906176835823555,1.2912326388888888
120,0.19003330246125077,1.3020833333333333
121,0.17691948876188782,1.3129340277777777
122,0.15329140467110783,1.323784722222222
123,0.11840375146447425,1.3346354166666665
124,0.09982880300810774,1.3454861111111112
125,0.06844107033343165,1.3563368055555556
126,0.05808372364662926,1.3671875
127,0.017932681141565467,1.3780381944444444
128,0.010489701123692154,1.3888888888888888
129,-0.024895828496359646,1.3997395833333333
130,-0.05489459453472851,1.4105902777777777
131,-0.07700283567656023,1.421440972222222
132,-0.10222347441389684,1.4322916666666665
133,-0.14158002451040277,1.4431423611111112
134,-0.15322350960300432,1.4539930555555556
135,-0.1716089750214548,1.46484375
136,-0.20283614011802703,1.4756944444444444
137,-0.2296981492914115,1.4865451388888888
138,-0.24576457462903903,1.4973958333333333
139,-0.2807887222751549,1.5082465277777777
140,-0.30983677171322943,1.519097222222222
141,-0.3156373626908464,1.5299479166666665
142,-0.3484551009759329,1.5407986111111112
143,-0.3800156424446267,1.5516493055555556
144,-0.3979204986211313,1.5625
145,-0.41564697768491,1.5733506944444444
146,-0.451034150678921,1.5842013888888888
147,-0.4680186027132857,1.5950520833333333
148,-0.4926393990806413,1.6059027777777777
149,-0.5102105656943933,1.616753472222222
150,-0.5439545159999799,1.6276041666666665
151,-0.5619796640701562,1.6384548611111112
152,-0.5808420633004043,1.6493055555555556
153,-0.5971714915062479,1.66015625
154,-0.6245824740036956,1.6710069444444444
155,-0.6430974337861362,1.6818576388888888
156,-0.6644758112140315,1.6927083333333333
157,-0.6765260821948423,1.7035590277777777
158,-0.7025345341638541,1.714409722222222
159,-0.7274820189267076,1.7252604166666665
160,-0.7435314947316308,1.7361111111111112
161,-0.7537720540040349,1.7469618055555556
162,-0.774472595481288,1.7578125
163,-0.7895135644497483,1.7686631944444444
164,-0.8137955485398665,1.7795138888888888
165,-0.8300593448808661,1.7903645833333333
166,-0.8446362482784153,1.8012152777777777
167,-0.8644690899693785,1.812065972222222
168,-0.8735334516079403,1.8229166666666665
169,-0.8881608573228423,1.833767361111111
170,-0.8997891602992646,1.8446180555555556
171,-0.9113481333738365,1.85546875
172,-0.9272407315144138,1.8663194444444444
173,-0.9372603716804,1.8771701388888888
174,-0.9549045069778117,1.8880208333333333
175,-0.9771716376507066,1.8988715277777777
176,-0.9785373539626642,1.909722222222222
177,-0.9891123372389102,1.9205729166666665
178,-1.0055577699205291,1.931423611111111
179,-0.9883418011042838,1.9422743055555556
180,-1.0118414631914547,1.953125
181,-1.0169189513363257,1.9639756944444444
182,-1.0254818064670366,1.9748263888888888
183,-1.0279163942575935,1.9856770833333333
184,-1.0358444158351017,1.9965277777777777
185,-1.041673716246091,2.0073784722222223
186,-1.0420727188766685,2.0182291666666665
187,-1.0463494053681581,2.029079861111111
188,-1.0510071114128432,2.0399305555555554
189,-1.055985436462646,2.05078125
190,-1.0576648979985568,2.061631944444444
191,-1.0583636640177359,2.072482638888889
192,-1.0511689882910071,2.083333333333333
193,-1.0581399538013052,2.0941840277777777
194,-1.0608669872603615,2.1050347222222223
195,-1.0554222562828008,2.1158854166666665
196,-1.0518323827235752,2.126736111111111
197,-1.0495837235614527,2.1375868055555554
198,-1.0503535370577164,2.1484375
199,-1.0475086290188442,2.159288194444444
200,-1.0461392182915052,2.170138888888889
201,-1.0398806980636215,2.180989583333333
202,-1.0224064449785502,2.1918402777777777
203,-1.0230966664135264,2.2026909722222223
204,-1.0162256418840312,2.2135416666666665
205,-1.0054712488670596,2.224392361111111
206,-0.9945736725641506,2.2352430555555554
207,-0.9880785290769589,2.24609375
208,-0.9855375051913707,2.256944444444444
209,-0.9719221109522058,2.267795138888889
210,-0.9584929432351009,2.278645833333333
211,-0.9461966816978965,2.2894965277777777
212,-0.9418641558601659,2.3003472222222223
213,-0.9291919875372886,2.3111979166666665
214,-0.9170739055214863,2.322048611111111
215,-0.8974886935121353,2.3328993055555554
216,-0.8908726217415887,2.34375
217,-0.8667493844915216,2.354600694444444
218,-0.8523185424323998,2.365451388888889
219,-0.8426007781388415,2.376302083333333
220,-0.8213612420178739,2.3871527777777777
221,-0.8020878066825118,2.3980034722222223
222,-0.7942431769068733,2.4088541666666665
223,-0.7687618552574733,2.419704861111111
224,-0.7582071566814508,2.4305555555555554
225,-0.7334736611769108,2.44140625
226,-0.7175778234782372,2.452256944444444
227,-0.6939507193977212,2.463107638888889
228,-0.6739550456397045,2.473958333333333
229,-0.6578071903269935,2.4848090277777777
230,-0.6298421593585841,2.4956597222222223
231,-0.6161300058608575,2.5065104166666665
232,-0.6003445711036841,2.517361111111111
233,-0.5702622844482917,2.5282118055555554
234,-0.5413087041586492,2.5390625
235,-0.5220346357489379,2.549913194444444
236,-0.5055640540586761,2.560763888888889
237,-0.48301694266561307,2.571614583333333
238,-0.46328859933736977,2.5824652777777777
239,-0.4396004959193416,2.5933159722222223
240,-0.4133325822838707,2.6041666666666665
241,-0.38249337527355104,2.615017361111111
242,-0.35850216758099557,2.6258680555555554
243,-0.3273115790440187,2.63671875
244,-0.3111728867279387,2.647569444444444
245,-0.2947547434703153,2.658420138888889
246,-0.26007533957349227,2.669270833333333
247,-0.23346766555548282,2.6801215277777777
248,-0.20430831735205196,2.6909722222222223
249,-0.18126108571028327,2.7018229166666665
250,-0.15610259463970216,2.712673611111111
251,-0.13617664898023984,2.7235243055555554
252,-0.11142704353657107,2.734375
253,-0.07171523684361171,2.745225694444444
254,-0.05415946734940217,2.756076388888889
255,-0.03333699598187995,2.766927083333333
256,-0.002643170481471492,2.7777777777777777
257,0.017322831648665018,2.7886284722222223
258,0.060455424739906276,2.7994791666666665
259,0.07540042192977997,2.810329861111111
260,0.10363096764657644,2.8211805555555554
261,0.12827515048984706,2.83203125
262,0.14948434843555433,2.842881944444444
263,0.1902300493055521,2.853732638888889
264,0.2140021408749439,2.864583333333333
265,0.24175030495922634,2.8754340277777777
266,0.25263887261422485,2.8862847222222223
267,0.2928144452925547,2.8971354166666665
268,0.3168036416145134,2.907986111111111
269,0.33735073358560336,2.9188368055555554
270,0.37219277624725344,2.9296875
271,0.3915910723796332,2.940538194444444
272,0.41515218348383465,2.951388888888889
273,0.4419394402394269,2.962239583333333
274,0.46620180628805713,2.9730902777777777
275,0.48703723213194267,2.9839409722222223
276,0.5052339715964631,2.9947916666666665
277,0.534744439702505,3.005642361111111
278,0.5483058443945255,3.0164930555555554
279,0.5753241416687621,3.02734375
280,0.5933327904857157,3.038194444444444
281,0.6253571149336192,3.049045138888889
282,0.6381530197664944,3.059895833333333
283,0.6660079977774331,3.0707465277777777
284,0.6989972900247616,3.0815972222222223
285,0.7117854314285172,3.0924479166666665
286,0.7258756089712234,3.103298611111111
287,0.7636713747269763,3.1141493055555554
288,0.7708828259653955,3.125
289,0.7840027699310708,3.135850694444444
290,0.809842806135512,3.146701388888889
291,0.8159691758625923,3.157552083333333
292,0.8376938584845836,3.1684027777777777
293,0.8486906258388031,3.1792534722222223
294,0.869127662472139,3.1901041666666665
295,0.8847005089488741,3.200954861111111
296,0.9044429598325074,3.2118055555555554
297,0.9147952046709088,3.22265625
298,0.9271872908075253,3.233506944444444
299,0.9500075225225711,3.244357638888889
300,0.9606794217916849,3.255208333333333
301,0.9692002529315581,3.2660590277777777
302,0.9866041224881009,3.2769097222222223
303,1.0006850372198448,3.2877604166666665
304,1.0129205197696127,3.298611111111111
305,1.0155054004489243,3.3094618055555554
306,1.0227985778014628,3.3203125
307,1.0288981310770267,3.331163194444444
308,1.040517794674399,3.342013888888889
309,1.0441750308878706,3.352864583333333
310,1.057815312401773,3.3637152777777777
311,1.0630486734901394,3.3745659722222223
312,1.0607374894831183,3.3854166666666665
313,1.0802048923413639,3.396267361111111
314,1.0807791916377962,3.4071180555555554
315,1.076657018801675,3.41796875
316,1.0819271594923041,3.428819444444444
317,1.084381152668531,3.439670138888889
318,1.0812921012513148,3.450520833333333
319,1.0896613923508118,3.4613715277777777
320,1.0981314846075947,3.4722222222222223
321,1.0910063892887198,3.4830729166666665
322,1.0879065287707839,3.493923611111111
323,1.079207329399471,3.5047743055555554
324,1.0839231410126895,3.515625
325,1.0795046214754098,3.526475694444444
326,1.091291708347135,3.537326388888889
327,1.074358906613533,3.548177083333333
328,1.0681271590381833,3.5590277777777777
329,1.0584333075946624,3.569878472222222
330,1.0632761781055424,3.5807291666666665
331,1.0528984584185812,3.591579861111111
332,1.0480577953941852,3.6024305555555554
333,1.040533002000202,3.61328125
334,1.0247966420024106,3.624131944444444
335,1.0248176485030915,3.634982638888889
336,1.0194478025757436,3.645833333333333
337,1.0058383506181146,3.6566840277777777
338,0.9962227190371222,3.667534722222222
339,0.9721002164057894,3.6783854166666665
340,0.9688325641688323,3.689236111111111
341,0.9474558145738261,3.7000868055555554
342,0.9393363325875111,3.7109375
343,0.9261415950518205,3.721788194444444
344,0.9117272143568135,3.732638888888889
345,0.90322250505456,3.743489583333333
346,0.8856721145183821,3.7543402777777777
347,0.8572980008729596,3.765190972222222
348,0.8531895210310173,3.7760416666666665
349,0.8339906053557086,3.786892361111111
350,0.8161338436441707,3.7977430555555554
351,0.7932851573180897,3.80859375
352,0.7883988764398343,3.819444444444444
353,0.7660176115381948,3.830295138888889
354,0.7306545626877813,3.841145833333333
355,0.7167719254545721,3.8519965277777777
356,0.7064037772343172,3.862847222222222
357,0.6786964455121209,3.8736979166666665
358,0.6573065910719685,3.884548611111111
359,0.6302614527349624,3.8953993055555554
360,0.6104657379192086,3.90625
361,0.5852249053568676,3.917100694444444
362,0.5664069966349232,3.927951388888889
363,0.5407347421746369,3.938802083333333
364,0.519453013201525,3.9496527777777777
365,0.4921379709253489,3.960503472222222
366,0.4681472849777286,3.9713541666666665
367,0.4438032968937091,3.982204861111111
368,0.4192305820112911,3.9930555555555554
369,0.39986926844206744,4.00390625
370,0.3764210870451206,4.014756944444445
371,0.3437597909197137,4.025607638888888
372,0.32145633953216823,4.036458333333333
373,0.30188382074469694,4.047309027777778
374,0.27166716092012255,4.058159722222222
375,0.25076036237045735,4.069010416666667
376,0.20905131493506382,4.079861111111111
377,0.19723134917860546,4.090711805555555
378,0.16629707956319076,4.1015625
379,0.14271746937155078,4.112413194444445
380,0.12450826403637684,4.123263888888888
381,0.08820830767359664,4.134114583333333
382,0.04709132157075179,4.144965277777778
383,0.02806088678438615,4.155815972222222
384,-0.00461072260675938,4.166666666666666
385,-0.023343478693805993,4.177517361111111
386,-0.06225847435639757,4.188368055555555
387,-0.08507164156228407,4.19921875
388,-0.11517377454473994,4.210069444444445
389,-0.13590999226307363,4.220920138888888
390,-0.16142655423330704,4.231770833333333
391,-0.1903895756295822,4.242621527777778
392,-0.211801528631544,4.253472222222222
393,-0.24035650270338538,4.264322916666666
394,-0.2669848605837025,4.275173611111111
395,-0.3012926506872828,4.286024305555555
396,-0.32036799895451895,4.296875
397,-0.3382649283915575,4.307725694444445
398,-0.3751319817845098,4.318576388888888
399,-0.4096831793904877,4.329427083333333
400,-0.4206783290368542,4.340277777777778
401,-0.4441586648826254,4.351128472222222
402,-0.47167164228337083,4.361979166666666
403,-0.4977925436791261,4.372829861111111
404,-0.518268626414971,4.383680555555555
405,-0.5467965919416843,4.39453125
406,-0.576017955033191,4.405381944444445
407,-0.5976271801398558,4.416232638888888
408,-0.6223943636751009,4.427083333333333
409,-0.6338132737976506,4.437934027777778
410,-0.6631333407262326,4.448784722222222
411,-0.6848923019638433,4.459635416666666
412,-0.7006961570873004,4.470486111111111
413,-0.727290981607679,4.481336805555555
414,-0.7482183076362072,4.4921875
415,-0.7661646480999715,4.503038194444445
416,-0.781533497721062,4.513888888888888
417,-0.8136146480525052,4.524739583333333
418,-0.8279811897736277,4.535590277777778
419,-0.8453277886857276,4.546440972222222
420,-0.8569290096234303,4.557291666666666
421,-0.871834321276989,4.568142361111111
422,-0.8999476260282955,4.578993055555555
423,-0.9188923684362525,4.58984375
424,-0.9240628223358569,4.600694444444445
425,-0.9432817220795694,4.611545138888888
426,-0.9502574905101326,4.622395833333333
427,-0.973157211038177,4.633246527777778
428,-0.9911098340806757,4.644097222222222
429,-0.9827603938553555,4.654947916666666
430,-0.9943583270463938,4.665798611111111
431,-1.026847141418573,4.676649305555555
432,-1.0273868763414051,4.6875
433,-1.0456181142665595,4.698350694444445
434,-1.051672404974567,4.709201388888888
435,-1.066773770205611,4.720052083333333
436,-1.0692031186071247,4.730902777777778
437,-1.0890998991951473,4.741753472222222
438,-1.085512719779109,4.752604166666666
439,-1.0922397681173555,4.763454861111111
440,-1.0985489998560802,4.774305555555555
441,-1.0991428532836867,4.78515625
442,-1.1096913869357918,4.796006944444445
443,-1.117132490455108,4.806857638888888
444,-1.1174962600928873,4.817708333333333
445,-1.1208579697342305,4.828559027777778
446,-1.1193150455544552,4.839409722222222
447,-1.1172223430837287,4.850260416666666
448,-1.1186556228040359,4.861111111111111
449,-1.1182558629087205,4.871961805555555
450,-1.1160179668521601,4.8828125
451,-1.1224635192845018,4.893663194444445
452,-1.1153360815733173,4.904513888888888
453,-1.1099896751888965,4.915364583333333
454,-1.1113347383190681,4.926215277777778
455,-1.0991141084554286,4.937065972222222
456,-1.0930667867933226,4.947916666666666
457,-1.0962725474914177,4.958767361111111
458,-1.0927059217400994,4.969618055555555
459,-1.0895454169888765,4.98046875
460,-1.0634754882349022,4.991319444444445
461,-1.0569062513071839,5.002170138888888
462,-1.0538218955516723,5.013020833333333
463,-1.0403563709724983,5.023871527777778
464,-1.0371597040380385,5.034722222222222
465,-1.0236570751960519,5.045572916666666
466,-1.0197483442374569,5.056423611111111
467,-1.0030889114680255,5.067274305555555
468,-0.9870796022226607,5.078125
469,-0.9808123462056091,5.088975694444445
470,-0.9558835812311457,5.099826388888888
471,-0.9537567313689532,5.110677083333333
472,-0.9337377095627932,5.121527777777778
473,-0.9244328787838012,5.132378472222222
474,-0.9133269194227434,5.143229166666666
475,-0.8853702929541696,5.154079861111111
476,-0.8704938331812941,5.164930555555555
477,-0.8587241729724346,5.17578125
478,-0.8347436839287403,5.186631944444445
479,-0.8203825513417198,5.197482638888888
480,-0.7894962878027403,5.208333333333333
481,-0.7770708023877746,5.219184027777778
482,-0.7543558636659425,5.230034722222222
483,-0.7320666148103311,5.240885416666666
484,-0.715159782715391,5.251736111111111
485,-0.7036683272114277,5.262586805555555
486,-0.6702304931274976,5.2734375
487,-0.6464208993689669,5.284288194444445
488,-0.63240867231437,5.295138888888888
489,-0.5943247511199174,5.305989583333333
490,-0.5707047886796718,5.316840277777778
491,-0.552629582454447,5.327690972222222
492,-0.5296295586509681,5.338541666666666
493,-0.5120129224122676,5.349392361111111
494,-0.48118643465355315,5.360243055555555
495,-0.46027443636742144,5.37109375
496,-0.43261852820553776,5.381944444444445
497,-0.40317171180937467,5.392795138888888
498,-0.37552741217459845,5.403645833333333
499,-0.34711817384454796,5.414496527777778
500,-0.3224753170619417,5.425347222222222
501,-0.3007533505293399,5.436197916666666
502,-0.27463598345617873,5.447048611111111
503,-0.24416728082805259,5.457899305555555
504,-0.2307499427236303,5.46875
505,-0.18421635942544945,5.479600694444445
506,-0.16313549949303743,5.490451388888888
507,-0.1382234633980385,5.501302083333333
508,-0.11322530642585178,5.512152777777778
509,-0.08197328798730011,5.523003472222222
510,-0.05372062444822227,5.533854166666666
511,-0.028320109821672837,5.544704861111111
512,-0.00391919130501933,5.555555555555555
513,0.033984634169877896,5.56640625
514,0.05597580042328857,5.577256944444445
515,0.0908970247730934,5.588107638888888
516,0.1167038248199582,5.598958333333333
517,0.1444294667795519,5.609809027777778
518,0.1706188212172407,5.620659722222222
519,0.19051304281706516,5.631510416666666
520,0.21808570533221028,5.642361111111111
521,0.252909606385778,5.653211805555555
522,0.28209841606719355,5.6640625
523,0.3038380198227945,5.674913194444445
524,0.3319125709335725,5.685763888888888
525,0.3545663423924661,5.696614583333333
526,0.3783013768162076,5.707465277777778
527,0.405182824910818,5.718315972222222
528,0.4366308309328532,5.729166666666666
529,0.46891912326411506,5.740017361111111
530,0.47769426819038296,5.750868055555555
531,0.5114734618929194,5.76171875
532,0.5305551704636723,5.772569444444445
533,0.5486789889403434,5.783420138888888
534,0.5783711498072621,5.794270833333333
535,0.5955521777213832,5.805121527777778
536,0.6397378460087708,5.815972222222222
537,0.6583833328679662,5.826822916666666
538,0.6734055495603877,5.837673611111111
539,0.6888860447170292,5.848524305555555
540,0.7125442278131977,5.859375
541,0.7315175021047687,5.870225694444445
542,0.7616315542786652,5.881076388888888
543,0.7815640013155146,5.891927083333333
544,0.7934259682581423,5.902777777777778
545,0.8148422679723735,5.913628472222222
546,0.8349358367843142,5.924479166666666
547,0.8572416599489098,5.935329861111111
548,0.8790289261365578,5.946180555555555
549,0.8916146330125578,5.95703125
550,0.9076686938095687,5.967881944444445
551,0.9326693153880645,5.978732638888888
552,0.9439071334357394,5.989583333333333
553,0.9630559124776699,6.000434027777778
554,0.9799458133123858,6.011284722222222
555,0.9901182225435773,6.022135416666666
556,1.0044034070177732,6.032986111111111
557,1.0140518728088594,6.043836805555555
558,1.0211133639004764,6.0546875
559,1.0476114205757472,6.065538194444445
560,1.0570469456228333,6.076388888888888
561,1.0604436842322313,6.087239583333333
562,1.0775167905872427,6.098090277777778
563,1.077302224576958,6.108940972222222
564,1.0921339288674339,6.119791666666666
565,1.0937279820948322,6.130642361111111
566,1.1096163546114886,6.141493055555555
567,1.1093550902499325,6.15234375
568,1.1096862976033672,6.163194444444445
569,1.1271724705733623,6.174045138888888
570,1.1257325760115082,6.184895833333333
571,1.1361294115109002,6.195746527777778
572,1.1315233708328973,6.206597222222222
573,1.130087073187626,6.217447916666666
574,1.142048370642124,6.228298611111111
575,1.145998102303549,6.239149305555555
576,1.1316506915216324,6.25
577,1.1436573254849784,6.260850694444445
578,1.127791735173174,6.271701388888888
579,1.1320158126468172,6.282552083333333
580,1.1342958357049688,6.293402777777778
581,1.1304018659205854,6.304253472222222
582,1.1321965202270627,6.315104166666666
583,1.123086046917763,6.325954861111111
584,1.1060098173311943,6.336805555555555
585,1.1076018381908093,6.34765625
586,1.1062173858261506,6.358506944444445
587,1.100396583568932,6.369357638888888
588,1.097047773497066,6.380208333333333
589,1.0906506695895413,6.391059027777778
590,1.0736577053476264,6.401909722222222
591,1.07616664208429,6.412760416666666
592,1.0601718498463228,6.423611111111111
593,1.041839711109659,6.434461805555555
594,1.0277597820140782,6.4453125
595,1.0182497526708736,6.456163194444445
596,1.0086026883340693,6.467013888888888
597,0.996764217888517,6.477864583333333
598,0.9686503629677834,6.488715277777778
599,0.9500370216783661,6.499565972222222
600,0.9537367023134316,6.510416666666666
601,0.9287141794607078,6.521267361111111
602,0.9183556975846265,6.532118055555555
603,0.8920972328667574,6.54296875
604,0.8841729327489146,6.553819444444445
605,0.8578189829264126,6.564670138888888
606,0.8495456329351827,6.575520833333333
607,0.8357872717702277,6.586371527777778
608,0.814070630868656,6.597222222222222
609,0.7784352881152928,6.608072916666666
610,0.7730111175343849,6.618923611111111
611,0.7449375741349661,6.629774305555555
612,0.720993803836141,6.640625
613,0.6989334916651848,6.651475694444445
614,0.6811432963445191,6.662326388888888
615,0.6634497422110902,6.673177083333333
616,0.6387864834403,6.684027777777778
617,0.6128922291508212,6.694878472222222
618,0.5907294183458066,6.705729166666666
619,0.5706126381154272,6.716579861111111
620,0.5368705745894099,6.727430555555555
621,0.5218173590731361,6.73828125
622,0.49319770514817074,6.749131944444445
623,0.45997579428617635,6.759982638888888
624,0.4488462811073715,6.770833333333333
625,0.41616140536873475,6.781684027777778
626,0.39004004700392686,6.792534722222222
627,0.3599271307551081,6.803385416666666
628,0.3449204420642031,6.814236111111111
629,0.3018907590241678,6.825086805555555
630,0.2814545012441503,6.8359375
631,0.24274016548204713,6.846788194444445
632,0.21078523190381349,6.857638888888888
633,0.19775561046244233,6.868489583333333
634,0.15984745947293613,6.879340277777778
635,0.13947758610992686,6.890190972222222
636,0.12251112349449131,6.901041666666666
637,0.08541017141255812,6.911892361111111
638,0.055288738998343516,6.922743055555555
639,0.025799082484220467,6.93359375
640,-0.002648149335275824,6.944444444444445
641,-0.029939137304528997,6.955295138888888
642,-0.05388912658858021,6.966145833333333
643,-0.08415012695776362,6.976996527777778
644,-0.11408168104985598,6.987847222222222
645,-0.14188300818571625,6.998697916666666
646,-0.169632063612057,7.009548611111111
647,-0.19823170946520283,7.020399305555555
648,-0.22681208972991515,7.03125
649,-0.24601966220035118,7.042100694444444
650,-0.28561125905627466,7.052951388888888
651,-0.30776155559508295,7.063802083333333
652,-0.3290746709681713,7.074652777777778
653,-0.36064488215948093,7.085503472222222
654,-0.3903253422199338,7.096354166666666
655,-0.4170192107414366,7.107204861111111
656,-0.4439561379107889,7.118055555555555
657,-0.4701528497433807,7.12890625
658,-0.4921208519427792,7.139756944444444
659,-0.5204189617664409,7.150607638888888
660,-0.5435759769906101,7.161458333333333
661,-0.5606230666066229,7.172309027777778
662,-0.5815387607833905,7.183159722222222
663,-0.6215079720712404,7.194010416666666
664,-0.6418516015488867,7.204861111111111
665,-0.6592583165143776,7.215711805555555
666,-0.6820812284963514,7.2265625
667,-0.7126033744016697,7.237413194444444
668,-0.7256453627261702,7.248263888888888
669,-0.7549066084839592,7.259114583333333
670,-0.7757119944102625,7.269965277777778
671,-0.7950805073461574,7.280815972222222
672,-0.8033211478254735,7.291666666666666
673,-0.8291101103746445,7.302517361111111
674,-0.8520052535120561,7.313368055555555
675,-0.868150709578304,7.32421875
676,-0.888246110253966,7.335069444444444
677,-0.9063320490259794,7.345920138888888
678,-0.9340211442002818,7.356770833333333
679,-0.9417544562260313,7.367621527777778
680,-0.9479761323953487,7.378472222222222
681,-0.9741764611716949,7.389322916666666
682,-0.9905514264509125,7.400173611111111
683,-0.9970895811508923,7.411024305555555
684,-1.0052225825577958,7.421875
685,-1.0186776860485134,7.432725694444444
686,-1.037999222217247,7.443576388888888
687,-1.04344806432995,7.454427083333333
688,-1.060325501376749,7.465277777777778
689,-1.0656040669153728,7.476128472222222
690,-1.0902716081068955,7.486979166666666
691,-1.0882721525256935,7.497829861111111
692,-1.096344325451834,7.508680555555555
693,-1.091292378571057,7.51953125
694,-1.1206477334046756,7.530381944444444
695,-1.1161388667485113,7.541232638888888
696,-1.119716182491252,7.552083333333333
697,-1.1241206538860682,7.562934027777778
698,-1.138848905271321,7.573784722222222
699,-1.1480371969355645,7.584635416666666
700,-1.1344942719819204,7.595486111111111
701,-1.1464493234513793,7.606336805555555
702,-1.1433362396514226,7.6171875
703,-1.1499986638550257,7.628038194444444
704,-1.1445099922257542,7.638888888888888
705,-1.1492166739253709,7.649739583333333
706,-1.1497709339477458,7.660590277777778
707,-1.1397395567423703,7.671440972222222
708,-1.1436515980369077,7.682291666666666
709,-1.1485212247089798,7.693142361111111
710,-1.1350996708407728,7.703993055555555
711,-1.1236344408050787,7.71484375
712,-1.1182808140477534,7.725694444444444
713,-1.1222620280312803,7.736545138888888
714,-1.1212449538086204,7.747395833333333
715,-1.1166858785379459,7.758246527777778
716,-1.0904522657437514,7.769097222222222
717,-1.0908263067314046,7.779947916666666
718,-1.074315528951482,7.790798611111111
719,-1.081211845021652,7.801649305555555
720,-1.0684989820189097,7.8125
721,-1.0493604388012414,7.823350694444444
722,-1.0436261588235842,7.834201388888888
723,-1.0228918274474295,7.845052083333333
724,-1.0194568748901915,7.855902777777778
725,-0.9943946378481361,7.866753472222222
726,-0.9880615541347527,7.877604166666666
727,-0.9744635442238587,7.888454861111111
728,-0.9515192112868722,7.899305555555555
729,-0.9362348409009761,7.91015625
730,-0.9218788548162868,7.921006944444444
731,-0.9121671086460268,7.931857638888888
732,-0.8893197490456501,7.942708333333333
733,-0.8725035703498553,7.953559027777778
734,-0.857483458266185,7.964409722222222
735,-0.8319074974218447,7.975260416666666
736,-0.8176425716801471,7.986111111111111
737,-0.7926704602320597,7.996961805555555
738,-0.7853545967781219,8.0078125
739,-0.7475805435539977,8.018663194444445
740,-0.7292245726633971,8.02951388888889
741,-0.7141287027254772,8.040364583333334
742,-0.686071879352005,8.051215277777777
743,-0.6585585858415575,8.062065972222221
744,-0.6390187232088915,8.072916666666666
745,-0.622016887049791,8.08376736111111
746,-0.5866732516733051,8.094618055555555
747,-0.5555417115973472,8.10546875
748,-0.5457258396951513,8.116319444444445
749,-0.5127260061986011,8.12717013888889
750,-0.48709095638109245,8.138020833333334
751,-0.4648887265268815,8.148871527777777
752,-0.4370905876356714,8.159722222222221
753,-0.41848868129902295,8.170572916666666
754,-0.391830436828261,8.18142361111111
755,-0.3687565576298139,8.192274305555555
756,-0.3383274803565719,8.203125
757,-0.3058108711653281,8.213975694444445
758,-0.283753524376596,8.22482638888889
759,-0.24016135819460774,8.235677083333334
760,-0.2221665525070385,8.246527777777777
761,-0.1977948019877163,8.257378472222221
762,-0.17487957229770568,8.268229166666666
763,-0.14379143996955315,8.27907986111111
764,-0.11240598479896659,8.289930555555555
765,-0.08925855680624846,8.30078125
766,-0.052364728580248966,8.311631944444445
767,-0.03697794884627807,8.32248263888889
768,-0.005402907227521562,8.333333333333332
769,0.024976007944393946,8.344184027777777
770,0.059820493971677526,8.355034722222221
771,0.08211983324849066,8.365885416666666
772,0.1155750234122218,8.37673611111111
773,0.1367461780745389,8.387586805555555
774,0.17823464664354194,8.3984375
775,0.19881536428226695,8.409288194444445
776,0.21551646742777633,8.42013888888889
777,0.25196416697073476,8.430989583333332
778,0.2821125558760111,8.441840277777777
779,0.30094238594100786,8.452690972222221
780,0.33556314435070217,8.463541666666666
781,0.36716514138270306,8.47439236111111
782,0.3807564175588692,8.485243055555555
783,0.41490206204587365,8.49609375
784,0.44149274293295976,8.506944444444445
785,0.4647523425856225,8.51779513888889
786,0.4852526343853747,8.528645833333332
787,0.5144792920304427,8.539496527777777
788,0.5480083878420438,8.550347222222221
789,0.5661931007741063,8.561197916666666
790,0.5921180383126856,8.57204861111111
791,0.6170718679796914,8.582899305555555
792,0.6250743310165577,8.59375
793,0.6660125079761947,8.604600694444445
794,0.6832120288997107,8.61545138888889
795,0.7031834352761069,8.626302083333332
796,0.7303458240269544,8.637152777777777
797,0.7471113109700319,8.648003472222221
798,0.7683694771133269,8.658854166666666
799,0.7959913901410822,8.66970486111111
800,0.8144680356470588,8.680555555555555
801,0.8388237320596712,8.69140625
802,0.835437702162278,8.702256944444445
803,0.8644123413457071,8.71310763888889
804,0.8777353729423775,8.723958333333332
805,0.9155255787601726,8.734809027777777
806,0.9179455994852314,8.745659722222221
807,0.9476846463755695,8.756510416666666
808,0.9543545927973264,8.76736111111111
809,0.964496106652996,8.778211805555555
810,0.9872498395327886,8.7890625
811,0.9999810348767304,8.799913194444445
812,1.0185346717077481,8.81076388888889
813,1.01887530419341,8.821614583333332
814,1.0375229197145865,8.832465277777777
815,1.0485106406301459,8.843315972222221
816,1.063264572668591,8.854166666666666
817,1.0722763516256115,8.86501736111111
818,1.0775027261285552,8.875868055555555
819,1.0951611381630801,8.88671875
820,1.1080164637722445,8.897569444444445
821,1.1017459214015266,8.90842013888889
822,1.1094905489744846,8.919270833333332
823,1.1157837067871128,8.930121527777777
824,1.1177042648434579,8.940972222222221
825,1.1363318766296402,8.951822916666666
826,1.1366982707992752,8.96267361111111
827,1.1421169084829448,8.973524305555555
828,1.1351848809323475,8.984375
829,1.14770725741997,8.995225694444445
830,1.1492092476993276,9.00607638888889
831,1.157586673632469,9.016927083333332
832,1.1403964425706636,9.027777777777777
833,1.1538875915870963,9.038628472222221
834,1.1509766606508292,9.049479166666666
835,1.1389932243970604,9.06032986111111
836,1.1438517188535458,9.071180555555555
837,1.1443329581223889,9.08203125
838,1.13286134629755,9.092881944444445
839,1.1305013575962901,9.10373263888889
840,1.1247453177225648,9.114583333333332
841,1.1141796100126984,9.125434027777777
842,1.1133915460520054,9.136284722222221
843,1.1049660614687098,9.147135416666666
844,1.0968240710135024,9.15798611111111
845,1.0897203878993085,9.168836805555555
846,1.0790098716311542,9.1796875
847,1.0638929308011773,9.190538194444445
848,1.0558661400897396,9.20138888888889
849,1.0520700087916477,9.212239583333332
850,1.0405143931531466,9.223090277777777
851,1.0208815697221212,9.233940972222221
852,1.0089879106928195,9.244791666666666
853,1.0009103144668468,9.25564236111111
854,0.9935400019563748,9.266493055555555
855,0.9736506126997401,9.27734375
856,0.9567580304110099,9.288194444444445
857,0.9454691819346139,9.29904513888889
858,0.9171815266679496,9.309895833333332
859,0.9039996578608557,9.320746527777777
860,0.8834625102678191,9.331597222222221
861,0.8749149224650398,9.342447916666666
862,0.847861985353015,9.35329861111111
863,0.8352753782145171,9.364149305555555
864,0.8051612199065685,9.375
865,0.7819599014985336,9.385850694444445
866,0.7678085851844706,9.39670138888889
867,0.7430966862860786,9.407552083333332
868,0.7218413004704722,9.418402777777777
869,0.7036316460074236,9.429253472222221
870,0.6802235622241553,9.440104166666666
871,0.6568127005078409,9.45095486111111
872,0.6355321179060307,9.461805555555555
873,0.6129153254153308,9.47265625
874,0.5912255556460385,9.483506944444445
875,0.5606570830032336,9.49435763888889
876,0.5452223131728595,9.505208333333332
877,0.5064666855775245,9.516059027777777
878,0.49469283925091234,9.526909722222221
879,0.46550110392768973,9.537760416666666
880,0.4349548477248905,9.54861111111111
881,0.41687026960210327,9.559461805555555
882,0.39426731221905076,9.5703125
883,0.36951450827981497,9.581163194444445
884,0.33599321842958413,9.59201388888889
885,0.3129681463464455,9.602864583333332
886,0.2706918284546747,9.613715277777777
887,0.2576064062541272,9.624565972222221
888,0.2147694330627547,9.635416666666666
889,0.2001697399129531,9.64626736111111
890,0.1721474346594856,9.657118055555555
891,0.14469839012082727,9.66796875
892,0.10593115635709353,9.678819444444445
893,0.08285225187120362,9.68967013888889
894,0.05573512007395715,9.700520833333332
895,0.017421155536383837,9.711371527777777
896,-0.009283981468520995,9.722222222222221
897,-0.03566709890595089,9.733072916666666
898,-0.0506658896858225,9.74392361111111
899,-0.08552881518522455,9.754774305555555
900,-0.10030275626680545,9.765625
901,-0.15133370382098368,9.776475694444445
902,-0.16379059927606363,9.78732638888889
903,-0.19072138694188628,9.798177083333332
904,-0.21991809814378888,9.809027777777777
905,-0.2501909007482046,9.819878472222221
906,-0.27992725310156247,9.830729166666666
907,-0.2961019714785319,9.84157986111111
908,-0.3307219911395003,9.852430555555555
909,-0.3576022323164766,9.86328125
910,-0.3852326614700888,9.874131944444445
911,-0.4118141624605151,9.88498263888889
912,-0.43619009518687946,9.895833333333332
913,-0.45705906569856153,9.906684027777777
914,-0.48563448498353967,9.917534722222221
915,-0.5096637894723711,9.928385416666666
916,-0.5330021071677351,9.93923611111111
917,-0.5647210931561413,9.950086805555555
918,-0.5791861894833753,9.9609375
919,-0.6091684428768763,9.971788194444445
920,-0.6314019613155849,9.98263888888889
921,-0.6568752115619494,9.993489583333332
922,-0.6783047738226817,10.004340277777777
923,-0.693091306852862,10.015190972222221
924,-0.727592879892407,10.026041666666666
925,-0.7493504280376571,10.03689236111111
926,-0.7719863337213048,10.047743055555555
927,-0.7865341726098867,10.05859375
928,-0.8200442480649017,10.069444444444445
929,-0.8324948045271845,10.08029513888889
930,-0.8524058359963405,10.091145833333332
931,-0.8626541641605328,10.101996527777777
932,-0.8837365370181768,10.112847222222221
933,-0.8853251957846634,10.123697916666666
934,-0.9220638806088206,10.13454861111111
935,-0.930826565753758,10.145399305555555
936,-0.9481385934289945,10.15625
937,-0.9590029038244061,10.167100694444445
938,-0.9830749733966674,10.17795138888889
939,-0.9899753443864663,10.188802083333332
940,-0.9988077417906412,10.199652777777777
941,-1.027880901518312,10.210503472222221
942,-1.0258267967088914,10.221354166666666
943,-1.0430879372332047,10.23220486111111
944,-1.0506702502122984,10.243055555555555
945,-1.0658260691391799,10.25390625
946,-1.080287457296366,10.264756944444445
947,-1.0814660229619029,10.27560763888889
948,-1.093615369145319,10.286458333333332
949,-1.0948031017610602,10.297309027777777
950,-1.1093049653790652,10.308159722222221
951,-1.106084587973558,10.319010416666666
952,-1.1191130672807432,10.32986111111111
953,-1.1219253531116051,10.340711805555555
954,-1.1376232557371098,10.3515625
955,-1.1192165841799542,10.362413194444445
956,-1.1276615170699404,10.37326388888889
957,-1.136672102883709,10.384114583333332
958,-1.1367337062716987,10.394965277777777
959,-1.1367357994864684,10.405815972222221
960,-1.1386604001446432,10.416666666666666
961,-1.1414835027289416,10.42751736111111
962,-1.146544831101815,10.438368055555555
963,-1.130697674665235,10.44921875
964,-1.1324732925822372,10.460069444444445
965,-1.124241348961986,10.47092013888889
966,-1.1199485091968502,10.481770833333332
967,-1.1216918109308778,10.492621527777777
968,-1.1131439296053707,10.503472222222221
969,-1.1125961254579337,10.514322916666666
970,-1.1065930081496596,10.52517361111111
971,-1.094903702330673,10.536024305555555
972,-1.0917835730081458,10.546875
973,-1.0757262283252274,10.557725694444445
974,-1.0681858338324104,10.56857638888889
975,-1.057175940778337,10.579427083333332
976,-1.047459446361106,10.590277777777777
977,-1.0329746533164583,10.601128472222221
978,-1.029947365684909,10.611979166666666
979,-1.0235597821443136,10.62282986111111
980,-1.005459526537474,10.633680555555555
981,-0.9934410729260094,10.64453125
982,-0.9806120559788594,10.655381944444445
983,-0.9684508459067519,10.66623263888889
984,-0.9347985976534893,10.677083333333332
985,-0.9257609973532055,10.687934027777777
986,-0.910792559207364,10.698784722222221
987,-0.9020602465915084,10.709635416666666
988,-0.8832457362313915,10.72048611111111
989,-0.8685886321387142,10.731336805555555
990,-0.834471851554675,10.7421875
991,-0.83285471694047,10.753038194444445
992,-0.80588020516011,10.76388888888889
993,-0.7819465967968713,10.774739583333332
994,-0.7641984352217727,10.785590277777777
995,-0.7386200993336157,10.796440972222221
996,-0.713352038630504,10.807291666666666
997,-0.6969294651126939,10.81814236111111
998,-0.6830026078502881,10.828993055555555
999,-0.6513063569005599,10.83984375
1000,-0.6335858270668125,10.850694444444445
1001,-0.6096296197166404,10.86154513888889
1002,-0.5713415580002438,10.872395833333332
1003,-0.5646411931354719,10.883246527777777
1004,-0.5328224929045818,10.894097222222221
1005,-0.5126349617661842,10.904947916666666
1006,-0.4836250082871136,10.91579861111111
1007,-0.4481470304132336,10.926649305555555
1008,-0.44320966897337993,10.9375
1009,-0.40263544096976495,10.948350694444445
1010,-0.3805692870977288,10.95920138888889
1011,-0.35862122750289976,10.970052083333332
1012,-0.3256199306106845,10.980902777777777
1013,-0.3026912328811947,10.991753472222221
1014,-0.2745194321390835,11.002604166666666
1015,-0.24575805701926257,11.01345486111111
1016,-0.21931276005434713,11.024305555555555
1017,-0.19469913254675708,11.03515625
1018,-0.16803311466260543,11.046006944444445
1019,-0.1342634886408582,11.05685763888889
1020,-0.10431620093790404,11.067708333333332
1021,-0.07665720766669856,11.078559027777777
1022,-0.0467314451961372,11.089409722222221
1023,-0.027441635914390514,11.100260416666666
1024,-0.012054146224435543,11.11111111111111
1025,0.02377387072202287,11.121961805555555
1026,0.059179614533955226,11.1328125
1027,0.08789572171008389,11.143663194444445
1028,0.10618764575446889,11.15451388888889
1029,0.14898159816619272,11.165364583333332
1030,0.16250985452599764,11.176215277777777
1031,0.1891588892546485,11.187065972222221
1032,0.2179824329830268,11.197916666666666
1033,0.24522066533218473,11.20876736111111
1034,0.26987054201559474,11.219618055555555
1035,0.2996628789681808,11.23046875
1036,0.3311884690173317,11.241319444444445
1037,0.35476588159555944,11.25217013888889
1038,0.37402785385750614,11.263020833333332
1039,0.4070833276808149,11.273871527777777
1040,0.4326912670043854,11.284722222222221
1041,0.47286562089585804,11.295572916666666
1042,0.4810710573425886,11.30642361111111
1043,0.5101012373442978,11.317274305555555
1044,0.536359040810125,11.328125
1045,0.5621697026188154,11.338975694444445
1046,0.5926361558731713,11.34982638888889
1047,0.6083749370390124,11.360677083333332
1048,0.6342786013205453,11.371527777777777
1049,0.6419384358310545,11.382378472222221
1050,0.6659093296008353,11.393229166666666
1051,0.6816967965799813,11.40407986111111
1052,0.7271604967166477,11.414930555555555
1053,0.7339899304328229,11.42578125
1054,0.7552019500894241,11.436631944444445
1055,0.7784699568264954,11.44748263888889
1056,0.7952557054528323,11.458333333333332
1057,0.816162385724542,11.469184027777777
1058,0.8326302594357766,11.480034722222221
1059,0.8615704251108951,11.490885416666666
1060,0.8664373489439079,11.50173611111111
1061,0.8896974417099333,11.512586805555555
1062,0.893997078509432,11.5234375
1063,0.9100002200702457,11.534288194444445
1064,0.9433458522993959,11.54513888888889
1065,0.9455276906261122,11.555989583333332
1066,0.9673003127943512,11.566840277777777
1067,0.9763335849313198,11.577690972222221
1068,0.9883699036981094,11.588541666666666
1069,1.0057368335099437,11.59939236111111
1070,1.0223844082794884,11.610243055555555
1071,1.0217519120719514,11.62109375
1072,1.0295055011789416,11.631944444444445
1073,1.045827934133316,11.64279513888889
1074,1.0619189558982958,11.653645833333332
1075,1.0684679263324877,11.664496527777777
1076,1.0689657273258262,11.675347222222221
1077,1.0794056594003356,11.686197916666666
1078,1.0746398729392876,11.69704861111111
1079,1.0942418049230562,11.707899305555555
1080,1.1075049476190773,11.71875
1081,1.103350069646773,11.729600694444445
1082,1.1060045050817908,11.74045138888889
1083,1.118042326558057,11.751302083333332
1084,1.119801779945476,11.762152777777777
1085,1.1188126460938732,11.773003472222221
1086,1.1193849753029723,11.783854166666666
1087,1.1284315225420807,11.79470486111111
1088,1.124703696948267,11.805555555555555
1089,1.1228796369754066,11.81640625
1090,1.1107832789008638,11.827256944444445
1091,1.1140809586138167,11.83810763888889
1092,1.1153955096087411,11.848958333333332
1093,1.1136659838969447,11.859809027777777
1094,1.1000465582709236,11.870659722222221
1095,1.0949774978926572,11.881510416666666
1096,1.094554205014299,11.89236111111111
1097,1.0747597541582405,11.903211805555555
1098,1.0845710207626942,11.9140625
1099,1.0746089946116073,11.924913194444445
1100,1.0661055547290526,11.93576388888889
1101,1.0615577022242664,11.946614583333332
1102,1.0384284092958065,11.957465277777777
1103,1.0445487742172699,11.968315972222221
1104,1.0293664622367191,11.979166666666666
1105,1.0243014843701632,11.99001736111111
1106,1.0039794839904805,12.000868055555555
1107,0.9984091388272032,12.01171875
1108,0.9853026541382451,12.022569444444445
1109,0.9766621718636446,12.03342013888889
1110,0.9643581238957668,12.044270833333332
1111,0.9478468635482292,12.055121527777777
1112,0.9247006961257054,12.065972222222221
1113,0.908812972138851,12.076822916666666
1114,0.8916439373850237,12.08767361111111
1115,0.8756732031479109,12.098524305555555
1116,0.868190195626404,12.109375
1117,0.839518996780755,12.120225694444445
1118,0.8265057371816236,12.13107638888889
1119,0.8016273725484669,12.141927083333332
1120,0.7883516930855067,12.152777777777777
1121,0.7706869617356157,12.163628472222221
1122,0.7412652529649354,12.174479166666666
1123,0.7343141056080373,12.18532986111111
1124,0.6981183420851872,12.196180555555555
1125,0.6887678524239328,12.20703125
1126,0.6668049068450631,12.217881944444445
1127,0.6373316060658398,12.22873263888889
1128,0.6122898889684188,12.239583333333332
1129,0.5919412672776904,12.250434027777777
1130,0.5693977439770258,12.261284722222221
1131,0.5493431849606385,12.272135416666666
1132,0.5257216605277518,12.28298611111111
1133,0.504807687150599,12.293836805555555
1134,0.4706807539927987,12.3046875
1135,0.44701464256113965,12.315538194444445
1136,0.4226575151362489,12.32638888888889
1137,0.39263400730660425,12.337239583333332
1138,0.37917555460449365,12.348090277777777
1139,0.3458086035156396,12.358940972222221
1140,0.3136382516941923,12.369791666666666
1141,0.29362590504790254,12.38064236111111
1142,0.2695219380541456,12.391493055555555
1143,0.24025091185963662,12.40234375
1144,0.2177764499252966,12.413194444444445
1145,0.19192519187491,12.42404513888889
1146,0.16778802139256616,12.434895833333332
1147,0.13223785366234653,12.445746527777777
1148,0.1106789437737029,12.456597222222221
1149,0.08054746348589782,12.467447916666666
1150,0.05520119905350718,12.47829861111111
1151,0.020838727786278554,12.489149305555555
1152,0.0001412958244504943,12.5
1153,-0.02612526441500883,12.510850694444445
1154,-0.06540752249505093,12.52170138888889
1155,-0.07387053968635846,12.532552083333332
1156,-0.10267991082908555,12.543402777777777
1157,-0.1371463320662682,12.554253472222221
1158,-0.16390493788726132,12.565104166666666
1159,-0.1973929005707755,12.57595486111111
1160,-0.2219972657885867,12.586805555555555
1161,-0.24044390833225487,12.59765625
1162,-0.2716166175417814,12.608506944444445
1163,-0.28785468118232055,12.61935763888889
1164,-0.33091360841033357,12.630208333333332
1165,-0.33939580714323253,12.641059027777777
1166,-0.37319674198066644,12.651909722222221
1167,-0.3962111595037704,12.662760416666666
1168,-0.42794272262783667,12.67361111111111
1169,-0.4429412164671831,12.684461805555555
1170,-0.4705686422036315,12.6953125
1171,-0.49246601342362334,12.706163194444445
1172,-0.5277946001935162,12.71701388888889
1173,-0.5508566020399503,12.727864583333332
1174,-0.5621611175516715,12.738715277777777
1175,-0.5826506510523812,12.749565972222221
1176,-0.6190559512672723,12.760416666666666
1177,-0.6328776672466646,12.77126736111111
1178,-0.6616254776922055,12.782118055555555
1179,-0.6740135008703839,12.79296875
1180,-0.7034968829330768,12.803819444444445
1181,-0.7224282035212503,12.81467013888889
1182,-0.7250167237103484,12.825520833333332
1183,-0.7606674238013459,12.836371527777777
1184,-0.7732530816549599,12.847222222222221
1185,-0.8037813677869561,12.858072916666666
1186,-0.8142278609808599,12.86892361111111
1187,-0.8395644813307301,12.879774305555555
1188,-0.8471121956837351,12.890625
1189,-0.8619953883519258,12.901475694444445
1190,-0.8789804202103321,12.91232638888889
1191,-0.8907445161580267,12.923177083333332
1192,-0.9068383680112313,12.934027777777777
1193,-0.9275423303604406,12.944878472222221
1194,-0.9425369547322697,12.955729166666666
1195,-0.959845927500479,12.96657986111111
1196,-0.9639497849528523,12.977430555555555
1197,-0.9805887013765363,12.98828125
1198,-0.9889946792910631,12.999131944444445
1199,-1.0023600341207615,13.00998263888889
1200,-1.0048686481172315,13.020833333333332
1201,-1.0291117211017826,13.031684027777777
1202,-1.026626012383267,13.042534722222221
1203,-1.0432680351677144,13.053385416666666
1204,-1.0352956142953442,13.06423611111111
1205,-1.0601329404635067,13.075086805555555
1206,-1.0491235464581388,13.0859375
1207,-1.0742754028610253,13.096788194444445
1208,-1.0645881835000561,13.10763888888889
1209,-1.0725789524640956,13.118489583333332
1210,-1.0765596509488133,13.129340277777777
1211,-1.0845078960463244,13.140190972222221
1212,-1.087813647736502,13.151041666666666
1213,-1.0786470801984824,13.16189236111111
1214,-1.0881317478387162,13.172743055555555
1215,-1.0824981870773467,13.18359375
1216,-1.086729334216786,13.194444444444445
1217,-1.0917946419088331,13.20529513888889
1218,-1.093993490674421,13.216145833333332
1219,-1.0818044354759946,13.226996527777777
1220,-1.0700975533098247,13.237847222222221
1221,-1.0762975508184633,13.248697916666666
1222,-1.0806645883053314,13.25954861111111
1223,-1.0786294080179086,13.270399305555555
1224,-1.0641749520925712,13.28125
1225,-1.0595466425084832,13.292100694444445
1226,-1.0594682622780918,13.30295138888889
1227,-1.0469822164456635,13.313802083333332
1228,-1.0459543711936075,13.324652777777777
1229,-1.0251866162703582,13.335503472222221
1230,-1.0220536469677006,13.346354166666666
1231,-1.017239589242914,13.35720486111111
1232,-1.003111990843023,13.368055555555555
1233,-1.0032542924593568,13.37890625
1234,-0.9775673429495801,13.389756944444445
1235,-0.9766079124459883,13.40060763888889
1236,-0.9636488778087892,13.411458333333332
1237,-0.9457736633273538,13.422309027777777
1238,-0.9297453148801025,13.433159722222221
1239,-0.9190756948120807,13.444010416666666
1240,-0.9028907889285862,13.45486111111111
1241,-0.8909694269638595,13.465711805555555
1242,-0.877966139565383,13.4765625
1243,-0.8548311901894432,13.487413194444445
1244,-0.8404291938527667,13.49826388888889
1245,-0.8191584030008078,13.509114583333332
1246,-0.8108663900074705,13.519965277777777
1247,-0.7849072304869672,13.530815972222221
1248,-0.7754545840013998,13.541666666666666
1249,-0.7529291965437404,13.55251736111111
1250,-0.7241204928046265,13.563368055555555
1251,-0.7073807795163957,13.57421875
1252,-0.6927111582926472,13.585069444444445
1253,-0.6653115591987637,13.59592013888889
1254,-0.6421452178270313,13.606770833333332
1255,-0.6246381848493231,13.617621527777777
1256,-0.5907193026428051,13.628472222222221
1257,-0.5812044519786991,13.639322916666666
1258,-0.5581966558745253,13.65017361111111
1259,-0.5327938077918843,13.661024305555555
1260,-0.5081648357237768,13.671875
1261,-0.493858501278573,13.682725694444445
1262,-0.45165566722817396,13.69357638888889
1263,-0.43015505098663087,13.704427083333332
1264,-0.40766655918537853,13.715277777777777
1265,-0.3798855171781639,13.726128472222221
1266,-0.36426954606836176,13.736979166666666
1267,-0.3357462845037205,13.74782986111111
1268,-0.3171986152899226,13.758680555555555
1269,-0.28090978890504587,13.76953125
1270,-0.25985103125548187,13.780381944444445
1271,-0.23911796251544937,13.79123263888889
1272,-0.21609942520658929,13.802083333333332
1273,-0.18446682637810816,13.812934027777777
1274,-0.1605784092692348,13.823784722222221
1275,-0.1318204211603999,13.834635416666666
1276,-0.10086272704320966,13.84548611111111
1277,-0.07032379036689126,13.856336805555555
1278,-0.05270190997915443,13.8671875
1279,-0.03392438906687354,13.878038194444445
1280,0.00501346993582239,13.88888888888889
1281,0.02617171301083879,13.899739583333332
1282,0.04989321598307367,13.910590277777777
1283,0.0887538645786745,13.921440972222221
1284,0.11251202957012987,13.932291666666666
1285,0.1307330127543406,13.94314236111111
1286,0.15567209731371617,13.953993055555555
1287,0.17589050676712215,13.96484375
1288,0.2076061398638798,13.975694444444445
1289,0.2414994752984506,13.986545138888888
1290,0.2550813856706085,13.997395833333332
1291,0.28359940415732565,14.008246527777777
1292,0.3074828944448472,14.019097222222221
1293,0.3406081027601599,14.029947916666666
1294,0.35388236650523186,14.04079861111111
1295,0.37999112869506224,14.051649305555555
1296,0.41362518434608186,14.0625
1297,0.4393951896944772,14.073350694444445
1298,0.45698136776863074,14.084201388888888
1299,0.48613932872839577,14.095052083333332
1300,0.5037337506946435,14.105902777777777
1301,0.5261478807015749,14.116753472222221
1302,0.5513931932463432,14.127604166666666
1303,0.5791057990316373,14.13845486111111
1304,0.5895667622960536,14.149305555555555
1305,0.6177955757131329,14.16015625
1306,0.6339021821642032,14.171006944444445
1307,0.6589165701442061,14.181857638888888
1308,0.6760645790756696,14.192708333333332
1309,0.7077496565118747,14.203559027777777
1310,0.7174281320934758,14.214409722222221
1311,0.7354721530823375,14.225260416666666
1312,0.7462963333699802,14.23611111111111
1313,0.7676117678819967,14.246961805555555
1314,0.793129116220278,14.2578125
1315,0.7943935248756335,14.268663194444445
1316,0.8290957344204389,14.279513888888888
1317,0.8456606751892064,14.290364583333332
1318,0.8579588586045882,14.301215277777777
1319,0.8757188610328699,14.312065972222221
1320,0.8889538781744817,14.322916666666666
1321,0.8983529578547821,14.33376736111111
1322,0.9092082517426717,14.344618055555555
1323,0.9365792195601611,14.35546875
1324,0.9324428364746359,14.366319444444445
1325,0.9499758308904044,14.377170138888888
1326,0.9574429868261541,14.388020833333332
1327,0.9746674834081256,14.398871527777777
1328,0.9721178677349934,14.409722222222221
1329,0.9773075184652851,14.420572916666666
1330,1.0020401822291114,14.43142361111111
1331,1.0113423135520585,14.442274305555555
1332,1.0126132750205992,14.453125
1333,1.0229035835576024,14.463975694444445
1334,1.0211914075472976,14.474826388888888
1335,1.0323450418959192,14.485677083333332
1336,1.0339296608016586,14.496527777777777
1337,1.0496702847259207,14.507378472222221
1338,1.0449663726886675,14.518229166666666
1339,1.0519250605129793,14.52907986111111
1340,1.0563575381373482,14.539930555555555
1341,1.0503784368071696,14.55078125
1342,1.0616206643104176,14.561631944444445
1343,1.0626799512940195,14.572482638888888
1344,1.0481044446632526,14.583333333333332
1345,1.0549100527878439,14.594184027777777
1346,1.054021375016923,14.605034722222221
1347,1.053301630182,14.615885416666666
1348,1.0477151594937402,14.62673611111111
1349,1.0631438566974922,14.637586805555555
1350,1.039457970696058,14.6484375
1351,1.0339612629607955,14.659288194444445
1352,1.0352084953137946,14.670138888888888
1353,1.0312642321266552,14.680989583333332
1354,1.0205589205903094,14.691840277777777
1355,1.011536254511903,14.702690972222221
1356,1.0182502965387021,14.713541666666666
1357,1.000834392783865,14.72439236111111
1358,0.9939721550264807,14.735243055555555
1359,0.991189914350609,14.74609375
1360,0.9819677121587558,14.756944444444445
1361,0.9585340410264307,14.767795138888888
1362,0.9479416774792261,14.778645833333332
1363,0.9525658714479234,14.789496527777777
1364,0.9311635673158034,14.800347222222221
1365,0.9246112084447846,14.811197916666666
1366,0.9001589650782059,14.82204861111111
1367,0.8872614000577209,14.832899305555555
1368,0.8746213263163709,14.84375
1369,0.848423835816565,14.854600694444445
1370,0.8448067313315155,14.865451388888888
1371,0.830973719523893,14.876302083333332
1372,0.8191229905809345,14.887152777777777
1373,0.7923700031650108,14.898003472222221
1374,0.7724962872835999,14.908854166666666
1375,0.7539134551100164,14.91970486111111
1376,0.7413396880554144,14.930555555555555
1377,0.7221366659282715,14.94140625
1378,0.6985345836767264,14.952256944444445
1379,0.687156006106978,14.963107638888888
1380,0.6703187321980861,14.973958333333332
1381,0.6424273882647972,14.984809027777777
1382,0.6180491485296791,14.995659722222221
1383,0.6011113637680012,15.006510416666666
1384,0.5792375695061472,15.01736111111111
1385,0.5598245335924279,15.028211805555555
1386,0.5458350315791793,15.0390625
1387,0.5259326158681098,15.049913194444445
1388,0.4901447457012083,15.060763888888888
1389,0.4667761959956916,15.071614583333332
1390,0.4391780108589701,15.082465277777777
1391,0.43320045619707936,15.093315972222221
1392,0.39489460873362525,15.104166666666666
1393,0.3800849084525348,15.11501736111111
1394,0.3462635631872025,15.125868055555555
1395,0.3280262524651593,15.13671875
1396,0.29948907070642883,15.147569444444445
1397,0.2830718615715926,15.158420138888888
1398,0.2531928445576109,15.169270833333332
1399,0.23439209010044124,15.180121527777777
1400,0.20468660449393666,15.190972222222221
1401,0.17657962901610025,15.201822916666666
1402,0.15197023876359642,15.21267361111111
1403,0.1254960285478567,15.223524305555555
1404,0.10896229336780164,15.234375
1405,0.0761159679882662,15.245225694444445
1406,0.039490712694063776,15.256076388888888
1407,0.02466111361852632,15.266927083333332
1408,-0.0034470680483958275,15.277777777777777
1409,-0.030194794805029984,15.288628472222221
1410,-0.04552068690121728,15.299479166666666
1411,-0.07330723433038996,15.31032986111111
1412,-0.10117635201758286,15.321180555555555
1413,-0.12579957609272244,15.33203125
1414,-0.1508453600861452,15.342881944444445
1415,-0.17384668615049112,15.353732638888888
1416,-0.21145692988277348,15.364583333333332
1417,-0.22806793713229612,15.375434027777777
1418,-0.25086307168654587,15.386284722222221
1419,-0.2816945359206181,15.397135416666666
1420,-0.3042749561666843,15.40798611111111
1421,-0.33078140990186317,15.418836805555555
1422,-0.34893199773348565,15.4296875
1423,-0.3756888610911374,15.440538194444445
1424,-0.39689137405692787,15.451388888888888
1425,-0.4159137932620123,15.462239583333332
1426,-0.4556591526046829,15.473090277777777
1427,-0.449932256001183,15.483940972222221
1428,-0.47987429885513067,15.494791666666666
1429,-0.5096675376870186,15.50564236111111
1430,-0.524333363215751,15.516493055555555
1431,-0.5529669551901116,15.52734375
1432,-0.5709847566784587,15.538194444444445
1433,-0.5974285109395904,15.549045138888888
1434,-0.6156794467057123,15.559895833333332
1435,-0.6297004781183799,15.570746527777777
1436,-0.6614367294650987,15.581597222222221
1437,-0.6705180675244709,15.592447916666666
1438,-0.6881631310926495,15.60329861111111
1439,-0.7141155223221539,15.614149305555555
1440,-0.72756967962068,15.625
1441,-0.7440527132150301,15.635850694444445
1442,-0.7682457585404142,15.646701388888888
1443,-0.7774399418347179,15.657552083333332
1444,-0.7864333571950151,15.668402777777777
1445,-0.8192778884797849,15.679253472222221
1446,-0.8228982797058033,15.690104166666666
1447,-0.8345903421105937,15.70095486111111
1448,-0.855372257578416,15.711805555555555
1449,-0.8646188318407872,15.72265625
1450,-0.8816816329847486,15.733506944444445
1451,-0.8945717900948442,15.744357638888888
1452,-0.9137190008504872,15.755208333333332
1453,-0.914316004291858,15.766059027777777
1454,-0.9264303641011571,15.776909722222221
1455,-0.9236402917608585,15.787760416666666
1456,-0.9452268606020994,15.79861111111111
1457,-0.9617560318001204,15.809461805555555
1458,-0.9608259989337546,15.8203125
1459,-0.9777009221237031,15.831163194444445
1460,-0.9760088670554419,15.842013888888888
1461,-0.986157879364197,15.852864583333332
1462,-0.9934652574798905,15.863715277777777
1463,-0.9918391023897813,15.874565972222221
1464,-1.0016659689071556,15.885416666666666
1465,-1.0068805391255118,15.89626736111111
1466,-1.0107019949026361,15.907118055555555
1467,-1.0159563809489904,15.91796875
1468,-1.0244292546867197,15.928819444444445
1469,-1.0144873995525954,15.939670138888888
1470,-1.0200959154496883,15.950520833333332
1471,-1.0122515862231216,15.961371527777777
1472,-1.017565960142291,15.972222222222221
1473,-1.0082803247235261,15.983072916666666
1474,-1.014445598018124,15.99392361111111
1475,-1.019117599593216,16.004774305555554
1476,-1.0169402217062558,16.015625
1477,-1.0139065055058076,16.026475694444443
1478,-1.0117864952741407,16.03732638888889
1479,-1.0014749745190323,16.048177083333332
1480,-0.9908712380706032,16.05902777777778
1481,-0.998016925190863,16.06987847222222
1482,-0.9856198173706107,16.080729166666668
1483,-0.9753891728491795,16.09157986111111
1484,-0.9752251421192422,16.102430555555554
1485,-0.9632150212134819,16.11328125
1486,-0.9559806439190077,16.124131944444443
1487,-0.9471194468134481,16.13498263888889
1488,-0.9396307847115211,16.145833333333332
1489,-0.9292656210783001,16.15668402777778
1490,-0.9245438901383982,16.16753472222222
1491,-0.9009128304961518,16.178385416666668
1492,-0.8936675230651799,16.18923611111111
1493,-0.874533836792131,16.200086805555554
1494,-0.8617742841248196,16.2109375
1495,-0.8571585927703833,16.221788194444443
1496,-0.8445048032697654,16.23263888888889
1497,-0.8221343368306305,16.243489583333332
1498,-0.8086040940893008,16.25434027777778
1499,-0.7949144220533988,16.26519097222222
1500,-0.7832376027487574,16.276041666666668
1501,-0.7607197224438584,16.28689236111111
1502,-0.7451085952342235,16.297743055555554
1503,-0.7278965238243811,16.30859375
1504,-0.7099698855216708,16.319444444444443
1505,-0.6945683127253417,16.33029513888889
1506,-0.6786428122812789,16.341145833333332
1507,-0.6566223609371843,16.35199652777778
1508,-0.6357615268824245,16.36284722222222
1509,-0.6244959209221481,16.373697916666668
1510,-0.6008067923096669,16.38454861111111
1511,-0.5837158026463923,16.395399305555554
1512,-0.5567317871567358,16.40625
1513,-0.5407585469653913,16.417100694444443
1514,-0.5121007076716241,16.42795138888889
1515,-0.4851513769903719,16.438802083333332
1516,-0.459491550431823,16.44965277777778
1517,-0.45220619933364953,16.46050347222222
1518,-0.42848398708835655,16.471354166666668
1519,-0.41219469866228436,16.48220486111111
1520,-0.3854449240353196,16.493055555555554
1521,-0.3640489605268727,16.50390625
1522,-0.3364070379942968,16.514756944444443
1523,-0.32670111848055466,16.52560763888889
1524,-0.2933444636128985,16.536458333333332
1525,-0.2672091255122691,16.54730902777778
1526,-0.23886440709893955,16.55815972222222
1527,-0.22422898718128909,16.569010416666668
1528,-0.19476098082676188,16.57986111111111
1529,-0.16368551027410433,16.590711805555554
1530,-0.15421512476889684,16.6015625
1531,-0.12283699078509339,16.612413194444443
1532,-0.09397056940113845,16.62326388888889
1533,-0.07869736839218776,16.634114583333332
1534,-0.0451116021617415,16.64496527777778
1535,-0.02189807697535496,16.65581597222222
1536,0.005294277715022266,16.666666666666664
1537,0.02039085945530523,16.67751736111111
1538,0.04538928298216598,16.688368055555554
1539,0.07028756900544256,16.69921875
1540,0.09945335636777528,16.710069444444443
1541,0.1251719297699419,16.72092013888889
1542,0.14503587813171534,16.731770833333332
1543,0.1688848793813763,16.74262152777778
1544,0.19249981170477604,16.75347222222222
1545,0.2222080771538697,16.764322916666664
1546,0.2405057446937762,16.77517361111111
1547,0.2625608409628611,16.786024305555554
1548,0.29154012434523496,16.796875
1549,0.3078761403619321,16.807725694444443
1550,0.3416547284008099,16.81857638888889
1551,0.36015506229848193,16.829427083333332
1552,0.383498462418189,16.84027777777778
1553,0.40852952783182417,16.85112847222222
1554,0.42110692120422377,16.861979166666664
1555,0.4477850462643813,16.87282986111111
1556,0.47164441688803255,16.883680555555554
1557,0.49602079131468374,16.89453125
1558,0.507508259416257,16.905381944444443
1559,0.5369416228270119,16.91623263888889
1560,0.5493505581896989,16.927083333333332
1561,0.572866074784798,16.93793402777778
1562,0.5871935269165731,16.94878472222222
1563,0.6149554581813049,16.959635416666664
1564,0.6293103199565284,16.97048611111111
1565,0.646364828563595,16.981336805555554
1566,0.6715744115390967,16.9921875
1567,0.6812150354270547,17.003038194444443
1568,0.698682183468479,17.01388888888889
1569,0.7136804531270133,17.024739583333332
1570,0.7347977733769168,17.03559027777778
1571,0.7508282177951492,17.04644097222222
1572,0.7622255181332152,17.057291666666664
1573,0.7827940629645971,17.06814236111111
1574,0.7926713330992167,17.078993055555554
1575,0.8186268745653779,17.08984375
1576,0.8174166699017386,17.100694444444443
1577,0.836309132853065,17.11154513888889
1578,0.8434633116077878,17.122395833333332
1579,0.8570695827966577,17.13324652777778
1580,0.8727228723049584,17.14409722222222
1581,0.8797415515598035,17.154947916666664
1582,0.8982390740064486,17.16579861111111
1583,0.8897443337236485,17.176649305555554
1584,0.9033893898978699,17.1875
1585,0.9217004658262162,17.198350694444443
1586,0.921816585655254,17.20920138888889
1587,0.9418060917057343,17.220052083333332
1588,0.9401593357198811,17.23090277777778
1589,0.9448602444294965,17.24175347222222
1590,0.9495597935692359,17.252604166666664
1591,0.9612049882229828,17.26345486111111
1592,0.9648513074651737,17.274305555555554
1593,0.9604597797584701,17.28515625
1594,0.9726888378963138,17.296006944444443
1595,0.9672348513372272,17.30685763888889
1596,0.9826372857004505,17.317708333333332
1597,0.9693546341292255,17.32855902777778
1598,0.9801467873709527,17.33940972222222
1599,0.9847498858912782,17.350260416666664
1600,0.9741376548467084,17.36111111111111
1601,0.9724147030512188,17.371961805555554
1602,0.9718385392775897,17.3828125
1603,0.964886287971869,17.393663194444443
1604,0.9710302056190387,17.40451388888889
1605,0.9735572531428321,17.415364583333332
1606,0.9714047321502365,17.42621527777778
1607,0.9593844789646964,17.43706597222222
1608,0.9617967255534055,17.447916666666664
1609,0.9545301433326815,17.45876736111111
1610,0.9453329632501615,17.469618055555554
1611,0.9367112294189398,17.48046875
1612,0.9429600346817693,17.491319444444443
1613,0.9303708856465385,17.50217013888889
1614,0.9175361539920458,17.513020833333332
1615,0.9048343082246085,17.52387152777778
1616,0.8919158125763861,17.53472222222222
1617,0.889801886166815,17.545572916666664
1618,0.8738236129586564,17.55642361111111
1619,0.8791059091771101,17.567274305555554
1620,0.8639983149464833,17.578125
1621,0.843194111786718,17.588975694444443
1622,0.8260256220566409,17.59982638888889
1623,0.8207244070554685,17.610677083333332
1624,0.8117498131642524,17.62152777777778
1625,0.7962115208532392,17.63237847222222
1626,0.7832093949713003,17.643229166666664
1627,0.7687945765981354,17.65407986111111
1628,0.7501054878758305,17.664930555555554
1629,0.7288333792416831,17.67578125
1630,0.7210839383760939,17.686631944444443
1631,0.7021844170751393,17.69748263888889
1632,0.6966623584688686,17.708333333333332
1633,0.6697311564038128,17.71918402777778
1634,0.6526851380317352,17.73003472222222
1635,0.6333972416587967,17.740885416666664
1636,0.6142985777092489,17.75173611111111
1637,0.598282548708586,17.762586805555554
1638,0.5773907311134897,17.7734375
1639,0.5574645152486433,17.784288194444443
1640,0.5464190200942368,17.79513888888889
1641,0.5192032210986974,17.805989583333332
1642,0.5014067378227667,17.81684027777778
1643,0.47791467670495624,17.82769097222222
1644,0.45695441171616563,17.838541666666664
1645,0.4287909721278103,17.84939236111111
1646,0.4101066376971259,17.860243055555554
1647,0.391880707027113,17.87109375
1648,0.3636803907606859,17.881944444444443
1649,0.34491729845558966,17.89279513888889
1650,0.32849612004831324,17.903645833333332
1651,0.3044642877223836,17.91449652777778
1652,0.2934455133943645,17.92534722222222
1653,0.25986873113558023,17.936197916666664
1654,0.22785257804493184,17.94704861111111
1655,0.2237511340918228,17.957899305555554
1656,0.19114802978117854,17.96875
1657,0.15826027094208275,17.979600694444443
1658,0.136938050196291,17.99045138888889
1659,0.11708540113632292,18.001302083333332
1660,0.09472358161701515,18.01215277777778
1661,0.06286599206068832,18.02300347222222
1662,0.04884227040578289,18.033854166666664
1663,0.017156170729419256,18.04470486111111
1664,0.002543553922105908,18.055555555555554
1665,-0.026076942574205043,18.06640625
1666,-0.0505460721796119,18.077256944444443
1667,-0.06910648573663052,18.08810763888889
1668,-0.09191529554506156,18.098958333333332
1669,-0.11742576808691647,18.10980902777778
1670,-0.15177551678992396,18.12065972222222
1671,-0.16469844581793355,18.131510416666664
1672,-0.19162691229835152,18.14236111111111
1673,-0.22136712017605112,18.153211805555554
1674,-0.2331638769277955,18.1640625
1675,-0.2578530993846369,18.174913194444443
1676,-0.27615061315429273,18.18576388888889
1677,-0.28735304414725915,18.196614583333332
1678,-0.32732944201952013,18.20746527777778
1679,-0.3354898855444172,18.21831597222222
1680,-0.36022889954985904,18.229166666666664
1681,-0.38377601692690216,18.24001736111111
1682,-0.41164834336772316,18.250868055555554
1683,-0.42786712116775705,18.26171875
1684,-0.4455984381435543,18.272569444444443
1685,-0.47371281188279707,18.28342013888889
1686,-0.49128006621725184,18.294270833333332
1687,-0.5085689993739597,18.30512152777778
1688,-0.5307418911913434,18.31597222222222
1689,-0.548805726945451,18.326822916666664
1690,-0.5730707745050972,18.33767361111111
1691,-0.5876735634559304,18.348524305555554
1692,-0.6079650286379522,18.359375
1693,-0.6181268752750181,18.370225694444443
1694,-0.6439394296985002,18.38107638888889
1695,-0.6537807750601085,18.391927083333332
1696,-0.6751927964398248,18.40277777777778
1697,-0.6918363824929907,18.41362847222222
1698,-0.700957107860683,18.424479166666664
1699,-0.7192005742742644,18.43532986111111
1700,-0.7294676856125905,18.446180555555554
1701,-0.7513641154661822,18.45703125
1702,-0.7624133256353385,18.467881944444443
1703,-0.7746454448049659,18.47873263888889
1704,-0.7899932369667064,18.489583333333332
1705,-0.8041224790248339,18.50043402777778
1706,-0.8093409493629474,18.51128472222222
1707,-0.8287722225870396,18.522135416666664
1708,-0.8390247921726418,18.53298611111111
1709,-0.8562792928761713,18.543836805555554
1710,-0.8488038415912165,18.5546875
1711,-0.8656564069446737,18.565538194444443
1712,-0.8690917812791807,18.57638888888889
1713,-0.8874382548291048,18.587239583333332
1714,-0.8922862613717598,18.59809027777778
1715,-0.8929078269898745,18.60894097222222
1716,-0.9053569599241074,18.619791666666664
1717,-0.9090606229732155,18.63064236111111
1718,-0.9196267517160117,18.641493055555554
1719,-0.9240412692697891,18.65234375
1720,-0.9319524510813803,18.663194444444443
1721,-0.9307075270882862,18.67404513888889
1722,-0.930632550934507,18.684895833333332
1723,-0.9364443858758138,18.69574652777778
1724,-0.941360479094028,18.70659722222222
1725,-0.9454327322642524,18.717447916666664
1726,-0.9381272973873956,18.72829861111111
1727,-0.9431211481490942,18.739149305555554
1728,-0.9418776016147584,18.75
1729,-0.9452041725146996,18.760850694444443
1730,-0.9420642908366524,18.77170138888889
1731,-0.9403344629031163,18.782552083333332
1732,-0.9393415836363989,18.79340277777778
1733,-0.9266503427297982,18.80425347222222
1734,-0.9317019633149,18.815104166666664
1735,-0.9290218682043446,18.82595486111111
1736,-0.917338150558264,18.836805555555554
1737,-0.9195580713547606,18.84765625
1738,-0.9131231446505438,18.858506944444443
1739,-0.9045687214432163,18.86935763888889
1740,-0.8923273360805376,18.880208333333332
1741,-0.8871209910909983,18.89105902777778
1742,-0.8757690365866811,18.90190972222222
1743,-0.8763676519953072,18.912760416666664
1744,-0.8721702633289602,18.92361111111111
1745,-0.8579444629297824,18.934461805555554
1746,-0.8611434440969049,18.9453125
1747,-0.832753146784849,18.956163194444443
1748,-0.835998556340293,18.96701388888889
1749,-0.8186284733745464,18.977864583333332
1750,-0.8106648965206396,18.98871527777778
1751,-0.7896945277564429,18.99956597222222
1752,-0.7775264805560516,19.010416666666664
1753,-0.7695332699940419,19.02126736111111
1754,-0.7461309080602182,19.032118055555554
1755,-0.7309584725748537,19.04296875
1756,-0.7248318042884692,19.053819444444443
1757,-0.7150302151461948,19.06467013888889
1758,-0.6995668739027117,19.075520833333332
1759,-0.6845715024619488,19.08637152777778
1760,-0.6577343061337283,19.09722222222222
1761,-0.6480200804385575,19.108072916666664
1762,-0.6186405563420203,19.11892361111111
1763,-0.614311177953293,19.129774305555554
1764,-0.5943618204358823,19.140625
1765,-0.5765436977054204,19.151475694444443
1766,-0.5528752880450097,19.16232638888889
1767,-0.5318201884698669,19.173177083333332
1768,-0.5213521146074748,19.18402777777778
1769,-0.4950568141057139,19.19487847222222
1770,-0.4728979227699925,19.205729166666664
1771,-0.46182186428520494,19.21657986111111
1772,-0.4340929329888268,19.227430555555554
1773,-0.4148954990977948,19.23828125
1774,-0.3911885490616857,19.249131944444443
1775,-0.3726317663203428,19.25998263888889
1776,-0.35605488972869714,19.270833333333332
1777,-0.3274535278703856,19.28168402777778
1778,-0.3120522659594947,19.29253472222222
1779,-0.2831802184877205,19.303385416666664
1780,-0.2732672809589649,19.31423611111111
1781,-0.25498040815208317,19.325086805555554
1782,-0.22056067520677206,19.3359375
1783,-0.20465986871273512,19.346788194444443
1784,-0.18104192661972268,19.35763888888889
1785,-0.1654011629726584,19.368489583333332
1786,-0.1379806236750237,19.37934027777778
1787,-0.11962009714512968,19.39019097222222
1788,-0.08940623811730992,19.401041666666664
1789,-0.06950343311466411,19.41189236111111
1790,-0.04777026570912655,19.422743055555554
1791,-0.02169834122934814,19.43359375
1792,-0.0023680617989725993,19.444444444444443
1793,0.025609416558661325,19.45529513888889
1794,0.04327318867382026,19.466145833333332
1795,0.07641776211947714,19.47699652777778
1796,0.08178055784790252,19.48784722222222
1797,0.11397405101150773,19.498697916666664
1798,0.1345925996876587,19.50954861111111
1799,0.15361062498630304,19.520399305555554
1800,0.17416246446536368,19.53125
1801,0.20644987813173116,19.542100694444443
1802,0.224354456143545,19.55295138888889
1803,0.2477837584521348,19.563802083333332
1804,0.2585053670119198,19.57465277777778
1805,0.28880106511825043,19.58550347222222
1806,0.3017759973238965,19.596354166666664
1807,0.3319901004987231,19.60720486111111
1808,0.35733158867564513,19.618055555555554
1809,0.36609746709713603,19.62890625
1810,0.3970532343334058,19.639756944444443
1811,0.415056275298051,19.65060763888889
1812,0.4360623310483919,19.661458333333332
1813,0.4537451644431105,19.67230902777778
1814,0.48008786256867475,19.68315972222222
1815,0.4933829890148833,19.694010416666664
1816,0.5206965938434976,19.70486111111111
1817,0.52982015582955,19.715711805555554
1818,0.5529843487291813,19.7265625
1819,0.5682227478190293,19.737413194444443
1820,0.5771412404535023,19.74826388888889
1821,0.5967064927109861,19.759114583333332
1822,0.6127124088422473,19.76996527777778
1823,0.6341608537710289,19.78081597222222
1824,0.6550421131118159,19.791666666666664
1825,0.6708351077006933,19.80251736111111
1826,0.6804929860797212,19.813368055555554
1827,0.6937974024026956,19.82421875
1828,0.71389600208423,19.835069444444443
1829,0.7172541540007256,19.84592013888889
1830,0.7350519999569572,19.856770833333332
1831,0.7578726372348268,19.86762152777778
1832,0.7678290457531356,19.87847222222222
1833,0.7714207006170618,19.889322916666664
1834,0.7854284706137166,19.90017361111111
1835,0.7887892828258533,19.911024305555554
1836,0.8058748922188701,19.921875
1837,0.8178129205999617,19.932725694444443
1838,0.8234280632418746,19.94357638888889
1839,0.8373044097353614,19.954427083333332
1840,0.8455898642671364,19.96527777777778
1841,0.8534554723940084,19.97612847222222
1842,0.850045875986576,19.986979166666664
1843,0.8653532738182544,19.99782986111111
1844,0.8694456094730146,20.008680555555554
1845,0.8800114542934014,20.01953125
1846,0.8885083582898339,20.030381944444443
1847,0.888826653990276,20.04123263888889
1848,0.8823236951755858,20.052083333333332
1849,0.8919200139977661,20.06293402777778
1850,0.9001924875569349,20.07378472222222
1851,0.9071542479105251,20.084635416666664
1852,0.9123480038419751,20.09548611111111
1853,0.9092733982241621,20.106336805555554
1854,0.9095759291739207,20.1171875
1855,0.9211798280183384,20.128038194444443
1856,0.9018413737126855,20.13888888888889
1857,0.9063382906741145,20.149739583333332
1858,0.9102483606278097,20.16059027777778
1859,0.9081199581792938,20.17144097222222
1860,0.9153307240479456,20.182291666666664
1861,0.8961599158791466,20.19314236111111
1862,0.8974831122203677,20.203993055555554
1863,0.8842314539400287,20.21484375
1864,0.8866685574659677,20.225694444444443
1865,0.8884273021059291,20.23654513888889
1866,0.8803731333481946,20.247395833333332
1867,0.873531745444628,20.25824652777778
1868,0.8668899441983303,20.26909722222222
1869,0.867692776412221,20.279947916666664
1870,0.854176621378827,20.29079861111111
1871,0.8346179767256577,20.301649305555554
1872,0.835819831550534,20.3125
1873,0.8270534585324869,20.323350694444443
1874,0.8182483500034843,20.33420138888889
1875,0.8063801428478516,20.345052083333332
1876,0.7914252559485577,20.35590277777778
1877,0.7860707758795679,20.36675347222222
1878,0.7708180440348517,20.377604166666664
1879,0.7648583764919583,20.38845486111111
1880,0.7423119313357681,20.399305555555554
1881,0.7480083832242674,20.41015625
1882,0.7272415568962708,20.421006944444443
1883,0.7027172075503844,20.43185763888889
1884,0.6965716594627646,20.442708333333332
1885,0.6771018037660747,20.45355902777778
1886,0.6684711290530003,20.46440972222222
1887,0.6524615823850172,20.475260416666664
1888,0.6323938662564815,20.48611111111111
1889,0.6134142446220924,20.496961805555554
1890,0.6062681287723323,20.5078125
1891,0.5893391888814302,20.518663194444443
1892,0.5732457445635055,20.52951388888889
1893,0.5573729808650423,20.540364583333332
1894,0.5436357717884124,20.55121527777778
1895,0.5234413132827903,20.56206597222222
1896,0.5011081967700846,20.572916666666664
1897,0.4773949450324706,20.58376736111111
1898,0.46198151610444427,20.594618055555554
1899,0.44394020188840955,20.60546875
1900,0.42555587280152574,20.616319444444443
1901,0.4116935486407654,20.62717013888889
1902,0.3823026869444508,20.638020833333332
1903,0.35840934366516336,20.64887152777778
1904,0.34310241587826523,20.65972222222222
1905,0.3156937875977819,20.670572916666664
1906,0.29616326696541795,20.68142361111111
1907,0.27861894222952704,20.692274305555554
1908,0.26413688841070054,20.703125
1909,0.24169478672430805,20.713975694444443
1910,0.220099238771229,20.72482638888889
1911,0.1937026057154634,20.735677083333332
1912,0.18393367075794528,20.74652777777778
1913,0.14728439032149795,20.75737847222222
1914,0.1321723217865245,20.768229166666664
1915,0.10340329170215008,20.77907986111111
1916,0.09507806481160735,20.789930555555554
1917,0.07047795697991753,20.80078125
1918,0.05044637406688632,20.811631944444443
1919,0.015831126326679126,20.82248263888889
1920,-0.002350064486422808,20.833333333333332
1921,-0.022228176008858107,20.84418402777778
1922,-0.05315630522397102,20.85503472222222
1923,-0.061082137652425504,20.865885416666664
1924,-0.08172544932961534,20.87673611111111
1925,-0.10448750407992724,20.887586805555554
1926,-0.1313317255921303,20.8984375
1927,-0.1555617081915666,20.909288194444443
1928,-0.1830282410458181,20.92013888888889
1929,-0.18642337902113834,20.930989583333332
1930,-0.22072387441611208,20.94184027777778
1931,-0.24077287163858635,20.95269097222222
1932,-0.258286518315254,20.963541666666664
1933,-0.27891045667498177,20.97439236111111
1934,-0.29810894671749966,20.985243055555554
1935,-0.3188502228391753,20.99609375
1936,-0.3449878950633973,21.006944444444443
1937,-0.36572738227411344,21.01779513888889
1938,-0.3805555646225443,21.028645833333332
1939,-0.401846302772577,21.03949652777778
1940,-0.42477028435612674,21.05034722222222
1941,-0.44298568343153294,21.061197916666664
1942,-0.45285457017599967,21.07204861111111
1943,-0.4742161739470482,21.082899305555554
1944,-0.49042851252145486,21.09375
1945,-0.5115296327197056,21.104600694444443
1946,-0.530727877987205,21.11545138888889
1947,-0.5481921453820523,21.126302083333332
1948,-0.5631431087732895,21.13715277777778
1949,-0.5815872420648598,21.14800347222222
1950,-0.5988844747865586,21.158854166666664
1951,-0.6083605437008285,21.16970486111111
1952,-0.6230768403012321,21.180555555555554
1953,-0.6376923274556461,21.19140625
1954,-0.6552522696042703,21.202256944444443
1955,-0.6710179794055117,21.21310763888889
1956,-0.688998227530635,21.223958333333332
1957,-0.7033506559607052,21.23480902777778
1958,-0.7132118326215339,21.24565972222222
1959,-0.7288115686970322,21.256510416666664
1960,-0.7348124055799294,21.26736111111111
1961,-0.7491355195135333,21.278211805555554
1962,-0.75563507350172,21.2890625
1963,-0.7677590858794827,21.299913194444443
1964,-0.7746526678425029,21.31076388888889
1965,-0.7894727529560702,21.321614583333332
1966,-0.8009860484957412,21.33246527777778
1967,-0.8142304773278427,21.34331597222222
1968,-0.8212870350408396,21.354166666666664
1969,-0.8262264692220027,21.36501736111111
1970,-0.8282751474472744,21.375868055555554
1971,-0.8381931867002859,21.38671875
1972,-0.8495574520979852,21.397569444444443
1973,-0.8545866308420338,21.40842013888889
1974,-0.8545267513744671,21.419270833333332
1975,-0.8617169657188071,21.43012152777778
1976,-0.8651032489915986,21.44097222222222
1977,-0.8708101821233738,21.451822916666664
1978,-0.8707739605667668,21.46267361111111
1979,-0.8797655526211872,21.473524305555554
1980,-0.8734699264225595,21.484375
1981,-0.883661920364378,21.495225694444443
1982,-0.8720710617077639,21.50607638888889
1983,-0.8854027614902035,21.516927083333332
1984,-0.8846104547923644,21.52777777777778
1985,-0.8687633639726625,21.53862847222222
1986,-0.879105615051425,21.549479166666664
1987,-0.8868771583963345,21.56032986111111
1988,-0.8834833192472208,21.571180555555554
1989,-0.8766548728935295,21.58203125
1990,-0.867841484389668,21.592881944444443
1991,-0.8587899049353063,21.60373263888889
1992,-0.8613843171712545,21.614583333333332
1993,-0.8597883225689464,21.62543402777778
1994,-0.8516991189953782,21.63628472222222
1995,-0.852138469466718,21.647135416666664
1996,-0.8440570596509892,21.65798611111111
1997,-0.8371399781890371,21.668836805555554
1998,-0.8270666271953252,21.6796875
1999,-0.8181867358536308,21.690538194444443
2000,-0.808053622402816,21.70138888888889
2001,-0.8067721528399325,21.712239583333332
2002,-0.7913850679134355,21.72309027777778
2003,-0.7793892661374824,21.73394097222222
2004,-0.7727349226226554,21.744791666666664
2005,-0.7531830451125855,21.75564236111111
2006,-0.7524268859016455,21.766493055555554
2007,-0.7369589156942449,21.77734375
2008,-0.727832686779738,21.788194444444443
2009,-0.7217451106626173,21.79904513888889
2010,-0.6974303861324335,21.809895833333332
2011,-0.6868910146311061,21.82074652777778
2012,-0.6686080029660666,21.83159722222222
2013,-0.6635522436450928,21.842447916666664
2014,-0.6490413664521902,21.85329861111111
2015,-0.629233144165561,21.864149305555554
2016,-0.6236380940757963,21.875
2017,-0.5968892384470228,21.885850694444443
2018,-0.5913416061615511,21.89670138888889
2019,-0.5643813046035082,21.907552083333332
2020,-0.5525408401092765,21.91840277777778
2021,-0.5337168125575618,21.92925347222222
2022,-0.5161695989004754,21.940104166666664
2023,-0.507716473860691,21.95095486111111
2024,-0.47882227183734793,21.961805555555554
2025,-0.47325465981655557,21.97265625
2026,-0.4432385495720116,21.983506944444443
2027,-0.428338452609924,21.99435763888889
2028,-0.41447388237330035,22.005208333333332
2029,-0.387826720610223,22.01605902777778
2030,-0.3675796305792774,22.02690972222222
2031,-0.3538727048080746,22.037760416666664
2032,-0.3338772125328766,22.04861111111111
2033,-0.3149463832852292,22.059461805555554
2034,-0.29948444566449167,22.0703125
2035,-0.27425680196913094,22.081163194444443
2036,-0.252879191233345,22.09201388888889
2037,-0.235572570344557,22.102864583333332
2038,-0.21491744502292037,22.11371527777778
2039,-0.18959121257821365,22.12456597222222
2040,-0.17482548297543127,22.135416666666664
2041,-0.142310417912221,22.14626736111111
2042,-0.12248385620738052,22.157118055555554
2043,-0.10346214538425563,22.16796875
2044,-0.08418409563695835,22.178819444444443
2045,-0.06491668971255046,22.18967013888889
2046,-0.04244180961488537,22.200520833333332
2047,-0.0291018178672832,22.21137152777778
2048,0.011582358247970572,22.22222222222222
2049,0.02055392015643806,22.233072916666664
2050,0.04502902364744637,22.24392361111111
2051,0.0625686753791813,22.254774305555554
2052,0.0854487332988442,22.265625
2053,0.10563529322177813,22.276475694444443
2054,0.12868554022513018,22.28732638888889
2055,0.148947742518671,22.298177083333332
2056,0.1637316069265752,22.30902777777778
2057,0.18873452746316052,22.31987847222222
2058,0.20965785492852881,22.330729166666664
2059,0.23395286331389809,22.34157986111111
2060,0.2435124270594578,22.352430555555554
2061,0.27218838546265606,22.36328125
2062,0.29457457231325124,22.374131944444443
2063,0.30646894904166877,22.38498263888889
2064,0.33136257442539335,22.395833333333332
2065,0.3440381962621315,22.40668402777778
2066,0.3619946909801504,22.41753472222222
2067,0.39384089759238916,22.428385416666664
2068,0.4005424138067999,22.43923611111111
2069,0.4261391381960842,22.450086805555554
2070,0.4538512864343172,22.4609375
2071,0.47038383410394347,22.471788194444443
2072,0.48569734617176363,22.48263888888889
2073,0.49906131502698,22.493489583333332
2074,0.5137971583089477,22.50434027777778
2075,0.533006457142739,22.51519097222222
2076,0.5460618148819207,22.526041666666664
2077,0.5725455156577076,22.53689236111111
2078,0.57051169524129,22.547743055555554
2079,0.5909550357410647,22.55859375
2080,0.6087019745602535,22.569444444444443
2081,0.6251240346662164,22.58029513888889
2082,0.6415623856357172,22.591145833333332
2083,0.6536624569682358,22.60199652777778
2084,0.6739638225849564,22.61284722222222
2085,0.688309347626113,22.623697916666664
2086,0.6937646804604629,22.63454861111111
2087,0.7041609561598233,22.645399305555554
2088,0.7156303482691923,22.65625
2089,0.7307155533255139,22.667100694444443
2090,0.742134776674324,22.67795138888889
2091,0.7464117132433109,22.688802083333332
2092,0.7630622711592202,22.69965277777778
2093,0.7647662200003918,22.71050347222222
2094,0.7813066996050977,22.721354166666664
2095,0.7856429489278508,22.73220486111111
2096,0.8047752090047176,22.743055555555554
2097,0.8028175476376673,22.75390625
2098,0.8111577403344786,22.764756944444443
2099,0.8169188868333245,22.77560763888889
2100,0.826103946579307,22.786458333333332
2101,0.8334135696507168,22.79730902777778
2102,0.8420594903955024,22.80815972222222
2103,0.8401133277711648,22.819010416666664
2104,0.8462580446837574,22.82986111111111
2105,0.8444329614453636,22.840711805555554
2106,0.8417039696582744,22.8515625
2107,0.860869274860607,22.862413194444443
2108,0.8601231102823316,22.87326388888889
2109,0.8559960685192868,22.884114583333332
2110,0.8614506700039092,22.89496527777778
2111,0.8603259485424025,22.90581597222222
2112,0.8568777915436367,22.916666666666664
2113,0.8589021994760951,22.92751736111111
2114,0.8573227707812916,22.938368055555554
2115,0.8614999291826546,22.94921875
2116,0.855771283482983,22.960069444444443
2117,0.8541587056133756,22.97092013888889
2118,0.856788098580565,22.981770833333332
2119,0.8476980653933677,22.99262152777778
2120,0.8436689011015049,23.00347222222222
2121,0.8491672787834624,23.014322916666664
2122,0.8382682329791774,23.02517361111111
2123,0.8272474609575671,23.036024305555554
2124,0.8302495299003013,23.046875
2125,0.8125429153063168,23.057725694444443
2126,0.8074629122575238,23.06857638888889
2127,0.7958121741737646,23.079427083333332
2128,0.7993095422377946,23.09027777777778
2129,0.787562567902149,23.10112847222222
2130,0.7698287756789928,23.111979166666664
2131,0.7696378660974095,23.12282986111111
2132,0.7535292226722295,23.133680555555554
2133,0.7564583150878742,23.14453125
2134,0.7363683246484509,23.155381944444443
2135,0.726649285208441,23.16623263888889
2136,0.7099365652498941,23.177083333333332
2137,0.6989946139049429,23.18793402777778
2138,0.6849584878856834,23.19878472222222
2139,0.6784167365063254,23.209635416666664
2140,0.6582217814533572,23.22048611111111
2141,0.6580621828464971,23.231336805555554
2142,0.6439593480567247,23.2421875
2143,0.6208444055525923,23.253038194444443
2144,0.6137342186604232,23.26388888888889
2145,0.5930971016942609,23.274739583333332
2146,0.568327008774868,23.28559027777778
2147,0.5699465335560249,23.29644097222222
2148,0.5434468016090622,23.307291666666664
2149,0.5263646201924944,23.31814236111111
2150,0.5188761669379176,23.328993055555554
2151,0.4959274604949843,23.33984375
2152,0.4742807187475368,23.350694444444443
2153,0.4593555130910764,23.36154513888889
2154,0.44989787840852496,23.372395833333332
2155,0.4345276232496199,23.38324652777778
2156,0.4087651146020036,23.39409722222222
2157,0.3845231783422964,23.404947916666664
2158,0.3729077111096018,23.41579861111111
2159,0.34662951905228606,23.426649305555554
2160,0.3305889623531493,23.4375
2161,0.3069820519359899,23.448350694444443
2162,0.28819361331379184,23.45920138888889
2163,0.2628860953562081,23.470052083333332
2164,0.2502464340778199,23.48090277777778
2165,0.22600378560474577,23.49175347222222
2166,0.2065486904898152,23.502604166666664
2167,0.18412922332142798,23.51345486111111
2168,0.1655990329874144,23.524305555555554
2169,0.14284297011967584,23.53515625
2170,0.11958945608469808,23.546006944444443
2171,0.10963796060312453,23.55685763888889
2172,0.0808034870196101,23.567708333333332
2173,0.06868381429516728,23.57855902777778
2174,0.043612860121972734,23.58940972222222
2175,0.021162007198911523,23.600260416666664
2176,-0.00547108158143329,23.61111111111111
2177,-0.019610419848071603,23.621961805555554
2178,-0.052521962419037865,23.6328125
2179,-0.058191906477572004,23.643663194444443
2180,-0.08631219887915516,23.65451388888889
2181,-0.10405071047566845,23.665364583333332
2182,-0.1237116851305379,23.67621527777778
2183,-0.14665921306073748,23.68706597222222
2184,-0.16667229122572852,23.697916666666664
2185,-0.1909313364745648,23.70876736111111
2186,-0.20765922289157268,23.719618055555554
2187,-0.22235140806606976,23.73046875
2188,-0.24552435328918776,23.741319444444443
2189,-0.2637921444765225,23.75217013888889
2190,-0.28319013622825834,23.763020833333332
2191,-0.30241153225734946,23.77387152777778
2192,-0.3251813557456761,23.78472222222222
2193,-0.3412552188162327,23.795572916666664
2194,-0.3678289820784928,23.80642361111111
2195,-0.38260498178842367,23.817274305555554
2196,-0.39905292475222576,23.828125
2197,-0.42427835637942285,23.838975694444443
2198,-0.43718523182534863,23.84982638888889
2199,-0.45679515698473433,23.860677083333332
2200,-0.47156036417906755,23.87152777777778
2201,-0.4897128544132344,23.88237847222222
2202,-0.5058894617905282,23.893229166666664
2203,-0.5266641057705285,23.90407986111111
2204,-0.5439260839679629,23.914930555555554
2205,-0.5654950445370982,23.92578125
2206,-0.5767767958178969,23.936631944444443
2207,-0.5888578288569273,23.94748263888889
2208,-0.6007899663114032,23.958333333333332
2209,-0.6162626332558094,23.96918402777778
2210,-0.638333128440803,23.98003472222222
2211,-0.6473912763603887,23.990885416666664
2212,-0.6628539843416689,24.00173611111111
2213,-0.6722003818011538,24.012586805555554
2214,-0.6935282024872292,24.0234375
2215,-0.6809591794692276,24.034288194444443
2216,-0.716753918292805,24.04513888888889
2217,-0.719732703687525,24.055989583333332
2218,-0.7346376192868308,24.06684027777778
2219,-0.741087698115141,24.07769097222222
2220,-0.7535046935368667,24.088541666666664
2221,-0.7576709629240156,24.09939236111111
2222,-0.7684127883561673,24.110243055555554
2223,-0.7872386146447549,24.12109375
2224,-0.7808033773760772,24.131944444444443
2225,-0.7935533262632615,24.14279513888889
2226,-0.8061468070671729,24.153645833333332
2227,-0.8155596230377085,24.16449652777778
2228,-0.8236309543129487,24.17534722222222
2229,-0.8256412287511772,24.186197916666664
2230,-0.8322755062186232,24.19704861111111
2231,-0.8294081313777105,24.207899305555554
2232,-0.8474681508078296,24.21875
2233,-0.8376596567400775,24.229600694444443
2234,-0.8387213797208246,24.24045138888889
2235,-0.8457336906054785,24.251302083333332
2236,-0.8487057020910811,24.26215277777778
2237,-0.8487030939312248,24.27300347222222
2238,-0.8452597054773026,24.283854166666664
2239,-0.8479975607881506,24.29470486111111
2240,-0.8456248918823867,24.305555555555554
2241,-0.8486039995675186,24.31640625
2242,-0.8478185288524615,24.327256944444443
2243,-0.8473246357498889,24.33810763888889
2244,-0.8459451084042955,24.348958333333332
2245,-0.8421411606143785,24.35980902777778
2246,-0.8489907517302813,24.37065972222222
2247,-0.8355620482628168,24.381510416666664
2248,-0.8339277944473162,24.39236111111111
2249,-0.8300339263175935,24.403211805555554
2250,-0.8281938226774891,24.4140625
2251,-0.8222008212601489,24.424913194444443
2252,-0.8119445871208693,24.43576388888889
2253,-0.8107257113464301,24.446614583333332
2254,-0.8066511492615885,24.45746527777778
2255,-0.8003539305232988,24.46831597222222
2256,-0.7842578733224294,24.479166666666664
2257,-0.7822771668028692,24.49001736111111
2258,-0.7670445594196784,24.500868055555554
2259,-0.7575314855618573,24.51171875
2260,-0.7572917851041964,24.522569444444443
2261,-0.7375701327234745,24.53342013888889
2262,-0.7338758779461664,24.544270833333332
2263,-0.7127169305262391,24.55512152777778
2264,-0.7026743487407713,24.56597222222222
2265,-0.7038623550223844,24.576822916666664
2266,-0.6885059350678928,24.58767361111111
2267,-0.6717588241355226,24.598524305555554
2268,-0.656960249754684,24.609375
2269,-0.6486746791706463,24.620225694444443
2270,-0.63154728305091,24.63107638888889
2271,-0.6183135563042347,24.641927083333332
2272,-0.5993514811798,24.65277777777778
2273,-0.580977828343247,24.66362847222222
2274,-0.5681509518242249,24.674479166666664
2275,-0.5541675856129729,24.68532986111111
2276,-0.543844082459526,24.696180555555554
2277,-0.5251586677312928,24.70703125
2278,-0.5025547920347305,24.717881944444443
2279,-0.4900224120804537,24.72873263888889
2280,-0.4736513998265372,24.739583333333332
2281,-0.45860800700024457,24.75043402777778
2282,-0.43619594847352583,24.76128472222222
2283,-0.4177982161725748,24.772135416666664
2284,-0.3966747019459065,24.78298611111111
2285,-0.3761775647302947,24.793836805555554
2286,-0.36029334300955695,24.8046875
2287,-0.3507893663075476,24.815538194444443
2288,-0.3284677334310533,24.82638888888889
2289,-0.300837638315601,24.837239583333332
2290,-0.2811795634389721,24.84809027777778
2291,-0.26347637642038735,24.85894097222222
2292,-0.2491356347949809,24.869791666666664
2293,-0.22581092362260655,24.88064236111111
2294,-0.22051546112683731,24.891493055555554
2295,-0.1870840363219878,24.90234375
2296,-0.17010688979304342,24.913194444444443
2297,-0.1435480179889709,24.92404513888889
2298,-0.11762026839141185,24.934895833333332
2299,-0.10049109312669265,24.94574652777778
2300,-0.08697036055708356,24.95659722222222
2301,-0.06531175118424903,24.967447916666664
2302,-0.04173423116119737,24.97829861111111
2303,-0.01904943356206821,24.989149305555554
2304,0.0037981092570723352,25.0
2305,0.020305545908829912,25.010850694444443
2306,0.04110296286814032,25.02170138888889
2307,0.05939246655473182,25.032552083333332
2308,0.08291480360160017,25.04340277777778
2309,0.09946053165143992,25.05425347222222
2310,0.12840195426020487,25.065104166666664
2311,0.14043534635825364,25.07595486111111
2312,0.16299128683803946,25.086805555555554
2313,0.18407141565796997,25.09765625
2314,0.20900988003738233,25.108506944444443
2315,0.22484781341157672,25.11935763888889
2316,0.24756353355816282,25.130208333333332
2317,0.26365199778262144,25.14105902777778
2318,0.28404907876811675,25.15190972222222
2319,0.30465884655322645,25.162760416666664
2320,0.33230050737827943,25.17361111111111
2321,0.33912722236156423,25.184461805555554
2322,0.3641042616601443,25.1953125
2323,0.3858057767061568,25.206163194444443
2324,0.404758814437951,25.21701388888889
2325,0.41679471588924444,25.227864583333332
2326,0.4347988669359109,25.23871527777778
2327,0.45797849426459003,25.24956597222222
2328,0.46000387641754803,25.260416666666664
2329,0.48887399485526284,25.27126736111111
2330,0.5123278106401578,25.282118055555554
2331,0.5176219936105022,25.29296875
2332,0.5409345569369042,25.303819444444443
2333,0.5587761466341813,25.31467013888889
2334,0.5654848054849844,25.325520833333332
2335,0.5940197203938787,25.33637152777778
2336,0.6044821988732952,25.34722222222222
2337,0.6175014838626548,25.358072916666664
2338,0.6261412873538332,25.36892361111111
2339,0.6453595050774898,25.379774305555554
2340,0.6621406857681378,25.390625
2341,0.672064913350369,25.401475694444443
2342,0.6809764810634303,25.41232638888889
2343,0.6920426187039065,25.423177083333332
2344,0.7016453902394428,25.43402777777778
2345,0.7162465260482153,25.44487847222222
2346,0.7224190137987727,25.455729166666664
2347,0.743510912383688,25.46657986111111
2348,0.7470827602323314,25.477430555555554
2349,0.7653320391719735,25.48828125
2350,0.7571732897519567,25.499131944444443
2351,0.7760888851854613,25.50998263888889
2352,0.7848177527835336,25.520833333333332
2353,0.7882427201611317,25.53168402777778
2354,0.801187500248969,25.54253472222222
2355,0.8080706937637244,25.553385416666664
2356,0.8151293101989692,25.56423611111111
2357,0.8249670891236053,25.575086805555554
2358,0.8321056691479477,25.5859375
2359,0.8315575381428437,25.596788194444443
2360,0.8330984346776013,25.60763888888889
2361,0.8428556148478515,25.618489583333332
2362,0.8420740947340684,25.62934027777778
2363,0.8466677504954063,25.64019097222222
2364,0.8414069453521377,25.651041666666664
2365,0.8537011777923449,25.66189236111111
2366,0.854801155519522,25.672743055555554
2367,0.8513303871298097,25.68359375
2368,0.8579103206384475,25.694444444444443
2369,0.8582372768605607,25.70529513888889
2370,0.8470145307699701,25.716145833333332
2371,0.8453042282610729,25.72699652777778
2372,0.8424170797058546,25.73784722222222
2373,0.8494147443481427,25.748697916666664
2374,0.8431218612670224,25.75954861111111
2375,0.8454257658085053,25.770399305555554
2376,0.8267623932277771,25.78125
2377,0.8310708504811218,25.792100694444443
2378,0.838589195515769,25.80295138888889
2379,0.8173393925172467,25.813802083333332
2380,0.8177586127901784,25.82465277777778
2381,0.8063823370341723,25.83550347222222
2382,0.8097963549110532,25.846354166666664
2383,0.7930027557335179,25.85720486111111
2384,0.7891570500260592,25.868055555555554
2385,0.7734368399193451,25.87890625
2386,0.7737469551230041,25.889756944444443
2387,0.7553906540734545,25.90060763888889
2388,0.7565017143541839,25.911458333333332
2389,0.7448429613159723,25.92230902777778
2390,0.7262752810507164,25.93315972222222
2391,0.7216546277184241,25.944010416666664
2392,0.7099538750619334,25.95486111111111
2393,0.6967657013847767,25.965711805555554
2394,0.6922725076427761,25.9765625
2395,0.6745142704100449,25.987413194444443
2396,0.661868971195828,25.99826388888889
2397,0.6429364509567547,26.009114583333332
2398,0.6273805014603266,26.01996527777778
2399,0.6224591336934587,26.03081597222222
2400,0.6065729051684379,26.041666666666664
2401,0.5951145481857467,26.05251736111111
2402,0.565988260104343,26.063368055555554
2403,0.5686916315069988,26.07421875
2404,0.5362807189949884,26.085069444444443
2405,0.5137195236453441,26.09592013888889
2406,0.5081715553460929,26.106770833333332
2407,0.48641778577845246,26.11762152777778
2408,0.47077410875250214,26.12847222222222
2409,0.4474397354210744,26.139322916666664
2410,0.43893780594449106,26.15017361111111
2411,0.421337417594843,26.161024305555554
2412,0.40206435359495973,26.171875
2413,0.3843398040780372,26.182725694444443
2414,0.3622693108429585,26.19357638888889
2415,0.339094499501845,26.204427083333332
2416,0.32333601275880175,26.21527777777778
2417,0.31335366992468555,26.22612847222222
2418,0.2788105744152413,26.236979166666664
2419,0.27127038561603806,26.24782986111111
2420,0.2511294123010052,26.258680555555554
2421,0.22997093138469216,26.26953125
2422,0.20007941465639018,26.280381944444443
2423,0.18677161487892927,26.29123263888889
2424,0.16917236108627964,26.302083333333332
2425,0.14286449786393537,26.31293402777778
2426,0.12011176487374867,26.32378472222222
2427,0.09805467854261547,26.334635416666664
2428,0.08136999673825097,26.34548611111111
2429,0.06634024645311805,26.356336805555554
2430,0.03425777228023691,26.3671875
2431,0.017649802679689842,26.378038194444443
2432,0.0032726762890432277,26.38888888888889
2433,-0.02041176827178788,26.399739583333332
2434,-0.04275630401438006,26.41059027777778
2435,-0.06787032414041326,26.42144097222222
2436,-0.08619090573968442,26.432291666666664
2437,-0.09980623816554403,26.44314236111111
2438,-0.12559326893688819,26.453993055555554
2439,-0.14084251066986697,26.46484375
2440,-0.16823022617891722,26.475694444444443
2441,-0.18319169290868562,26.48654513888889
2442,-0.20783179663585744,26.497395833333332
2443,-0.2234980171954672,26.50824652777778
2444,-0.24794884308992315,26.51909722222222
2445,-0.27044133269445153,26.529947916666664
2446,-0.2873922362706268,26.54079861111111
2447,-0.3059389186968147,26.551649305555554
2448,-0.32300831497151616,26.5625
2449,-0.3444411183661573,26.573350694444443
2450,-0.37084936342670743,26.58420138888889
2451,-0.3857265352179553,26.595052083333332
2452,-0.40857680259746293,26.60590277777778
2453,-0.4127775764750339,26.61675347222222
2454,-0.43936332188409455,26.627604166666664
2455,-0.4586664175664465,26.63845486111111
2456,-0.47472536871707216,26.649305555555554
2457,-0.49931761840319355,26.66015625
2458,-0.5062864583674586,26.671006944444443
2459,-0.526492910218526,26.68185763888889
2460,-0.5474654293852973,26.692708333333332
2461,-0.5556980747551281,26.70355902777778
2462,-0.572899535796497,26.71440972222222
2463,-0.5953909697443184,26.725260416666664
2464,-0.5984594990792433,26.73611111111111
2465,-0.6134139871101688,26.746961805555554
2466,-0.6416542207912029,26.7578125
2467,-0.646351450859827,26.768663194444443
2468,-0.669079571177693,26.77951388888889
2469,-0.6769593095990758,26.790364583333332
2470,-0.6952746589561426,26.80121527777778
2471,-0.7041542170568722,26.81206597222222
2472,-0.708330100240456,26.822916666666664
2473,-0.7214128569363474,26.83376736111111
2474,-0.7377016316145497,26.844618055555554
2475,-0.7454734416387123,26.85546875
2476,-0.7600516403012249,26.866319444444443
2477,-0.7716837029973722,26.87717013888889
2478,-0.778614435641975,26.888020833333332
2479,-0.7825420244520375,26.89887152777778
2480,-0.7930650955133086,26.90972222222222
2481,-0.8084365611538398,26.920572916666664
2482,-0.8064911132674858,26.93142361111111
2483,-0.8127813337316444,26.942274305555554
2484,-0.8177132553644184,26.953125
2485,-0.829442630368832,26.963975694444443
2486,-0.8322700441289658,26.97482638888889
2487,-0.8440173953965858,26.985677083333332
2488,-0.8516774364007407,26.99652777777778
2489,-0.8572519324691491,27.00737847222222
2490,-0.8502969411278087,27.018229166666664
2491,-0.8564604351090503,27.02907986111111
2492,-0.8572274628753593,27.039930555555554
2493,-0.8511757942396367,27.05078125
2494,-0.8595418846320568,27.061631944444443
2495,-0.8635733769225089,27.07248263888889
2496,-0.8553857873414211,27.083333333333332
2497,-0.8617832164552856,27.09418402777778
2498,-0.8573087619669003,27.10503472222222
2499,-0.8639882063603059,27.115885416666664
2500,-0.8539351471856401,27.12673611111111
2501,-0.8527296239734249,27.137586805555554
2502,-0.8538783331948381,27.1484375
2503,-0.8535836205164945,27.159288194444443
2504,-0.8480821376944632,27.17013888888889
2505,-0.8347731051436676,27.180989583333332
2506,-0.8358634168548289,27.19184027777778
2507,-0.825927111231291,27.20269097222222
2508,-0.821832012380783,27.213541666666664
2509,-0.8199049357428656,27.22439236111111
2510,-0.818136553488543,27.235243055555554
2511,-0.8040080353401893,27.24609375
2512,-0.7993848793231494,27.256944444444443
2513,-0.7968821735326804,27.26779513888889
2514,-0.7780612874867731,27.278645833333332
2515,-0.7736687870079286,27.28949652777778
2516,-0.7657030885277339,27.30034722222222
2517,-0.7568689724116691,27.311197916666664
2518,-0.7415216240308401,27.32204861111111
2519,-0.727278214806074,27.332899305555554
2520,-0.724433595591848,27.34375
2521,-0.7106331646160524,27.354600694444443
2522,-0.6953554162315853,27.36545138888889
2523,-0.6836345701681097,27.376302083333332
2524,-0.6710491911359421,27.38715277777778
2525,-0.6524008689016273,27.39800347222222
2526,-0.6360041180702641,27.408854166666664
2527,-0.6263163586785112,27.41970486111111
2528,-0.6187744211721262,27.430555555555554
2529,-0.5989372130843089,27.44140625
2530,-0.5830959037793851,27.452256944444443
2531,-0.5663619688918856,27.46310763888889
2532,-0.55265447379279,27.473958333333332
2533,-0.5319373123735007,27.48480902777778
2534,-0.5197378676888179,27.49565972222222
2535,-0.4978682860123016,27.506510416666664
2536,-0.4814733921525426,27.51736111111111
2537,-0.4616076434838029,27.528211805555554
2538,-0.4440996445664562,27.5390625
2539,-0.43051004523228015,27.549913194444443
2540,-0.41086894837813415,27.56076388888889
2541,-0.38682176024357945,27.571614583333332
2542,-0.3766099883959418,27.58246527777778
2543,-0.3469071439846164,27.59331597222222
2544,-0.34123748165955337,27.604166666666664
2545,-0.31224876076925856,27.61501736111111
2546,-0.29632542745667145,27.625868055555554
2547,-0.27082171469074384,27.63671875
2548,-0.25516871660335333,27.647569444444443
2549,-0.2336891556653936,27.65842013888889
2550,-0.21192649785215337,27.669270833333332
2551,-0.19150688421930903,27.68012152777778
2552,-0.1668630264715671,27.69097222222222
2553,-0.1483622245766215,27.701822916666664
2554,-0.1284913164692921,27.71267361111111
2555,-0.10579787564440121,27.723524305555554
2556,-0.08499974650687246,27.734375
2557,-0.062352079659571076,27.745225694444443
2558,-0.03834945497040953,27.75607638888889
2559,-0.02182793926822364,27.766927083333332
