event_id,start_time,asset_name,manual_event_type,timestamps (in ms),Vab,Vbc,Vca,Ia,Ib,Ic
event_0320,2022-06-22,test_0320,placeholder,0.0,0.0039890016605209,0.0062622349152507,-0.0037982088030207,0.0028379267793709,7.044511996327787e-05,-0.0030056738260502
,,,,0.0108506944444444,0.0302466389209555,0.016823462101673,0.0246149047693767,0.0248542669891535,0.0209384732426349,0.0208430222051301
,,,,0.0217013888888888,0.0440475347745608,0.0548173927179658,0.0427577800691259,0.0457292771290324,0.057236659251336,0.0606673360447845
,,,,0.0325520833333333,0.077447649941056,0.0800650330652295,0.0649117030520052,0.0675150241436356,0.0713334665990128,0.0766853474784535
,,,,0.0434027777777777,0.095493722708607,0.0936371232724609,0.1008494850754035,0.0941104803267194,0.1005036250364105,0.1000325360928146
,,,,0.0542534722222222,0.1230729984992173,0.128133056608311,0.1170901225129357,0.125014580038023,0.1199450358207741,0.123096922131959
,,,,0.0651041666666666,0.1463863293112595,0.1426768714227622,0.1433108506480654,0.1468127192202254,0.1395791065011228,0.1470027243251974
,,,,0.0759548611111111,0.1606547979575413,0.1740159684157513,0.1731322794705553,0.1714396068582931,0.1723247877316511,0.1702024979584826
,,,,0.0868055555555555,0.1949995961883867,0.195825548057916,0.1910168053165136,0.188364650351166,0.1891791635690162,0.192770123117206
,,,,0.09765625,0.2155181685609338,0.2253980805520068,0.2153000553194735,0.2165125981235806,0.2202971740012075,0.2149964580823845
,,,,0.1085069444444444,0.2296542020184913,0.2428578400443508,0.2509935803114462,0.2493012683441263,0.2439487786222228,0.2492109116772268
,,,,0.1193576388888888,0.2616588824540036,0.2604484735594881,0.2640499178495219,0.2639301118274676,0.2679673655302206,0.2752169584207318
,,,,0.1302083333333333,0.2874908945515622,0.2878965560895699,0.2857616070276602,0.2971002719426714,0.2824353418711571,0.2853733920322854
,,,,0.1410590277777777,0.3144074819029396,0.3197791799601384,0.3154558173539802,0.3169469463547435,0.3181001172839738,0.3150569830097859
,,,,0.1519097222222222,0.3412359805224973,0.3399206176389356,0.3333863071199218,0.3433126620810242,0.3311081320303228,0.3385140851246162
,,,,0.1627604166666666,0.362869843942315,0.3487282839153453,0.3496437289392156,0.3583685309034747,0.3570261618680994,0.3621236199339362
,,,,0.1736111111111111,0.3754512482415305,0.3844209166192645,0.3803476398343391,0.3875033333399199,0.3808515416567165,0.3748837753121112
,,,,0.1844618055555555,0.4173361801273664,0.4053880617131121,0.4026534182931875,0.402886932540254,0.4106464783787661,0.4013048226822261
,,,,0.1953125,0.4316689451175054,0.4273301523672809,0.4353546326184453,0.4291211112388555,0.4280332347730427,0.4232169976662692
,,,,0.2061631944444444,0.4575229510753691,0.4578110307113143,0.4414676879304448,0.4587893175138175,0.4514864405856776,0.4527556679429023
,,,,0.2170138888888889,0.4658192141389058,0.4674146811295704,0.4770617148857543,0.4739179672566951,0.4699180236583052,0.4729595580650665
,,,,0.2278645833333333,0.4998840214149483,0.4897527507561396,0.4922025037715952,0.4905699603067169,0.50054387079251,0.4833729647451233
,,,,0.2387152777777777,0.511277510647146,0.5167501139399266,0.5202906110717562,0.5176887458967637,0.5217961050627445,0.5167735960896526
,,,,0.2495659722222222,0.5461564852214077,0.5397066162344946,0.5413092588269728,0.5358885158559206,0.5295300845325457,0.5371006187804199
,,,,0.2604166666666666,0.5522013218107515,0.5577779989191569,0.5425318344297364,0.5595705695781023,0.5569569390590046,0.5602996566473034
,,,,0.2712673611111111,0.5785197991800053,0.5747869824977831,0.5714820543479961,0.5702955086288403,0.5684678285857613,0.584672124710623
,,,,0.2821180555555555,0.6024744112045417,0.5960422273861496,0.5964833010645516,0.5972371276247306,0.5944938931260504,0.5954636609362606
,,,,0.29296875,0.6216345101881784,0.6064415500044227,0.6125874788576728,0.616222197723218,0.6078552534219532,0.6204072853189835
,,,,0.3038194444444444,0.6372657659037874,0.6286042313152039,0.6407982515133027,0.624361615487426,0.6323794376945012,0.6383115794980985
,,,,0.3146701388888889,0.6491926826939499,0.6468948949433093,0.651568279426549,0.654210442439737,0.6546927264639767,0.6457692885415747
,,,,0.3255208333333333,0.667201351632675,0.6675462623720148,0.6789310002716454,0.6741897910218766,0.6653004136399535,0.6716966536379421
,,,,0.3363715277777778,0.69179235996216,0.6859251789636218,0.6805699253428229,0.6916834545473869,0.7051022225871372,0.68779958861535
,,,,0.3472222222222222,0.7042096891927531,0.7071981539854012,0.7077365517474533,0.7094411436353948,0.6934864471618923,0.7023544998159844
,,,,0.3580729166666666,0.7220781824009994,0.7186419967088232,0.7313402582045596,0.726012345863634,0.7294638895075805,0.7375193234095188
,,,,0.3689236111111111,0.7377583856220528,0.7406063782747935,0.747707658247805,0.7467902773077062,0.735125850162511,0.7316455435354344
,,,,0.3797743055555555,0.7516947628725191,0.7605676311278952,0.7572587487147906,0.7522769377940002,0.7498223367037653,0.7627134244635463
,,,,0.390625,0.7767826344314435,0.7671286090912312,0.7697734354827935,0.7762125419286595,0.7734461717506507,0.7748420575164191
,,,,0.4014756944444444,0.7873386376430682,0.7819991849682184,0.7863694366008533,0.7856241676741829,0.79246261320496,0.7900777595386778
,,,,0.4123263888888889,0.7966182386341868,0.7939932861360414,0.8106724797770488,0.8044323679228502,0.8041639806942965,0.8013092633240626
,,,,0.4231770833333333,0.8142375665409632,0.8191424005158534,0.821152789006415,0.8216939867352115,0.8142335951539521,0.8184347814847795
,,,,0.4340277777777778,0.8328324709226506,0.8265752750534686,0.8300458757778507,0.8361936123271466,0.8316353065837614,0.8307303083488443
,,,,0.4448784722222222,0.8483507157593675,0.8478227829014975,0.8425634288819336,0.8387809328084008,0.8454505661334271,0.8425564555055203
,,,,0.4557291666666666,0.871925853461032,0.8619603850540121,0.853684357168976,0.8508106398814359,0.8577481305616731,0.8606739638021949
,,,,0.4665798611111111,0.869063113046555,0.8693793444439769,0.8767193888072367,0.8795053065542285,0.8788189666021005,0.8748286235854998
,,,,0.4774305555555555,0.8834066090444752,0.8875316599909344,0.868936422829893,0.8847474214409204,0.8774283658296603,0.8843309742493122
,,,,0.48828125,0.8898256857652213,0.8932099035432537,0.8937802915127563,0.8963814363769383,0.8984672974177446,0.8901930571028944
,,,,0.4991319444444444,0.9076106018230004,0.9008274950517848,0.9063650782641932,0.9036667062623392,0.9114611921421012,0.9067337610302976
,,,,0.5099826388888888,0.9155371323369036,0.9220432678514908,0.9204214435453149,0.9165208890202974,0.9229469293995768,0.9188234056390712
,,,,0.5208333333333333,0.92546834713545,0.9294336179710996,0.9120776175666316,0.9133818170160952,0.9248642095049656,0.9142009285716648
,,,,0.5316840277777778,0.933091300310165,0.936186813287008,0.937103750153352,0.9311742775769424,0.9264783109122432,0.9391184968132574
,,,,0.5425347222222222,0.9371945882308064,0.9399406060442236,0.9420947968053102,0.9418391567650164,0.9412626881923856,0.9381839341127028
,,,,0.5533854166666666,0.9424791560077496,0.9424811528495376,0.9475551248684632,0.9513462039886154,0.960902104223362,0.9463926994617958
,,,,0.564236111111111,0.946898470205946,0.9582619598361984,0.9545549424792952,0.9571289780377226,0.9577712123274958,0.9620059125269668
,,,,0.5750868055555556,0.9619411641651336,0.957987273179674,0.965492437713478,0.9612172669987792,0.9630800494734292,0.9605641366146715
,,,,0.5859375,0.9734820541020964,0.9721111500672216,0.9678420469508956,0.9650566450895862,0.971589526773287,0.968674300297157
,,,,0.5967881944444444,0.9787648746156364,0.9639768061183552,0.9793766759488404,0.9634798821394768,0.97485034867244,0.9710609924090924
,,,,0.6076388888888888,0.97842349054546,0.9756078568384686,0.977268960376985,0.9792280728129962,0.9808814497121064,0.9784885540372684
,,,,0.6184895833333333,0.9910397363459555,0.9811251532962286,0.98284121323839,0.9837852048646004,0.9845134631960796,0.9794896137981276
,,,,0.6293402777777778,0.9806873630011954,0.9828618536795124,0.986781686529012,0.9873983167953224,0.9813304835047992,0.9925668921702592
,,,,0.6401909722222222,0.9881080711121716,0.994547409962589,0.9948112815340684,0.9971594516461674,0.994771542386971,0.9959014473266994
,,,,0.6510416666666666,0.9955751998706556,0.9876005783026176,0.9967590876585694,0.9937087751008892,0.9929897971710148,1.0020531792761895
,,,,0.661892361111111,0.9975756511640904,0.9890236621008348,0.997636758063046,0.9973814870304156,0.9962609804533964,0.9881296416847816
,,,,0.6727430555555556,1.006014382501999,0.9983894985859968,0.9934666850816982,1.0065027838539262,0.9961208728447416,0.9997535976897184
,,,,0.68359375,1.001692137408111,0.9973784912752354,1.0033513981380873,1.0020613310079831,1.0006220132696615,1.002913585324977
,,,,0.6944444444444444,0.9975662982814766,1.0004700458913192,0.9972173905642148,1.009730486916515,1.0015099646058674,1.0034722219817214
,,,,0.7052951388888888,0.9967817752615888,1.011446178976788,0.9938098376248932,0.9926340625233884,0.9979884747558164,0.99328975577677
,,,,0.7161458333333333,0.9988518206896896,0.998883508597714,1.0023080100336244,0.9929816442384852,0.9935082793009072,0.9977598962033256
,,,,0.7269965277777778,0.9935512348389736,1.000189276540571,1.0004421106736705,0.9956125193774052,0.9967271049103597,0.991667958953019
,,,,0.7378472222222222,1.001518357070597,0.9858319627604092,0.9992632568076432,0.9894548954129035,0.9908686636060048,1.001490040001151
,,,,0.7486979166666666,0.9991594575125808,0.9934589326959884,0.9888310416019348,0.985179929240318,0.9839063909893444,0.9974408250994374
,,,,0.759548611111111,0.980700663162032,0.9925795766509798,0.986360809688192,0.9923375374557102,0.9879694770167518,0.9999913527192316
,,,,0.7703993055555556,0.9871561555325836,0.984769314943663,0.9815752550147642,0.9766292835760636,0.98586075307919,0.9867745621738008
,,,,0.78125,0.9767562780149798,0.9802775114615836,0.9715343209531826,0.9865731307932412,0.974806373269726,0.97814742671981
,,,,0.7921006944444444,0.9777314375047764,0.9734875354715232,0.969670097200566,0.9816890365915892,0.9758342396139532,0.9792636919716956
,,,,0.8029513888888888,0.9699904355290564,0.9612849247655314,0.9772726231103014,0.9675135635501296,0.9591549469652164,0.9707075286496648
,,,,0.8138020833333333,0.9624348878963584,0.9664865976435606,0.959558844199621,0.9683681726932934,0.957071887500332,0.960251616175223
,,,,0.8246527777777778,0.9581431313887788,0.9595996088367176,0.964476555906398,0.9506529230937476,0.9653073791344584,0.9548474804940734
,,,,0.8355034722222222,0.9422984037553056,0.9452079203049286,0.9560619185327528,0.9533370359924254,0.9377295911783966,0.9505927332444566
,,,,0.8463541666666666,0.9437774801749526,0.9393199420994816,0.940888627225284,0.9338407583087864,0.940798418070136,0.946333760462254
,,,,0.857204861111111,0.9370387717842664,0.9321775420482352,0.9316380930554722,0.9398677429299404,0.94810729371542,0.9370389075732296
,,,,0.8680555555555556,0.9282088130608378,0.9281778610806104,0.9244834440423322,0.9232037960577588,0.924435391649249,0.929153524086162
,,,,0.87890625,0.9178930168948,0.9142638365686,0.9182391016037018,0.9166325558990006,0.9144871964315608,0.9174783759893138
,,,,0.8897569444444444,0.9036323508967388,0.9015763160629696,0.8990664976174219,0.9091487329307738,0.9053563342235228,0.8946006874263223
,,,,0.9006076388888888,0.8948615706868798,0.9033360593936948,0.8906533024836442,0.8983954326314035,0.8914067572517229,0.8982386820335868
,,,,0.9114583333333331,0.884464994014847,0.8719553488543654,0.8881783501698566,0.8829438620819599,0.8792344668065958,0.8803550133114002
,,,,0.9223090277777778,0.8821792618326567,0.8691085538414396,0.8754710323142026,0.8717941359032956,0.8656950835028699,0.8631290847205465
,,,,0.9331597222222222,0.849253904935852,0.8550932842341641,0.8543147440111591,0.8634130786444708,0.8607731009256758,0.8505736500384997
,,,,0.9440104166666666,0.8475948322872108,0.8413225550923067,0.8600570817947466,0.8397971553071102,0.8478733197975971,0.8526221403324562
,,,,0.954861111111111,0.8293227424266549,0.8292062506706324,0.8356445975312838,0.83190191912228,0.8297606379304764,0.8294586702808462
,,,,0.9657118055555556,0.8168475174587682,0.8106089471292615,0.8206510447719245,0.8196508543265205,0.8203825196423155,0.8151793735639256
,,,,0.9765625,0.7971998550285185,0.8110374582903297,0.8008905039246469,0.7959530203190498,0.8043602151165056,0.8072247138761387
,,,,0.9874131944444444,0.7910471284605626,0.7789019528394647,0.7879606754545099,0.7849909255592669,0.7891977748065626,0.7887301715655745
,,,,0.9982638888888888,0.772548158761829,0.777309897078492,0.7800146152828051,0.7634381237583198,0.7778610783561095,0.7683661989454159
,,,,1.0091145833333333,0.756213968986343,0.76634649967566,0.7566358250841747,0.7616097516495823,0.7543764039388087,0.7541636492718069
,,,,1.0199652777777777,0.7350302123066532,0.7418882215262922,0.7375623242746325,0.7382134504616457,0.732958156315266,0.7527011326799771
,,,,1.030815972222222,0.7226797926513684,0.7213253634710808,0.726120749810247,0.7265761421066039,0.7275333762732007,0.724777114310283
,,,,1.0416666666666663,0.7046447395601939,0.6996026798916416,0.7038538297481517,0.7155256136847626,0.7044901211271354,0.7135349562822667
,,,,1.0525173611111112,0.6819190598770557,0.6977735097859374,0.6983271764173474,0.6794955125121027,0.697688130917813,0.693293820266988
,,,,1.0633680555555556,0.6645552841064678,0.6766369083271109,0.6738553351168507,0.6673166198730427,0.6741803356138444,0.6648516192845138
,,,,1.07421875,0.6558937912544132,0.6586140806088934,0.6513480995631545,0.6451341479963965,0.6571282560980196,0.6534080713429735
,,,,1.0850694444444444,0.637319477372289,0.6291527574395422,0.6329521405908514,0.6294345557405956,0.6370331946445777,0.6235465324199192
,,,,1.0959201388888888,0.6205820785550168,0.6156469928710459,0.6171186429846464,0.6201501417926445,0.6119109705496444,0.6177986385276086
,,,,1.1067708333333333,0.6071708520965687,0.5868901621576901,0.598965117072636,0.593715763766789,0.6048515663826678,0.5957676095923757
,,,,1.1176215277777777,0.5752939889290329,0.580027068028297,0.5759004904322454,0.5718937660368281,0.5754648853173212,0.5786090791871288
,,,,1.128472222222222,0.5599221026697392,0.5504349896678951,0.5558337558775714,0.5572630588804232,0.5520518772071225,0.5572740466168126
,,,,1.1393229166666663,0.5418271490662167,0.5364810133888098,0.5342091586336866,0.5338358712419831,0.5418127188338384,0.5255600888086628
,,,,1.1501736111111112,0.5222315813146284,0.5182891166566256,0.5288886236914009,0.5144806437580475,0.5160948573844112,0.5086542173437862
,,,,1.1610243055555556,0.4914026644317635,0.4960341061879655,0.4879336537519942,0.4834424494841091,0.4922306676919992,0.4920864909040336
,,,,1.171875,0.4695682436225118,0.4700467905159798,0.4670489615631568,0.4713230240632344,0.4693416510814993,0.4748515559527204
,,,,1.1827256944444444,0.4546462113996699,0.4500279802329283,0.4454480541637618,0.4492975439664201,0.4480134201277255,0.4534471348399581
,,,,1.1935763888888888,0.4349449610840739,0.4150658814412732,0.4179987646900312,0.4235881363636197,0.419547444989091,0.4285700283901509
,,,,1.2044270833333333,0.3970414237420049,0.3994951305948566,0.4061991790258726,0.40549295386149,0.4083354638022732,0.4066014156627117
,,,,1.2152777777777777,0.3868502582258377,0.3745875029538423,0.3811394671073729,0.3804059264717393,0.3762737331182388,0.3842824236533911
,,,,1.226128472222222,0.3628302578634617,0.3482495193256877,0.359501531318069,0.3547875355039396,0.3566277764486003,0.3641518013747257
,,,,1.2369791666666663,0.3378774670239147,0.3413087222118185,0.3354445924192518,0.3299567728583027,0.3420891923732314,0.3420715827546306
,,,,1.2478298611111112,0.3208339604688748,0.3089374721512005,0.3108851823392199,0.3077213964275294,0.316639543716419,0.3062713424586351
,,,,1.2586805555555556,0.2937822671935678,0.2962782582073633,0.2868340549851693,0.294668024656409,0.29675209466334,0.2885590100111186
,,,,1.26953125,0.2660338259196496,0.2701167207957914,0.2847384950117975,0.2653868812078984,0.274337835147864,0.2719555387099994
,,,,1.2803819444444444,0.2457956531158101,0.2418633161444442,0.2371276867267741,0.2476230281448578,0.2431190430252559,0.2464947867937968
,,,,1.2912326388888888,0.2181792245525269,0.2230525563566582,0.2167710664197833,0.2188855650485105,0.2208557369683569,0.2223799190171232
,,,,1.3020833333333333,0.1984271469655771,0.1949097449225432,0.1988885704886089,0.2023330008992025,0.1963424426456282,0.1978963001707086
,,,,1.3129340277777777,0.1784568670500564,0.1712595271945277,0.1697042095684724,0.1678622354230761,0.1746994324293747,0.1669562524967902
,,,,1.323784722222222,0.152407857995924,0.1440786168278266,0.147293924135831,0.1446898862053425,0.1387109722657888,0.1418575948198757
,,,,1.3346354166666663,0.1353759845151245,0.1382064242060946,0.1308508640133914,0.1171861634761274,0.1164304280408929,0.1301925076570569
,,,,1.3454861111111112,0.098467813388418,0.1062079082460467,0.1078196969261919,0.1011635082709899,0.1027174461601191,0.081813431876068
,,,,1.3563368055555556,0.073109620586937,0.075242545593304,0.0786993937694009,0.0649171530366849,0.0738674602538565,0.073039691113483
,,,,1.3671875,0.0467208034953215,0.0556065568808712,0.0535595417439487,0.0404778322663039,0.056377982111922,0.0490394427371272
,,,,1.3780381944444444,0.0252849939367263,0.0188504255020322,0.0149699874930869,0.0321998597262894,0.0150691874281513,0.0208583320084996
,,,,1.3888888888888888,-0.0004263230822986,0.0055089112110292,-0.0009908072241692,-0.0005997649614366,0.0051874673624245,0.0017784403668557
,,,,1.3997395833333333,-0.0186391215207857,-0.0284443711370982,-0.0285437856296977,-0.028588608454685,-0.0282095318391867,-0.0325603255614493
,,,,1.4105902777777777,-0.0454683383490571,-0.0521355095550428,-0.052503897650983,-0.046984474060208,-0.0555104231987659,-0.0535150486316899
,,,,1.421440972222222,-0.0822083815494599,-0.0875651475643275,-0.0688264882163267,-0.0754549283731577,-0.0697513884142272,-0.0824135088745711
,,,,1.4322916666666663,-0.092367621781071,-0.0972664283204192,-0.0960613023728885,-0.103514839192184,-0.0959273291249804,-0.0962633593700657
,,,,1.4431423611111112,-0.1125783331721994,-0.1200213690548802,-0.1157173004641912,-0.1133562280268284,-0.1185729543802196,-0.1219324834934655
,,,,1.4539930555555556,-0.1492800361842486,-0.1508498501134648,-0.144751871816224,-0.1413641625089553,-0.1534479462891563,-0.1365531498209597
,,,,1.46484375,-0.1678133404606475,-0.1641465227823715,-0.1801055859485063,-0.1751872700886975,-0.1700891646721515,-0.1738364975605476
,,,,1.4756944444444444,-0.1943890877873481,-0.1902121412009766,-0.1949813636769957,-0.1941595523002112,-0.1860498683774546,-0.199041167870981
,,,,1.4865451388888888,-0.2261907645784904,-0.2151347730670494,-0.2075185285984201,-0.2146685128289276,-0.2251803041884235,-0.218512358712012
,,,,1.4973958333333333,-0.2403872520829363,-0.2349135817425922,-0.2460877665028928,-0.2475979044349668,-0.2484482534654376,-0.2436250232954423
,,,,1.5082465277777777,-0.268676324299301,-0.2728101379861441,-0.2660948752898153,-0.2662113656817358,-0.2630025645076164,-0.2709196868112515
,,,,1.519097222222222,-0.2919549553772866,-0.2870197904629101,-0.2868195899132635,-0.2840590793370514,-0.2958808957578493,-0.2896733911357104
,,,,1.5299479166666663,-0.3137893609118999,-0.3107859854559115,-0.3151774729121908,-0.3121637170148159,-0.3155086787989149,-0.3165876778945687
,,,,1.5407986111111112,-0.3290049511219369,-0.3341812613275438,-0.3398695172751555,-0.3339759119534091,-0.3349675103130628,-0.3348249601670314
,,,,1.5516493055555556,-0.3533733193805491,-0.3628292022091267,-0.3639601858764002,-0.3647336309985878,-0.3518317723767092,-0.3684355611509923
,,,,1.5625,-0.385430057081816,-0.381280476799284,-0.3847484150943839,-0.3889895207862183,-0.3768744687807287,-0.3782113924216008
,,,,1.5733506944444444,-0.3968642969348659,-0.4027325745555563,-0.4007177610937809,-0.4040665455919158,-0.4097211010243284,-0.4097619468829186
,,,,1.5842013888888888,-0.4186908212058731,-0.4260382228609319,-0.4273725491460694,-0.4315372857197955,-0.4231243855003072,-0.4292184540457227
,,,,1.5950520833333333,-0.4540964277380553,-0.4463075387289087,-0.4284613393307022,-0.4591027872382422,-0.4564029740092312,-0.4421173541400741
,,,,1.6059027777777777,-0.473077872877827,-0.4796650221825642,-0.4677106971411653,-0.4765029343993944,-0.4659952678248057,-0.467068600864557
,,,,1.616753472222222,-0.5005122820413059,-0.4876178389133291,-0.4903803017982511,-0.4993578824388616,-0.4985131288174872,-0.4813280965943339
,,,,1.6276041666666663,-0.5095490972111161,-0.5036372113954788,-0.5142409981768513,-0.5178900485273653,-0.5112400605890721,-0.5208681294924409
,,,,1.6384548611111112,-0.5377109715884006,-0.5397227230719659,-0.5321073510606359,-0.5350197189504826,-0.5309442118317333,-0.5456006753770583
,,,,1.6493055555555556,-0.5564466452186146,-0.5482811781088218,-0.5549775280863686,-0.5624177663890747,-0.5617568887695229,-0.5591320335604926
,,,,1.66015625,-0.5785928158547465,-0.5789487349684744,-0.5725048143621956,-0.5776076088915855,-0.5791291460801453,-0.5788128560890379
,,,,1.6710069444444444,-0.6092286014758651,-0.5960516379413748,-0.595929204796434,-0.6026442842690116,-0.5959929247707725,-0.6017762498213446
,,,,1.6818576388888888,-0.6222705559608207,-0.6122348901664862,-0.6205562949086691,-0.6130368028818207,-0.6168677220959009,-0.6143212005314893
,,,,1.6927083333333333,-0.6386381811844404,-0.63967839150474,-0.6252036133519255,-0.6348814152763088,-0.6380961858143321,-0.6297471230716993
,,,,1.7035590277777777,-0.6511864168882089,-0.6479471408773191,-0.6595450360110291,-0.6561387183095948,-0.644229741315531,-0.6531076695108808
,,,,1.714409722222222,-0.6769456523563094,-0.6754810732032498,-0.6728608455341138,-0.6657790222846907,-0.668698655537233,-0.6665763142562122
,,,,1.7252604166666663,-0.6856334480761974,-0.6869267214459525,-0.6860914709579694,-0.6951510658394363,-0.6827612999211078,-0.6861312725531359
,,,,1.7361111111111112,-0.7127456468577388,-0.7006415598992994,-0.7112980720167891,-0.7103785140787243,-0.7132983053910829,-0.7148772359551444
,,,,1.7469618055555556,-0.7223848728484185,-0.7312015084643474,-0.7244658488245167,-0.727067570958513,-0.7296676632648753,-0.7273499981482293
,,,,1.7578125,-0.744942342259979,-0.742071917390995,-0.7461965661676188,-0.7475741416525991,-0.7402263787871154,-0.7437518927938458
,,,,1.7686631944444444,-0.7558304645530922,-0.7680624603479884,-0.7553785859604126,-0.7581907311629632,-0.7574687190980063,-0.7633972573427704
,,,,1.7795138888888888,-0.7750900934814736,-0.7744944233150933,-0.7835344555761575,-0.7766058831153915,-0.7736300020445792,-0.7790959201573557
,,,,1.7903645833333333,-0.7831489264560134,-0.7877975758758248,-0.7891585823068532,-0.7964898621968265,-0.7849202935380996,-0.7974194306818975
,,,,1.8012152777777777,-0.8083756953193593,-0.7962597301339048,-0.8029103640367764,-0.8047527498059178,-0.8079901619108059,-0.7975067788564973
,,,,1.812065972222222,-0.8219119044431045,-0.8162543115293421,-0.8229146795258943,-0.8281900340361936,-0.8246986693016635,-0.8123272651071295
,,,,1.8229166666666663,-0.8342460531195407,-0.8304954382849391,-0.8363858319397446,-0.8324165643941738,-0.8401669465875395,-0.83502237766296
,,,,1.833767361111111,-0.8392819325735688,-0.8507400655242928,-0.843619055656425,-0.8563136032572632,-0.8517047320745526,-0.8509325268284865
,,,,1.844618055555556,-0.8579870092501026,-0.8468365322118133,-0.8510037915637577,-0.848912638804189,-0.8621984054089417,-0.8674284467219332
,,,,1.85546875,-0.8731191438040576,-0.8667000130524148,-0.8724429367484728,-0.8678103777581405,-0.8746223767335635,-0.8756828577500549
,,,,1.8663194444444444,-0.8904762887456048,-0.8848506984794084,-0.8913673975605628,-0.8795344561548459,-0.8794402503383708,-0.8701667979817711
,,,,1.8771701388888888,-0.8969324466349607,-0.8945477714554475,-0.8862932069679927,-0.8926906868144792,-0.8871468404539724,-0.8849393952973601
,,,,1.8880208333333333,-0.9033145168652386,-0.9005751753544226,-0.9039804758283816,-0.8981896311557374,-0.9077743775772602,-0.901736813307841
,,,,1.8988715277777777,-0.9140032169271634,-0.915966083432578,-0.9105576520453164,-0.913694120346484,-0.91393857694335,-0.9132549948643052
,,,,1.909722222222222,-0.9249028693218416,-0.9320155734806824,-0.9247078682190903,-0.9275485803476866,-0.9298847228392167,-0.9249326238007572
,,,,1.9205729166666663,-0.9324921569312308,-0.937304525457816,-0.9292277412057492,-0.9322650690478776,-0.9279890424148924,-0.9378473510662648
,,,,1.931423611111111,-0.944119983030229,-0.9448020454402728,-0.946473805951894,-0.9475966878199658,-0.953863004446776,-0.9446701829789874
,,,,1.942274305555556,-0.94953855448192,-0.9493556448039596,-0.949372657750647,-0.956769943454218,-0.9455496336161366,-0.9412119282228146
,,,,1.953125,-0.9610609438410284,-0.9596302436485492,-0.952023162071466,-0.9541771340226998,-0.9606628284808172,-0.9605440240673716
,,,,1.9639756944444444,-0.9527782588667154,-0.9739299138874996,-0.959908221228423,-0.9649244999494052,-0.9649989929714576,-0.9610757922325248
,,,,1.9748263888888888,-0.970568907514348,-0.9728534696658012,-0.9720206578166244,-0.9713105952852038,-0.9742802597890944,-0.9601011139812544
,,,,1.9856770833333333,-0.966729489980838,-0.9734160370365418,-0.976481744524586,-0.9809435565644724,-0.9723315493839386,-0.9619686851767312
,,,,1.9965277777777777,-0.9853116993132384,-0.987589733611434,-0.9789880101548382,-0.98016082842839,-0.9864590450085984,-0.9758148492567186
,,,,2.0073784722222223,-0.9891916250488384,-0.9838452328396938,-0.9880676634374512,-0.986974711740412,-0.9808184437484984,-0.9899120884377364
,,,,2.0182291666666665,-0.9815337611766348,-0.9950882378399086,-0.9892199674164668,-0.9877618371630444,-0.9843547737875143,-0.9931536599770828
,,,,2.029079861111111,-0.9970887085773658,-0.98473790159456,-0.9847175581844556,-1.0031747446581187,-0.9884950991168188,-0.9990620664812514
,,,,2.039930555555556,-0.9879279992714552,-0.9954499928205196,-0.99447337228266,-1.002503835170659,-0.9930731071898358,-0.9970721883245404
,,,,2.05078125,-0.9940135262868663,-1.0010377199279088,-1.0033470409340006,-1.010067395522757,-1.005753750119854,-0.9864994496848618
,,,,2.061631944444444,-0.9967397564031945,-1.0020317142799549,-1.002988702074725,-1.0018984923032728,-1.0027623544218098,-0.9894068248050192
,,,,2.072482638888889,-1.007541405269342,-0.998258865024972,-0.9972541528649104,-0.9987656919864988,-0.9988902663144154,-1.0064821863287472
,,,,2.083333333333333,-1.009381911920975,-0.9955910965423672,-1.003570454382956,-0.9909976897988004,-1.000992237348988,-1.0056660868118152
,,,,2.0941840277777777,-0.9937227797854448,-1.0002145016151611,-1.0044845798129105,-1.001444750631119,-0.9930745261541346,-1.0035295533815622
,,,,2.1050347222222223,-1.0048911879043634,-0.9972718605245736,-0.9983119114999645,-0.994325291132983,-0.9915380472069224,-0.9984633958904026
,,,,2.1158854166666665,-0.9943929209564368,-0.9850021259986854,-1.0006070113310783,-0.9980018385040148,-1.001624087200892,-1.008542923601549
,,,,2.126736111111111,-0.9994073819788174,-0.9862309270093028,-0.9962800172102536,-0.9986668044910724,-0.9943758860457572,-0.9919575276609308
,,,,2.137586805555556,-0.989043746303032,-0.9904051672757792,-0.9992623459589396,-0.990974562857642,-0.9994078758725674,-0.9920406208097876
,,,,2.1484375,-0.9878991423096296,-0.9878845621831286,-0.9878599291626742,-1.0007635416021947,-0.98773679740884,-0.9976728748538584
,,,,2.159288194444444,-0.9857032775280334,-0.987358692168144,-0.9849274322242608,-0.98704337840721,-0.989200803572328,-0.9853944708101904
,,,,2.170138888888889,-0.9809795800829146,-0.9778685053983126,-0.9739675140324168,-0.97720550667393,-0.9801883494492174,-0.9773761756283292
,,,,2.180989583333333,-0.9813125945532132,-0.9739796461060216,-0.9768763281066712,-0.9823427114929834,-0.9764130932724736,-0.9785256522650592
,,,,2.1918402777777777,-0.9682016006165516,-0.9736585287605468,-0.9705226355610136,-0.961429191374348,-0.974805808270553,-0.9764934116819042
,,,,2.2026909722222223,-0.967058478505768,-0.9664766527322208,-0.973818996638645,-0.962459629435434,-0.960557784240716,-0.9748845318722246
,,,,2.2135416666666665,-0.9463316722939448,-0.9544060713241764,-0.954984085369416,-0.9519334922779976,-0.9562399469898808,-0.9540132413327812
,,,,2.224392361111111,-0.9485940148328474,-0.9470120430007612,-0.9473232585507668,-0.9488771885118448,-0.9499537076906368,-0.9438176712015643
,,,,2.235243055555556,-0.944469908862194,-0.9456106612498136,-0.9431651678379236,-0.9365675019332798,-0.9352876927447384,-0.9491541005315788
,,,,2.24609375,-0.9289344490527216,-0.9458113177205107,-0.9346591373104542,-0.9255528737430472,-0.9321971712707836,-0.93473792474441
,,,,2.256944444444444,-0.9212507413378136,-0.9292685395604784,-0.9241558824148092,-0.9150494630353276,-0.9246283669051174,-0.918714098767702
,,,,2.267795138888889,-0.9112191287754612,-0.9192912634280136,-0.91454193233173,-0.9120445179395896,-0.9198611306879132,-0.9144710042428812
,,,,2.278645833333333,-0.9035517466564258,-0.9022201382358358,-0.9007062078287402,-0.9062836039241006,-0.8950842787926683,-0.8998376335161911
,,,,2.2894965277777777,-0.8848270220486484,-0.8962963527647309,-0.8826019199375471,-0.8911584126385822,-0.8923991639096316,-0.8924374742144691
,,,,2.3003472222222223,-0.8804165821369602,-0.8812530502074887,-0.8791845292211358,-0.8789312405576667,-0.8918090537683111,-0.8788466848709949
,,,,2.3111979166666665,-0.8722081149138101,-0.8783410117726198,-0.872914672442465,-0.8715170522083981,-0.8662293256388525,-0.8671917691383386
,,,,2.322048611111111,-0.8557404090836908,-0.8573742490436107,-0.8535699732163952,-0.8580752171191137,-0.8543598453539387,-0.8577901755282266
,,,,2.332899305555556,-0.8482002270000738,-0.8432594399707517,-0.8412940569857326,-0.8481331396537592,-0.8452409372350157,-0.8459871923753908
,,,,2.34375,-0.8366597207329813,-0.8246771072633522,-0.8285298912991692,-0.833796794786506,-0.829852746673722,-0.8281282580069459
,,,,2.354600694444444,-0.815977881543324,-0.814980822860599,-0.8144912985672235,-0.8196443939137014,-0.826515654659957,-0.8136924285591134
,,,,2.365451388888889,-0.8012337274737069,-0.8030053485226286,-0.8018718401636539,-0.8014669584182054,-0.8094642325603589,-0.7992769673271299
,,,,2.376302083333333,-0.7877828600204716,-0.7806551078382146,-0.7874848505422464,-0.7927756260600539,-0.7882042100783256,-0.7913816248892822
,,,,2.3871527777777777,-0.7796884211854738,-0.7704256739361113,-0.7661830697771682,-0.7747509754443757,-0.7746026170367026,-0.771547674071681
,,,,2.3980034722222223,-0.7616418951119349,-0.7585536122828146,-0.7592363176033122,-0.7452331626631303,-0.7580349285758282,-0.7533796456318712
,,,,2.4088541666666665,-0.7503557357548595,-0.7464510319184338,-0.7440258073749944,-0.7375301077642937,-0.7391688450443397,-0.7421034420416751
,,,,2.419704861111111,-0.7245562427773308,-0.7177129689929314,-0.7251202788038648,-0.7250378984384152,-0.7260799088318878,-0.7238511391907384
,,,,2.430555555555556,-0.6965502635188509,-0.7091998582197069,-0.7094559461623833,-0.7018227208468862,-0.692306399452339,-0.7033971380233985
,,,,2.44140625,-0.6890085649567175,-0.6920958760165155,-0.6844839386097934,-0.689949566294243,-0.689757667033253,-0.6841825879576445
,,,,2.452256944444444,-0.6764167836658431,-0.6662483736947842,-0.6651520188579152,-0.6782504384273738,-0.671982068207641,-0.6701974041569833
,,,,2.463107638888889,-0.6550491244054714,-0.6531113210529919,-0.648799012553228,-0.6505750503172476,-0.6538497090542922,-0.6475398967037529
,,,,2.473958333333333,-0.6354140973405467,-0.63515316175842,-0.6306016570397839,-0.6340055344209315,-0.6353138210997142,-0.640620610638389
,,,,2.4848090277777777,-0.6216096666687603,-0.6175110615590421,-0.6152008277532091,-0.6185097546752343,-0.6051454539346035,-0.6213219721338985
,,,,2.4956597222222223,-0.5904597383892133,-0.600170045659812,-0.5874937057062961,-0.5966037015238366,-0.6022932680151759,-0.5956093742652505
,,,,2.5065104166666665,-0.5780812842388828,-0.5730451710794553,-0.573828932152951,-0.5735703455055023,-0.5681782176791349,-0.5831650383166772
,,,,2.517361111111111,-0.554366947858658,-0.5523230995983658,-0.5566467687494778,-0.5543683075930054,-0.5543178270799081,-0.5572406266939042
,,,,2.528211805555556,-0.537617764199414,-0.5281470690160419,-0.5374363177680159,-0.5365595474903784,-0.5250171431938677,-0.5313502517121647
,,,,2.5390625,-0.5154897601968937,-0.5092896248838235,-0.509242799110552,-0.5159395528218615,-0.5142166172381266,-0.5133980924103241
,,,,2.549913194444444,-0.4963124709526287,-0.4946679065711489,-0.5030590433563364,-0.4943267920072355,-0.4866990783369979,-0.4990164255681706
,,,,2.560763888888889,-0.4698022991018243,-0.4619191993139988,-0.4641756943934966,-0.4712744575307456,-0.474424357867559,-0.4727284129391154
,,,,2.571614583333333,-0.4563854045379528,-0.4415971033678576,-0.4535714953658853,-0.4445774332480598,-0.4468142584082279,-0.4450987437398218
,,,,2.5824652777777777,-0.4302288269725934,-0.4334996968871755,-0.4279312603383123,-0.4281442707453668,-0.4233069428842305,-0.4205534616466216
,,,,2.5933159722222223,-0.4147743595477099,-0.4103528042221871,-0.4003957062706044,-0.4112735767815782,-0.396332142403006,-0.4054938763149746
,,,,2.6041666666666665,-0.3836293296663494,-0.3825551650135132,-0.3837727434119299,-0.3812023779560641,-0.3805021873274087,-0.3795468314460058
,,,,2.615017361111111,-0.3594331141520125,-0.3628760814491973,-0.3650864597975991,-0.3626492984031952,-0.3622314640992811,-0.3564203340301208
,,,,2.625868055555556,-0.3269263147390448,-0.3317498352392568,-0.3375927454492071,-0.3298911965456278,-0.3315518533453599,-0.3293664168156093
,,,,2.63671875,-0.3071481220644301,-0.3088499742778859,-0.3029392570916615,-0.3104995803520241,-0.309088457434481,-0.3089108295220157
,,,,2.647569444444444,-0.2938073187421339,-0.2924994563922345,-0.2893270872959275,-0.2974056697709554,-0.2948213975816061,-0.288541214456369
,,,,2.658420138888889,-0.2634236078903542,-0.2669865455297573,-0.2792710686630629,-0.2669984612846057,-0.2635979836030297,-0.2662946399718468
,,,,2.669270833333333,-0.2394015967231295,-0.2364508703286632,-0.249160193361184,-0.2412114042523695,-0.2360111623420535,-0.2475082212085053
,,,,2.6801215277777777,-0.2241062004651619,-0.2252027087504803,-0.2251507308881318,-0.2218469306937091,-0.2158830753616205,-0.220154401254164
,,,,2.6909722222222223,-0.2026441383843624,-0.1989755051735487,-0.1999429839944975,-0.1914882855594456,-0.1982538637511012,-0.202487592510112
,,,,2.7018229166666665,-0.1796910272472229,-0.1677114745820007,-0.170265566550368,-0.1721217278740451,-0.1775885126043612,-0.1764086520195598
,,,,2.712673611111111,-0.1501778499279701,-0.1394496365204442,-0.1402686365197352,-0.1394102537793815,-0.1534841683443037,-0.1390702511824286
,,,,2.723524305555556,-0.118767358186656,-0.1151642419927935,-0.1149099651193672,-0.1341878107984877,-0.1192281038526797,-0.1164562201863822
,,,,2.734375,-0.0960129585940307,-0.0981684122260756,-0.1061215615375394,-0.0972730714215961,-0.0948809612153139,-0.1025291003556878
,,,,2.745225694444444,-0.0732254239263912,-0.0772636659281398,-0.08085352617052,-0.080257353030681,-0.0668829265778222,-0.0705787519666784
,,,,2.756076388888889,-0.0446649273618952,-0.0523396244211453,-0.0488000997904338,-0.042951119332838,-0.0551035440097525,-0.0548853504958024
,,,,2.766927083333333,-0.0238714683827124,-0.0321153999293917,-0.0180848094589144,-0.0288967810047991,-0.0184867550574594,-0.0297633137271326
,,,,2.7777777777777777,-0.0032507067493311,0.0053505631203929,0.0035994092277307,-0.0030150529651655,-0.0067424996684808,-0.0038382662967198
,,,,2.7886284722222223,0.0258540647521076,0.0267346861994627,0.0240464531015025,0.0231624047088392,0.020321900747168,0.0263988035240919
,,,,2.7994791666666665,0.0569429016479208,0.0512870229776979,0.0478218371183891,0.0459108337138975,0.0557294060065573,0.0378246572912685
,,,,2.810329861111111,0.0679361338538208,0.0780787362112416,0.079173781794245,0.0784655064418612,0.0739996535966933,0.0744172806415697
,,,,2.821180555555556,0.0990733501416419,0.1063114336884413,0.0951034779447748,0.0978990504073474,0.1008632962827361,0.0890912648796206
,,,,2.83203125,0.1181408313361212,0.1202585710294874,0.126585779116981,0.1207814282638404,0.1337419731974344,0.126628883145391
,,,,2.842881944444444,0.14673256636307,0.1534093983139703,0.1410024532310682,0.1481581097409116,0.1406721107719404,0.1463871349703785
,,,,2.853732638888889,0.1690914885058674,0.174904326238238,0.1750527275646387,0.1714079193432048,0.1690980603977666,0.1666694709525064
,,,,2.864583333333333,0.1956270527966091,0.1914425416398445,0.2015165132060715,0.2049653254121107,0.198772636221095,0.1996183514728178
,,,,2.8754340277777777,0.2213631382121428,0.2216667276553521,0.2237261766255173,0.2221236620211379,0.2162243374340932,0.2199550032371285
,,,,2.8862847222222223,0.2523834869169405,0.2511994978578644,0.2432790043336166,0.2508903364542242,0.24225153495024,0.2494508020079702
,,,,2.8971354166666665,0.2602348477137424,0.2738877370774178,0.250266463480179,0.2658416673393997,0.2722679228574141,0.2708158064586732
,,,,2.907986111111111,0.2894458775237824,0.2938017723222567,0.2798686030966795,0.28525493726079,0.3008601262713464,0.2931044070277351
,,,,2.918836805555556,0.3051533315634464,0.3115032275720792,0.312512336508998,0.3209215051713785,0.3143875920650867,0.3147765238359236
,,,,2.9296875,0.3283762333024206,0.3378936157848672,0.3391624689437104,0.3369473901626069,0.3418596554537973,0.3339396980833566
,,,,2.940538194444444,0.3547540437532653,0.3576482095404727,0.3587221225564006,0.3619701211940361,0.3536506318547548,0.3640657928306141
,,,,2.951388888888889,0.376295567118018,0.3933105586776265,0.3850712146134945,0.3856727498860329,0.3803977176984943,0.3852522104445324
,,,,2.962239583333333,0.4002942869539584,0.4109521536416789,0.4004935866700867,0.4040681134801001,0.4137265612071759,0.4040235145169593
,,,,2.9730902777777777,0.4194892838134939,0.4315527296681684,0.4227993483723574,0.4242490419585345,0.4219147834548071,0.4315522568363013
,,,,2.9839409722222223,0.4535561382622528,0.4559422742914806,0.4591402263960586,0.4534135323329166,0.461146503558672,0.4514334396802774
,,,,2.9947916666666665,0.4662683250108638,0.4689097228032022,0.487744698255782,0.4746972440934737,0.4664513084337743,0.4678503935083858
,,,,3.005642361111111,0.4852261718816015,0.4882284775966273,0.4903500684632073,0.4942011120687799,0.4823681393164158,0.4986992843893669
,,,,3.016493055555556,0.5114146622549798,0.5090807259387538,0.5150011964775765,0.5131647297598307,0.517620733814434,0.5132575598659448
,,,,3.02734375,0.5350205321086917,0.5404680557475438,0.5246028569242687,0.5366359249582251,0.5338029159731373,0.5381044566517786
,,,,3.038194444444444,0.551427562696144,0.5520489830949666,0.5490105335583209,0.5531125155922652,0.549513361305527,0.5528485491493725
,,,,3.049045138888889,0.5713659565289584,0.5792808707225274,0.5762720938568785,0.575680453077407,0.5622926804430881,0.5645856019536055
,,,,3.059895833333333,0.5906079215346054,0.5948163509433543,0.5960514344209104,0.6065047376219284,0.5935630731061181,0.601167324177364
,,,,3.0707465277777777,0.614586727976256,0.6118003317992187,0.6175890039928414,0.6149083234553626,0.6152622498363475,0.6141826476913054
,,,,3.0815972222222223,0.633139219385777,0.6363562831386033,0.6338912881634461,0.6354485725590859,0.6384341575702577,0.6237546481042439
,,,,3.0924479166666665,0.654669236606198,0.6536584590590088,0.6515337887126436,0.6571974723150293,0.6513464443747962,0.6448476183575653
,,,,3.103298611111111,0.6675926320069472,0.6856800379820694,0.6670359602633668,0.6738522877891456,0.6633045364758567,0.6755217568683405
,,,,3.114149305555556,0.6883281229466749,0.6898008673686019,0.6947208933284686,0.6906189436638364,0.6893302075939893,0.6896264787690142
,,,,3.125,0.7135487437316288,0.7084077110473652,0.7113328490592226,0.7117615042888046,0.7132051589356492,0.7080183392560614
,,,,3.135850694444444,0.7147579791051021,0.7270468625695025,0.7221291806285632,0.7233974607424362,0.7305880485068541,0.7251434922312818
,,,,3.146701388888889,0.7446277037022273,0.7438782177751198,0.7358344992843939,0.7451370625606614,0.7419091183611487,0.7403685412104448
,,,,3.157552083333333,0.762279565543567,0.7563984986892865,0.7544494954803305,0.7553858512231852,0.7518839534098511,0.7656927768292894
,,,,3.1684027777777777,0.7656908101525282,0.7616112909422826,0.7705494953359997,0.7809116507895137,0.76701478299552,0.774185683929069
,,,,3.1792534722222223,0.7866750403244713,0.7822926306310604,0.7813474462770397,0.7778890918668468,0.7884199627748875,0.7810229703292644
,,,,3.1901041666666665,0.7998793837847706,0.8038006980724721,0.8191467826546993,0.8164053729482552,0.8111811664303485,0.7970750387694447
,,,,3.200954861111111,0.8153038664171998,0.8152709433123912,0.8194908818130047,0.8165586768410769,0.826632187240037,0.8189447029469712
,,,,3.211805555555556,0.8329828669666639,0.8355602699372675,0.8432254317440717,0.8282582628202249,0.8303220196947885,0.8334366352162887
,,,,3.22265625,0.8418839059291249,0.8435741691716397,0.8521101091823988,0.8491768273413208,0.8387111668996468,0.8538390668914457
,,,,3.233506944444444,0.8590260269271643,0.8625470834313743,0.8571833412194847,0.857668318483013,0.8587161106372793,0.858946293460766
,,,,3.244357638888889,0.8708016364335296,0.8788402962613635,0.8670287471497568,0.8748954631389826,0.8705352968007831,0.8686871700287809
,,,,3.255208333333333,0.882913378234574,0.8867471859116638,0.8775674401277749,0.8842047615479477,0.8772386757533068,0.887517477615469
,,,,3.2660590277777777,0.9020390474044904,0.8992739574079679,0.8936675996135355,0.8885659649237125,0.9017870310578256,0.8978450362660199
,,,,3.2769097222222223,0.889253272126291,0.9028026914534604,0.9146523740687352,0.8995026318591428,0.9011080260570824,0.8973259630515971
,,,,3.2877604166666665,0.9149873587006092,0.9203878234683864,0.9107869033676118,0.9227196633537088,0.9150613201590004,0.9156899842548382
,,,,3.298611111111111,0.9267416402865308,0.9143896176004715,0.9279818508421928,0.9253747279161212,0.9203654645953028,0.9253363735043116
,,,,3.309461805555556,0.9365845958410606,0.9350910427283886,0.9369794417035116,0.939152275203069,0.9377709842292176,0.92735909810424
,,,,3.3203125,0.9426983303783488,0.9504487194467922,0.9399677512110548,0.9575583934463112,0.948253396585858,0.944816178118734
,,,,3.331163194444444,0.9409153064644682,0.9449409672383298,0.9503849784216168,0.9486754567642944,0.9547751864429932,0.9601769629074336
,,,,3.342013888888889,0.9650452998646992,0.961680855693408,0.9637077119381312,0.95570126409557,0.9517771997869764,0.952962901918793
,,,,3.352864583333333,0.9655783065960126,0.9595877885759676,0.9662229725632208,0.9640154116680346,0.9587588222767204,0.9591762750072826
,,,,3.3637152777777777,0.9669648662973714,0.9690123167208756,0.9687806591659271,0.9709096398063994,0.9668855527350464,0.9688639124825492
,,,,3.3745659722222223,0.9761086825385236,0.9700839014446974,0.9831805292095794,0.9754639066359452,0.9811292995365694,0.973878702304875
,,,,3.3854166666666665,0.9776790301070292,0.983398357645451,0.980474132602822,0.986306218265032,0.9721200101819052,0.9767449950956985
,,,,3.396267361111111,0.9925110469379812,0.9984635875118032,0.9919161637285744,0.9843303434446312,0.9905779143347428,0.9882513342990286
,,,,3.407118055555556,0.985709178240786,0.9874565402340472,0.9780477797060322,0.988298877190087,0.9916941628986972,0.9862003044152248
,,,,3.41796875,0.9890845679323657,0.988843024395357,0.9918074033108952,0.99534482175407,0.9932163025368496,1.0002926262814278
,,,,3.428819444444444,0.9999282319728926,0.9924334764932063,0.9945150468956055,1.0001712835209229,0.9932250826483042,0.9974486950242066
,,,,3.439670138888889,1.002718443502616,0.9919587093968706,1.0073292014829227,1.00070525314054,1.0058369968310663,0.990705031607078
,,,,3.450520833333333,0.9990995667413506,0.9961065284365732,1.0048918914922795,0.9942976986746092,0.9991639920344688,1.0123548824380038
,,,,3.4613715277777777,0.9987285564968884,1.0078216107554996,1.0054765245471111,1.012982306710453,1.000831019482141,0.999315059922226
,,,,3.4722222222222223,0.9994061936436496,0.9992152754933572,1.0027529236534105,1.0051932289838466,1.0004873898188449,1.0111379594083985
,,,,3.4830729166666665,1.0057504969181617,1.0021925735079371,0.9977203251706748,1.0032409900884045,1.0027028692015316,0.9928941123021814
,,,,3.493923611111111,1.003445720296986,0.995495110105788,0.9998624379936408,0.9977085577596084,1.000263193949593,0.997875249674385
,,,,3.504774305555556,0.9957673037522036,1.0029799207535353,0.9965753499879983,0.9966769904566865,0.99794453179737,0.997581155252558
,,,,3.515625,0.9924205167737864,0.9902834231914504,0.9977114805024055,0.9988826935978972,0.9947338660331598,0.994824126645558
,,,,3.526475694444444,0.994738825689275,0.9912630057753754,0.9893747325824388,0.986450318847944,0.9992494156000172,0.9891521484225614
,,,,3.537326388888889,0.9928446352753362,0.9868280474288867,0.9914129490380844,0.9877446868115,0.9860285259842336,0.9878795535303948
,,,,3.548177083333333,0.9801187787417742,0.9875801669360442,0.9850508736135418,0.990602824687884,0.9959400765314887,0.993789556101248
,,,,3.5590277777777777,0.9797620332216896,0.9850286097587102,0.983575190509308,0.9746926269598528,0.9745246317380858,0.9813833026787668
,,,,3.569878472222222,0.976902906584728,0.9727099790622612,0.9645548226319772,0.9846386543962408,0.9690552498369722,0.9797954942470352
,,,,3.5807291666666665,0.9694459670295136,0.9685729146196216,0.9689891588187486,0.9758666295100838,0.967780707623694,0.973490156521028
,,,,3.591579861111111,0.9577631380028624,0.9605208191789816,0.966761761028501,0.9643512480282472,0.9681916046266176,0.9528764593497446
,,,,3.602430555555556,0.9522315459248942,0.9585870335741332,0.960894917518695,0.9577334955404906,0.961540489700134,0.9622902248620672
,,,,3.61328125,0.9573410802062824,0.9468041320681008,0.9441137592040793,0.9469749938926048,0.9473709267099372,0.9530608820637262
,,,,3.624131944444444,0.9326071898410612,0.9380667732781944,0.9397702570461356,0.9431967518048828,0.9390798257385428,0.9444711598093508
,,,,3.634982638888889,0.9435621887053008,0.9364281932305788,0.9291943191240732,0.933036306643559,0.9309650846689,0.929851210460552
,,,,3.645833333333333,0.9287809304995602,0.9279702463494336,0.922105019548203,0.93043078832815,0.921598173766354,0.9217385380471814
,,,,3.6566840277777777,0.9163146332409196,0.9100964782363838,0.9187659478783944,0.9100330614591132,0.9148888048412872,0.9180478098955804
,,,,3.667534722222222,0.9053291150958942,0.8983096799448536,0.9019935083901052,0.911175838921564,0.9012033436167916,0.9124581610015964
,,,,3.6783854166666665,0.8896046915971103,0.8871076503701508,0.8936325292117586,0.8883823389316409,0.8989094312014166,0.8851099560995841
,,,,3.689236111111111,0.8810065117712492,0.8795920463966359,0.8768291019103857,0.8792975953751223,0.8821605750265537,0.8790341025081189
,,,,3.7000868055555554,0.869080024719293,0.8710438111874987,0.8766878382532758,0.8647685974729725,0.8666409232690753,0.8670648811523445
,,,,3.7109375,0.8582147546039327,0.8492122855747237,0.8560165667330117,0.859442977339818,0.8492276775542915,0.8614677933500224
,,,,3.721788194444444,0.8464641460439387,0.8294250094451177,0.8495200309863431,0.8444917283743869,0.8453278737303307,0.8392503404907488
,,,,3.732638888888889,0.8237679995952784,0.8254894543209101,0.8272673640280992,0.8269190483878742,0.8205057004373645,0.8342349872131544
,,,,3.743489583333333,0.8210217526367509,0.814679640331712,0.8242266925083788,0.8213183312673406,0.8209558554341919,0.8232998796043387
,,,,3.7543402777777777,0.7970610612032417,0.8022828615239632,0.8061506863387656,0.8008800407632125,0.8096306032590252,0.8008910381453289
,,,,3.765190972222222,0.7918222612667819,0.795933792113089,0.7879195662580164,0.7857262716221853,0.7938674525476828,0.8030170123587356
,,,,3.7760416666666665,0.7721340691464891,0.7713874459915141,0.7695509924092141,0.7771620291140524,0.7737052713072274,0.7587754980039843
,,,,3.786892361111111,0.7469040057813179,0.758519206283645,0.7584154908570706,0.7560113401829884,0.7524729477323047,0.7637843628688554
,,,,3.7977430555555554,0.7463521250276147,0.7400343013941401,0.7449478633566227,0.7334790975443156,0.7377962116428488,0.7389590309899778
,,,,3.80859375,0.7288184336241426,0.7212375972397774,0.7323755701554638,0.7199470954451993,0.7261255393705739,0.7216854370346876
,,,,3.819444444444444,0.7104601115383292,0.7026896109651863,0.6931871746884085,0.7070643347007207,0.7073596686415353,0.7104844088017693
,,,,3.830295138888889,0.6977687249599399,0.6851925499858472,0.6869734246236368,0.6996965114200392,0.692309087176027,0.6878758532493436
,,,,3.841145833333333,0.6746934006192004,0.663122477501259,0.6680164666232664,0.6787217365308366,0.6668410394285522,0.6637909039706866
,,,,3.8519965277777777,0.6453737061186472,0.6461017957189518,0.6590390435380946,0.6534703061058413,0.6503971550736242,0.6531975825007719
,,,,3.862847222222222,0.6325950348566753,0.6392119641572691,0.6317719738397819,0.6296792764935875,0.6319289680544526,0.6340205050550772
,,,,3.8736979166666665,0.614280817055193,0.6194116487058294,0.6127156383411101,0.6090688378082749,0.6146231428004328,0.609541621747411
,,,,3.884548611111111,0.5909771636138236,0.5977279566245529,0.5885398623580826,0.59490118045116,0.5925283355987855,0.587532003287595
,,,,3.8953993055555554,0.5717360871456646,0.5771947428431577,0.5713750598469024,0.5715537696702896,0.5775835284040995,0.5706855753520272
,,,,3.90625,0.5523211862451862,0.560850239608955,0.5555295435871089,0.5545312342551482,0.561960998849645,0.5604243519069279
,,,,3.917100694444444,0.5312026282307747,0.5348607410715832,0.5261167472576719,0.5339075332794933,0.5339764307702364,0.5375836181711794
,,,,3.927951388888889,0.5095368396007511,0.5099889849401461,0.5132995081729476,0.5125500489953037,0.5175430739225534,0.517918429273049
,,,,3.938802083333333,0.5026959066877904,0.4901133349166364,0.4974550528839558,0.4963675342201005,0.486385701964218,0.4866368272711209
,,,,3.9496527777777777,0.4720510523870199,0.4705560198609934,0.4689854801792212,0.4695041758967496,0.4772947626655139,0.4730276202625569
,,,,3.960503472222222,0.4527588811254069,0.4458801149337744,0.4468713969495778,0.4487499340205171,0.4444891328984601,0.445657293830751
,,,,3.9713541666666665,0.4218810622500135,0.4369582143274894,0.4190826392860756,0.4326274575260551,0.4248351939995651,0.4315727559706001
,,,,3.982204861111111,0.4052568762678424,0.3982633444574386,0.4094369140039574,0.3987033707046316,0.4081383630037413,0.4067680216623555
,,,,3.9930555555555554,0.3823512237280914,0.3877082451472093,0.3832239707653136,0.3802244721074362,0.3797311509942849,0.380218252482152
,,,,4.00390625,0.3721266417563125,0.3569819997709667,0.3567445183610466,0.3580117812122128,0.3628119556200712,0.3632241505625314
,,,,4.014756944444445,0.3331253795461669,0.3280047590947013,0.336446726730943,0.3370758936737938,0.3358257830837396,0.3312949214335992
,,,,4.025607638888888,0.3142656478382878,0.3061545967380986,0.3070786953468124,0.3161723912160664,0.3121642786393807,0.3132849541731491
,,,,4.036458333333333,0.2931233636460489,0.2906330492022037,0.2968342754797403,0.2902215789620502,0.2834857754151236,0.2911749249892727
,,,,4.047309027777778,0.2629862141101176,0.270836579192392,0.262472520326476,0.2649017880823371,0.2649411238117118,0.2593086242244429
,,,,4.058159722222222,0.2398479543967803,0.2506462241408669,0.2460477913773488,0.249698245840613,0.2446369268587209,0.2421718744013163
,,,,4.069010416666667,0.2218594399805773,0.2167914350556475,0.2142298776374397,0.2234391403234216,0.2216560920635691,0.2155982399400859
,,,,4.079861111111111,0.1909197461302426,0.1849728004885551,0.1990153123040141,0.1891621552088276,0.1951677197050041,0.1917218141630726
,,,,4.090711805555555,0.165993974762326,0.1678256199231058,0.166219077442514,0.1682877232688414,0.171581269131942,0.1689358862482954
,,,,4.1015625,0.144202492585039,0.1486464068405134,0.1447819587899,0.1433785556066047,0.1482036376291072,0.1468287069440889
,,,,4.112413194444445,0.1242075837806752,0.1293601423151497,0.1214844321854344,0.1192965491656243,0.1189253850744107,0.1212653160327179
,,,,4.123263888888888,0.0889960461884863,0.1023380455757495,0.0995000035961531,0.0941745311165054,0.1112301046914334,0.0976956648924823
,,,,4.134114583333333,0.0736730346027821,0.0832905671708514,0.069936097572069,0.0672395423717291,0.0792567176818831,0.0616058784290042
,,,,4.144965277777778,0.0432178778814046,0.048774302081831,0.047862770094275,0.0488986330619765,0.0500003987072493,0.0546158153241191
,,,,4.155815972222222,0.0170895468977097,0.0194866887968658,0.0253136767247073,0.0244932041990752,0.0211157726420215,0.0212197215114885
,,,,4.166666666666666,-0.002488439035149,-3.988908628566337e-05,-0.0083052666249049,-0.0097782764614233,0.0055900785168118,-0.0063154295272656
,,,,4.177517361111111,-0.0158967396073583,-0.0188537136117505,-0.0347855635330094,-0.0276701437226446,-0.0316385348661449,-0.0210784047357552
,,,,4.188368055555555,-0.0447272575431851,-0.0527393321097061,-0.054920143501791,-0.0544529449361229,-0.0507648104718476,-0.0542115067411583
,,,,4.19921875,-0.0735751605894282,-0.0734863460359092,-0.0774621306383845,-0.0723487384330018,-0.0784443082046304,-0.0744964217089007
,,,,4.210069444444445,-0.091459113777152,-0.0872926424839659,-0.0946939156002637,-0.097530289296297,-0.0901793225182627,-0.0996118308649672
,,,,4.220920138888888,-0.1187222433036852,-0.1231279779590512,-0.1214008041601504,-0.1216927610290547,-0.1243997546190335,-0.1287527079210494
,,,,4.231770833333333,-0.1455056372202108,-0.1447496335018651,-0.1468902240646415,-0.14646925959399,-0.144586392671353,-0.1558338735875563
,,,,4.242621527777778,-0.1703591877311326,-0.1755701667243172,-0.163791577204151,-0.1813021660852054,-0.1775520578024343,-0.1630010180046114
,,,,4.253472222222222,-0.2000521589277608,-0.190482043753468,-0.1952865444542043,-0.2045100470780296,-0.1989456800903886,-0.2007834771544841
,,,,4.264322916666666,-0.2227545675694857,-0.2182243818455636,-0.217555537951008,-0.2164049673671972,-0.2155774732098913,-0.2168158826785992
,,,,4.275173611111111,-0.2318761852127601,-0.2394270554658468,-0.2455076758651038,-0.2419242231477059,-0.2370146524523944,-0.2396884299827109
,,,,4.286024305555555,-0.2619099241084654,-0.267752637202658,-0.2593411675584209,-0.2709936559179556,-0.2622221249880741,-0.2651721013393391
,,,,4.296875,-0.2819618268348688,-0.2859188129388235,-0.2936478327745097,-0.2937629151651464,-0.281344532721836,-0.2808219976069582
,,,,4.307725694444445,-0.3121657574581383,-0.3215769743090497,-0.3146027550385653,-0.3046885837115815,-0.3028750358946738,-0.3127584891468127
,,,,4.318576388888888,-0.3384254063357411,-0.3345315481838601,-0.3381264059151756,-0.341458411954408,-0.3452212209922553,-0.3319889365188724
,,,,4.329427083333333,-0.3540261948938282,-0.3576551355595112,-0.3661494623585104,-0.3545050157075825,-0.3480050764577711,-0.3621694431565523
,,,,4.340277777777778,-0.3785402117296623,-0.3831123791941825,-0.3918877730172559,-0.3931299586585973,-0.3800104662019274,-0.3844628384290953
,,,,4.351128472222222,-0.4027977096168876,-0.404348101984694,-0.3992621168498879,-0.4001657368391205,-0.4028738139994583,-0.4065648064902
,,,,4.361979166666666,-0.4325772085086423,-0.4272341793215687,-0.4264072932811345,-0.4283213163869638,-0.4307860040951283,-0.4193864145567461
,,,,4.372829861111111,-0.4455658546210309,-0.4340419407152737,-0.4481521167086684,-0.4493182874862758,-0.4471657192416785,-0.450124091101116
,,,,4.383680555555555,-0.4691395084304682,-0.4685873252509059,-0.4641564385689954,-0.4696910513447553,-0.4706155296564551,-0.4715486209716159
,,,,4.39453125,-0.4857401883338366,-0.5002968132853124,-0.4914576726025125,-0.4922533896997231,-0.4939223332658761,-0.4946556259079081
,,,,4.405381944444445,-0.5208943476218226,-0.5142030841127849,-0.5101152923615482,-0.5145119853786937,-0.5209319691325336,-0.5221629444368547
,,,,4.416232638888888,-0.529547868834894,-0.5403953683817829,-0.5314474436790384,-0.5360380978467202,-0.5359859202875146,-0.5407437832464781
,,,,4.427083333333333,-0.5578607823841589,-0.557117826390885,-0.5491385280820543,-0.5517934384584682,-0.5528315836026154,-0.5599428223443785
,,,,4.437934027777778,-0.5814814776440258,-0.5793683799587613,-0.5762342587992533,-0.565808513425288,-0.5750715769855507,-0.5826396717373495
,,,,4.448784722222222,-0.587975317732113,-0.6063751967936343,-0.6001867774105064,-0.5916047982163235,-0.6018838139782813,-0.6013534417402939
,,,,4.459635416666666,-0.6119213022630139,-0.6168260277164977,-0.6139383495410412,-0.6083989774120299,-0.6239473604206324,-0.6131876327170482
,,,,4.470486111111111,-0.6328855257407946,-0.6378104429311945,-0.6318533764683808,-0.6321335625635499,-0.6324347282001964,-0.6376741167794338
,,,,4.481336805555555,-0.6533781813382554,-0.6521731983648527,-0.6484860618770376,-0.6535905184928199,-0.6582081654068871,-0.6610820072720085
,,,,4.4921875,-0.6668836492412571,-0.665411703491318,-0.675236306720658,-0.6723597703285379,-0.6708115305735647,-0.6760447438001832
,,,,4.503038194444445,-0.6949917686582293,-0.6839238468783115,-0.68676646889009,-0.6869836421809915,-0.6826234579500486,-0.6848035883657426
,,,,4.513888888888888,-0.708717696725227,-0.7047202308050661,-0.7084827938251306,-0.7083123897193373,-0.7123439667533006,-0.7071488951172593
,,,,4.524739583333333,-0.7248635991255988,-0.7236109209241155,-0.7234820538871405,-0.7232455643986098,-0.7304474564352006,-0.7281923499573465
,,,,4.535590277777778,-0.7455254333477676,-0.7436260307717888,-0.7376443560196223,-0.7434345776745139,-0.7380652313756071,-0.7465392869541017
,,,,4.546440972222222,-0.7621708879025595,-0.751817786921564,-0.7501371355064307,-0.7555125149029687,-0.7570765459551204,-0.7503606838538367
,,,,4.557291666666666,-0.776843393243974,-0.7741227781133554,-0.7776909064756904,-0.7662950678144587,-0.7673246231414992,-0.7726120419950123
,,,,4.568142361111111,-0.7877780916404501,-0.7809928539062152,-0.782248871846968,-0.7968660281305754,-0.7906083255744939,-0.7849571270577227
,,,,4.578993055555555,-0.8082628331583654,-0.8103427890634982,-0.8076787517306572,-0.7997986192482637,-0.7982773791953568,-0.7988334850900071
,,,,4.58984375,-0.81759030307438,-0.818825698723513,-0.8169424863610086,-0.820907829686135,-0.8202301989757835,-0.8227287109491119
,,,,4.600694444444445,-0.8271047388203008,-0.8348829519670984,-0.833688577811993,-0.8320910562945192,-0.8275922761866188,-0.8312653273742154
,,,,4.611545138888888,-0.8454855681129465,-0.839885267670719,-0.8494283927914464,-0.8479767924354293,-0.8488626643250542,-0.846412142572351
,,,,4.622395833333333,-0.847896467057679,-0.8536151723817341,-0.8581378310652908,-0.851723125357168,-0.8551262569819303,-0.8578501815924654
,,,,4.633246527777778,-0.8687725654444203,-0.8664519146864716,-0.8705823608574479,-0.8646977452153234,-0.8712909697423921,-0.8753321925399293
,,,,4.644097222222222,-0.885957487713772,-0.8823229900165392,-0.8870611786142327,-0.8790830901433087,-0.8818729030547435,-0.8759885593556356
,,,,4.654947916666666,-0.8957801365425062,-0.8903681540350873,-0.9015870843873076,-0.8905643719002232,-0.8972393592645065,-0.8978793698363134
,,,,4.665798611111111,-0.9092815902720722,-0.90445850267672,-0.9043793152028068,-0.8990432703933726,-0.9092227930811794,-0.9045198954772669
,,,,4.676649305555555,-0.9163548928068443,-0.9247502266563628,-0.919494928539004,-0.9133193346481696,-0.9123423709590848,-0.9133945078964014
,,,,4.6875,-0.919677802886663,-0.9267688009233124,-0.9168472008264258,-0.922011564354594,-0.9252450163583698,-0.9276714503628726
,,,,4.698350694444445,-0.927674208605822,-0.938255887089405,-0.9324196735420586,-0.9327782941403284,-0.9357855714666552,-0.929191978202812
,,,,4.709201388888888,-0.9453065906192024,-0.9437894264013876,-0.9377387795445374,-0.935376116618967,-0.9541057819309084,-0.9401912770234946
,,,,4.720052083333333,-0.9495013351215896,-0.9447253108720374,-0.9565418337265664,-0.9430436289167482,-0.9499478600251294,-0.95129103401324
,,,,4.730902777777778,-0.9583097952782302,-0.9591983300843412,-0.9531215631994844,-0.9598641128563508,-0.9578282876518488,-0.959438417449379
,,,,4.741753472222222,-0.9628552923407964,-0.9522850441678338,-0.9590557129516784,-0.9670970157969292,-0.9588001978251424,-0.9609920059414736
,,,,4.752604166666666,-0.9715316721675884,-0.9740175440842824,-0.9635619184171296,-0.976035372018653,-0.9660706902134276,-0.978726435742034
,,,,4.763454861111111,-0.9741961531442938,-0.9758542856291272,-0.986553244461895,-0.9768488464999028,-0.9629733181828096,-0.9817303770696022
,,,,4.774305555555555,-0.9889622650723504,-0.9765118283963462,-0.971491847984292,-0.9859746638208532,-0.9789291011944136,-0.98560321018796
,,,,4.78515625,-0.9845384387862468,-0.9771842975874,-0.9800714370319796,-0.9881494671496128,-0.9823569343549494,-0.9883197097438008
,,,,4.796006944444445,-0.9877789523834352,-0.9915090768003232,-0.9862375731179226,-0.9942565448069256,-0.9910104646768002,-0.9899935141242644
,,,,4.806857638888888,-0.997459866727385,-0.9883069055512244,-0.9939437037311784,-0.9928685313449476,-0.9970155922048312,-0.998194392593702
,,,,4.817708333333333,-0.9959965947736634,-1.0007365893014524,-1.000276665996145,-0.9944843597342315,-0.9856188025650128,-0.9974902706168588
,,,,4.828559027777778,-0.9999558565772988,-0.9955362223113016,-0.9965759337789596,-1.0034532718519718,-0.9992008950854454,-0.9954449303401574
,,,,4.839409722222222,-1.002172228907334,-0.9900433255118364,-0.9967871207949052,-1.002872871630917,-0.9985217512159448,-0.996463011616459
,,,,4.850260416666666,-0.9983996219554492,-0.997608773179358,-1.0019682053704906,-1.0123869509692145,-0.9950170828500268,-1.0032691475160544
,,,,4.861111111111111,-1.0062652080856709,-1.001924320931796,-0.9955400431184624,-0.9982818666937316,-0.988796732052343,-1.0055777652992288
,,,,4.871961805555555,-0.999152851810586,-1.0031387386935915,-1.0038645590667656,-1.002896620281568,-1.0074498853514684,-1.001260544937351
,,,,4.8828125,-1.006832570641181,-1.0014173283838297,-1.0013132410820975,-0.9941538999099488,-0.995917392169661,-1.0026717527256843
,,,,4.893663194444445,-0.9918812936233408,-0.9969107058819124,-0.9948882417425984,-1.002131398087307,-0.9946708953582442,-0.9903655311315066
,,,,4.904513888888888,-0.997798335365326,-1.0019860543804051,-0.9906511456312118,-0.99189868956059,-0.993883288239665,-0.9899801007817636
,,,,4.915364583333333,-0.992427023117998,-0.9924995685540604,-0.9896866246676598,-0.9905137232669706,-0.9950007838585584,-0.9916228904831283
,,,,4.926215277777778,-0.9857789260611236,-0.999435176124225,-0.9932393755756268,-0.992004504286292,-0.9899559003273416,-0.9883268314584857
,,,,4.937065972222222,-0.9918394262702226,-0.9791395754693186,-0.991267530376546,-0.98900743945324,-0.9902644150360164,-0.989062703394464
,,,,4.947916666666666,-0.9796483402392098,-0.9822493287011512,-0.9734697767161276,-0.9779671948076356,-0.9783777310784144,-0.9796502251911
,,,,4.958767361111111,-0.9751069393253252,-0.9679222439633364,-0.9728709727398116,-0.9779452509982788,-0.9697887478954794,-0.9792865421168638
,,,,4.969618055555555,-0.9676759288956872,-0.9685540805307598,-0.9692474820529484,-0.9643163009716996,-0.9621926149103612,-0.9714808330611872
,,,,4.98046875,-0.9680620940834712,-0.9647321059297728,-0.9667083880134268,-0.960766563115426,-0.9614191609672016,-0.9518952950131304
,,,,4.991319444444445,-0.95258142452327,-0.956290846310697,-0.9557338893300488,-0.9543947031335692,-0.9580550298152748,-0.9545555749854172
,,,,5.002170138888888,-0.9500631718436888,-0.9503411463924166,-0.9490074155419184,-0.9424449518113344,-0.9525545253389356,-0.948195022111218
,,,,5.013020833333333,-0.9379163316874246,-0.9389085796433866,-0.947980190124184,-0.9482262923662234,-0.9478323365667952,-0.9525522920002768
,,,,5.023871527777778,-0.930273467531731,-0.9300844830563778,-0.9225523059512674,-0.9309236444202068,-0.9427024207544148,-0.9348997880428576
,,,,5.034722222222222,-0.9280206223439532,-0.9235358879323818,-0.920143848898311,-0.9202802735676882,-0.9191329376906788,-0.921188521201691
,,,,5.045572916666666,-0.9133137979441578,-0.909216316911568,-0.911557366674691,-0.9225057548726308,-0.9112325487555644,-0.9157828221297992
,,,,5.056423611111111,-0.9134526134122344,-0.8989536776357745,-0.9136384865449876,-0.8993235190793087,-0.8890822723902345,-0.9014397351691636
,,,,5.067274305555555,-0.887471838102211,-0.8937481339816805,-0.89166306373999,-0.8945699835313067,-0.8953039182286036,-0.8864507028072978
,,,,5.078125,-0.8801297163242618,-0.8822916536263081,-0.887415150571711,-0.8769679111240464,-0.0177531373450455,-0.8886336535376417
,,,,5.088975694444445,-0.8730538248345776,-0.8731118337673978,-0.8658429448299825,-0.8727020762790911,-0.0173027276415556,-0.8700571671598868
,,,,5.099826388888888,-0.8538476866247253,-0.8588245471718379,-0.8634744259479784,-0.8559104434789262,-0.0172427797862147,-0.8530765753035292
,,,,5.110677083333333,-0.8395285452965711,-0.8496691341361996,-0.8455649316951026,-0.8417866466707766,-0.0167509309902714,-0.8458253191615313
,,,,5.121527777777778,-0.8334094858159542,-0.8328464320204619,-0.8253909498504189,-0.8263401782482999,-0.0165901194049269,-0.8257534009024412
,,,,5.132378472222222,-0.8207292201957926,-0.8251151790340724,-0.8119783455206064,-0.8219463334408652,-0.0161400728622253,-0.8127593950855331
,,,,5.143229166666666,-0.8057956996814318,-0.7967502284377035,-0.800385218060554,-0.8050851700918888,-0.0161345891304882,-0.8049638498993887
,,,,5.154079861111111,-0.792931920283062,-0.7886262589190354,-0.7749811539736656,-0.7857021604917388,-0.0157064071090707,-0.791135754207427
,,,,5.164930555555555,-0.7729528584183158,-0.7715698124196343,-0.773260145200639,-0.7781629868680345,-0.0153817416048379,-0.7765129811157914
,,,,5.17578125,-0.7533120899170298,-0.7594738493273046,-0.7570168580599846,-0.7642157411387859,-0.0150390764292287,-0.7497998362395306
,,,,5.186631944444445,-0.7332108816963053,-0.7390587682107806,-0.7338974930852117,-0.7456846181565482,-0.0149622829613688,-0.7551667445770825
,,,,5.197482638888888,-0.7279062858284461,-0.7254942940225702,-0.7200407705022273,-0.7286247092760721,-0.0144294859032302,-0.7234905713798614
,,,,5.208333333333333,-0.6992820049030448,-0.7111114071775052,-0.7076690377116327,-0.6952714770300377,-0.0142137298153804,-0.7069143173106344
,,,,5.219184027777778,-0.6915980052388444,-0.6904386332086646,-0.6906785150573256,-0.6936668031249817,-0.0138418530562799,-0.691847085039145
,,,,5.230034722222222,-0.6738299032387703,-0.6815741391085045,-0.6702443517953413,-0.6730042633542687,-0.0133668751371579,-0.6670609637264385
,,,,5.240885416666666,-0.6562740007963225,-0.65742963122812,-0.648131569465961,-0.6606844941900513,-0.0128807966032998,-0.6518654157276861
,,,,5.251736111111111,-0.6453173097788838,-0.6284942627336967,-0.6374160948430078,-0.6290860745960106,-0.0124228163456184,-0.6388854923231906
,,,,5.262586805555555,-0.6133369100687496,-0.6070246404528153,-0.6114065096541066,-0.6107095413048768,-0.012383792088756,-0.624099253925724
,,,,5.2734375,-0.5999177175428213,-0.5971160539044819,-0.5982895071206588,-0.5917081738276897,-0.0119743203410205,-0.5966083061445066
,,,,5.284288194444445,-0.5706155010189409,-0.5755782467023782,-0.5712565032837573,-0.5781218943977213,-0.0116188310920875,-0.5812468836692939
,,,,5.295138888888888,-0.5617749651352716,-0.5541321037510728,-0.5649530997360852,-0.5552843988219127,-0.0109510937551624,-0.5528662274702932
,,,,5.305989583333333,-0.532633797325877,-0.5424921606972011,-0.5350799238380665,-0.5306396293947647,-0.0107252383979101,-0.5426481050161276
,,,,5.316840277777778,-0.5147288676474195,-0.5189298199145016,-0.5125691780819309,-0.5236361357647921,-0.010279106528844,-0.5088475590354392
,,,,5.327690972222222,-0.4889477606753923,-0.4981670176439798,-0.4959453982243521,-0.4881625571998769,-0.009705326042336,-0.4910962619587561
,,,,5.338541666666666,-0.4726109792393319,-0.4726766756100201,-0.4704436628773528,-0.4706775112201208,-0.0094039313126065,-0.4662605199719164
,,,,5.349392361111111,-0.4462792667042241,-0.4522266989604,-0.4568005382199809,-0.4532277723853419,-0.0089051611839915,-0.4474579237674999
,,,,5.360243055555555,-0.4286060615692272,-0.4375649840698067,-0.4229749090803508,-0.4255161582171547,-0.008472685557771,-0.4236952495845787
,,,,5.37109375,-0.3942213394022095,-0.4044126769910772,-0.4117313031674242,-0.4129206963636876,-0.008048395724759,-0.4119351431488208
,,,,5.381944444444445,-0.3878819890807162,-0.3855803485625814,-0.3778582975921264,-0.3866634087281812,-0.0078071988026701,-0.3837375312603472
,,,,5.392795138888888,-0.3509364276727092,-0.3577924869011371,-0.3643870561397197,-0.3600063703292245,-0.0071705174591143,-0.3598509763094639
,,,,5.403645833333333,-0.3327249334967177,-0.3350275783843462,-0.0343006977843735,-0.3316142545929901,-0.0067551885273929,-0.3327492416568449
,,,,5.414496527777778,-0.3068736961068092,-0.3051406490365613,-0.0312622044069723,-0.3128221948628819,-0.0064206072886673,-0.3213278411462354
,,,,5.425347222222222,-0.2863261831380037,-0.2879145334556365,-0.0295103075070654,-0.2904798525533868,-0.0056866159309248,-0.2966670692179275
,,,,5.436197916666666,-0.2715670302015125,-0.2635487413504819,-0.0273496404502427,-0.2766878042291045,-0.0053530388258166,-0.2604437926311035
,,,,5.447048611111111,-0.2364131673435881,-0.2446012622424458,-0.0244621081413435,-0.2409533747084021,-0.0049257792206485,-0.2389008877669241
,,,,5.457899305555555,-0.2136401833523935,-0.227806467542793,-0.0212783778045394,-0.2191058962700499,-0.0042469530980973,-0.2176128002762866
,,,,5.46875,-0.2059387185790737,-0.2026491801202788,-0.0193025608017058,-0.1935198164832471,-0.003902195087083,-0.1973982315812357
,,,,5.479600694444445,-0.1810264952780928,-0.1694654392427324,-0.0169568363554301,-0.1687263000276815,-0.0034361817390349,-0.1689031865575453
,,,,5.490451388888888,-0.1455172413549903,-0.1428563721868964,-0.0153918422816797,-0.1520494379332188,-0.0029786939241081,-0.1338886445120027
,,,,5.501302083333333,-0.1221758799116131,-0.123187572477855,-0.0123801067509069,-0.1274886148226898,-0.0025821818018924,-0.1312318644647127
,,,,5.512152777777778,-0.0961537163161864,-0.0977726574686379,-0.0090491852273578,-0.1043852133804502,-0.0019184528258283,-0.1000786327267179
,,,,5.523003472222222,-0.0705824403976601,-0.0734187004402387,-0.0079767227122811,-0.0755853499918076,-0.0015824811845539,-0.0636168917344337
,,,,5.533854166666666,-0.0539238291415304,-0.0478086621739832,-0.005117946801023,-0.054783661814503,-0.001128042230311,-0.0446493935843998
,,,,5.544704861111111,-0.0225368803294649,-0.0275603691704609,-0.003387462152757,-0.0276107251149118,-0.0005265774628978,-0.0231168031461687
,,,,5.555555555555555,0.0049234583898671,0.0122192159535132,-2.5993199369947424e-05,-0.0062616409573816,8.41357914237754e-06,0.0045945341268728
,,,,5.56640625,0.0219111669957369,0.0282339812499366,0.0021643676649164,0.0207191299655293,0.0004136542083712,0.0264081194319036
,,,,5.577256944444445,0.0501609680175298,0.0500864057775683,0.0051819742088801,0.0495470337800912,0.0010340774131077,0.0424313904070338
,,,,5.588107638888888,0.0761020018485853,0.073018549117825,0.0069274720238169,0.0739650403049435,0.0015087003922003,0.0724941771513404
,,,,5.598958333333333,0.0981181600509378,0.0952975970494496,0.0098935825987978,0.0992572397995321,0.0020501386921444,0.0903591527049332
,,,,5.609809027777778,0.1301578691068309,0.1214822181246319,0.0122525302642959,0.1254000898760757,0.0023587397698881,0.1140848576190022
,,,,5.620659722222222,0.1479683121768433,0.1481718419314611,0.0148755789449352,0.1490403185414463,0.0029129722032175,0.1589110247966191
,,,,5.631510416666666,0.17701312384119,0.1753748247532109,0.0171498821923199,0.1745671424102774,0.0034502846321651,0.1663737983640918
,,,,5.642361111111111,0.1938484622657906,0.1957908384085825,0.0197919595765062,0.2006003647368468,0.0040849334346444,0.1941481244992789
,,,,5.653211805555555,0.2136762696250092,0.2208775057802345,0.021206778697161,0.2207410039142615,0.0043841330370137,0.2193654475928173
,,,,5.6640625,0.2457467918522776,0.2433082461262357,0.0238015930665327,0.2436638184220434,0.0049694088902916,0.2458119435043758
,,,,5.674913194444445,0.2724387763584755,0.2735123472845805,0.0272290281686607,0.2696493960861795,0.0053004697223542,0.2748620553422547
,,,,5.685763888888888,0.2881818611680674,0.2942177439335906,0.0282083901664502,0.2823480922671066,0.0059576440369479,0.2887577684489575
,,,,5.696614583333333,0.310483536384677,0.3102063695433262,0.0310234520905647,0.3199749082462262,0.006328763722681,0.3099580584859202
,,,,5.707465277777778,0.3387482466071531,0.3402348537007327,0.0329759920099747,0.3428834764406444,0.0064980493615029,0.3392465043420224
,,,,5.718315972222222,0.3593211093369578,0.3488323439325831,0.037396687421919,0.3632479815381721,0.0070984872885139,0.3601132696525592
,,,,5.729166666666666,0.3842197896431711,0.3818282657377723,0.03823770212842,0.3771022106715077,0.007536045831367,0.3902544562200434
,,,,5.740017361111111,0.4036053785153934,0.4041763811792821,0.0403558717150352,0.4159569349399573,0.0081316065175362,0.3980111633662462
,,,,5.750868055555555,0.4256017391276883,0.4255443927565169,0.0426427554114672,0.4156250552453337,0.0085714207674986,0.4270120226762973
,,,,5.76171875,0.4496260818189715,0.4571175757839113,0.0445260614207962,0.4501991811916594,0.0090225185438129,0.4565582595363772
,,,,5.772569444444445,0.4743089994606883,0.4652730554542653,0.0479254944060722,0.4645723683709954,0.0093498246741982,0.4743172041888015
,,,,5.783420138888888,0.4796487332617652,0.500096207034815,0.0495172541969175,0.4972591045497893,0.0097763408304529,0.4936901922557499
,,,,5.794270833333333,0.504291419891224,0.5108509698519215,0.0513386491278694,0.5167076641481206,0.0103935704194202,0.5117327068641376
,,,,5.805121527777778,0.5274882366667726,0.54372580749395,0.0534858133461692,0.538055738700441,0.0106067546052746,0.5267296242420766
,,,,5.815972222222222,0.5581463985816211,0.5546845469771783,0.055982554639889,0.5496096012385073,0.0109562408735016,0.5727995613660858
,,,,5.826822916666666,0.5760821895363537,0.5730663851493552,0.0571417313135426,0.5662172473701419,0.0115266769667623,0.572419104826469
,,,,5.837673611111111,0.5992839656349332,0.598951214958789,0.0603353949827601,0.596537342502563,0.0119875882663015,0.6017442277658772
,,,,5.848524305555555,0.6141194080447372,0.6122650691964917,0.0618288812878045,0.6195808390725671,0.012425050973183,0.616959325525632
,,,,5.859375,0.6341341054100978,0.6331398668538518,0.0629268086133597,0.6286562047442705,0.0127206470874354,0.6307402464073387
,,,,5.870225694444445,0.657348322611356,0.6455022523006599,0.065026177564002,0.6473032266399888,0.0130212349540427,0.6632301047915092
,,,,5.881076388888888,0.6662236469381917,0.6654848394069649,0.0668355323399419,0.6708248033603306,0.0133418594993756,0.6735920112892599
,,,,5.891927083333333,0.6920853037456844,0.6893345040459061,0.0686454478137918,0.688245900176581,0.0138066883328337,0.6812200853271996
,,,,5.902777777777778,0.715182625640404,0.7071473659616235,0.0707726906826201,0.7051072723615497,0.0141125402689335,0.7040391049560618
,,,,5.913628472222222,0.7281003568585781,0.7249678781323156,0.0720686581088174,0.7317483039520254,0.0143871372821318,0.7302368055489461
,,,,5.924479166666666,0.7315007247170466,0.7435141895869798,0.0742439731016919,0.7339431361673114,0.0147680950629621,0.7343260512730447
,,,,5.935329861111111,0.75201353388837,0.7573202277605894,0.0749458259393132,0.7581192256884817,0.0154237040438975,0.7583773968334258
,,,,5.946180555555555,0.7776300120922919,0.7739525453282885,0.0760977398817791,0.7630838371792185,0.0154296302593777,0.7707075704828258
,,,,5.95703125,0.7818672595843267,0.7836378932168683,0.0785940659546042,0.7825360497743301,0.0158031992513679,0.7826115113205344
,,,,5.967881944444445,0.802597327282019,0.8042023728040869,0.0806958205052105,0.8059059855494698,0.0162402860258204,0.8012876779326344
,,,,5.978732638888888,0.8200118977213562,0.8254983370748229,0.081411501043574,0.8284734796626236,0.0163329760902857,0.8215750578952065
,,,,5.989583333333333,0.839426855437084,0.8257214270841562,0.0829555289017881,0.8296795849525131,0.016593034636153,0.8294018934419923
,,,,6.000434027777778,0.8490247508030657,0.8477720169069639,0.0842953403219519,0.8516742075669524,0.0168928730127934,0.8528100631532447
,,,,6.011284722222222,0.8492105224332795,0.8629828600230078,0.0857416348739353,0.8455141008211345,0.0171018573399062,0.8512929748726081
,,,,6.022135416666666,0.8748374960394325,0.8661832242020272,0.0874920038527953,0.8695513573421806,0.0175615824022738,0.872010397911164
,,,,6.032986111111111,0.8844545798348568,0.882512137106239,0.0878514973696628,0.8859645793103561,0.0176229354004283,0.8998373214620623
,,,,6.043836805555555,0.8908615369656813,0.8897649057468241,0.0896421858912567,0.8927402235338749,0.0179239357162757,0.8899150200477306
,,,,6.0546875,0.8984471535140552,0.9041392885867696,0.0900778845313349,0.9134111962152088,0.018110902705171,0.8966930456351516
,,,,6.065538194444445,0.9100633331774424,0.9033486209342698,0.0909513724871142,0.9188541070013948,0.0184053119851799,0.9137080332032486
,,,,6.076388888888888,0.929903556540624,0.9213113365475366,0.0921929431776566,0.9179627595464914,0.0184815034655579,0.9293023128637746
,,,,6.087239583333333,0.9226460011670709,0.9265602386719972,0.0933780576007952,0.9339490476810812,0.0187911613278548,0.9359360816513695
,,,,6.098090277777778,0.9320342247818584,0.940386330799906,0.0941603696944561,0.9446039989561176,0.0189848378850145,0.9392950387876916
,,,,6.108940972222222,0.9562093007380916,0.9552752317578452,0.09531970150842,0.9387548794685852,0.0190262846048274,0.9466208480165904
,,,,6.119791666666666,0.9598465082522376,0.9580354200888328,0.0959059557286176,0.947771962155485,0.0190485104161202,0.9489648595872896
,,,,6.130642361111111,0.9700954982265972,0.9631645434736352,0.0963785076837955,0.9643820574404208,0.0193682369837961,0.9597741650591884
,,,,6.141493055555555,0.9746749168668574,0.9689172698027438,0.0971476735755843,0.9625867613796072,0.0193748901451975,0.9692802217253806
,,,,6.15234375,0.9875430191545004,0.9789510643775796,0.0974302950890642,0.9728792281653992,0.0193912322936123,0.9716284600929024
,,,,6.163194444444445,0.9818472006882484,0.9818264753471866,0.0983778835874564,0.9734885184691304,0.0196446066664991,0.9804402438671638
,,,,6.174045138888888,0.9851882309001858,0.987896412033642,0.097368060441409,0.9871245208073256,0.0198254325269065,0.9925776176636412
,,,,6.184895833333333,0.9875383219030296,0.986564980810698,0.0983966524263253,0.9911822690366376,0.01977040712595,0.98332219975879
,,,,6.195746527777778,0.993208327462277,0.9876967414708574,0.0985775016703439,0.9957468176456492,0.0197747256900286,0.9919869804785952
,,,,6.206597222222222,0.994548269223905,0.9914750813006796,0.0987369185685822,0.9941279385392956,0.019778253178089,1.0019767973595723
,,,,6.217447916666666,0.9961190085140552,1.0001795615379712,0.0989414654199336,0.9957261506207128,0.0198773377547204,0.9981897913472776
,,,,6.228298611111111,1.0030359653505962,1.0006212385250908,0.100401154341275,1.000707200757458,0.0200575224149246,1.0007017235424536
,,,,6.239149305555555,0.9959111687635366,1.0055204299068632,0.100950958887299,0.995534282990204,0.0198192805937683,1.006715436121721
,,,,6.25,1.00041200559829,1.0025245868344177,0.0994705010114975,0.9902054681331536,0.0199393226138578,1.0001989099755504
,,,,6.260850694444445,0.98899705681278,0.9975499353648646,0.1002473449309005,0.9977856939069196,0.0200581662705132,1.0038066031946005
,,,,6.271701388888888,0.9992785704161048,0.982461333154496,0.1008110373701878,0.9991888243495666,0.0197714173930642,1.010499960041966
,,,,6.282552083333333,0.9912432918236904,0.990308681024529,0.0980028178690762,0.9988961602519868,0.0198870977002447,0.999602468804626
,,,,6.293402777777778,0.99212234840888,1.002654263351633,0.0992575024658621,0.9924389758946708,0.0197583545114803,0.9896616939431412
,,,,6.304253472222222,0.9895429945646907,0.9997179547500626,0.0992395372900388,0.992304598711333,0.0198571942852539,0.9962833035634804
,,,,6.315104166666666,0.9861187275660288,0.9889200221300952,0.0988025034362049,0.9894685806373044,0.0197072244539692,0.9863291653943228
,,,,6.325954861111111,0.9843739483270008,0.9837769228924338,0.0985432203056064,0.9856635242084164,0.0195300627854234,0.9837157742770416
,,,,6.336805555555555,0.982948243403194,0.984676135358002,0.0990563471458843,0.9833649629443036,0.0195775222578897,0.9778247269428264
,,,,6.34765625,0.9647879021614608,0.9785531206508294,0.0975704062582297,0.9736291092232908,0.0194818932360446,0.9745370031392602
,,,,6.358506944444445,0.9669574923745252,0.9664842313774448,0.0975328089989793,0.9737993770902258,0.0195036266766979,0.9681892484131812
,,,,6.369357638888888,0.9724515443830016,0.9606353518172696,0.0969523770932097,0.9627177624371416,0.0192175951727213,0.967042627653616
,,,,6.380208333333333,0.95250088103775,0.9568428729931288,0.0965651719554674,0.946931741802888,0.0192130576536958,0.9499961315296592
,,,,6.391059027777778,0.9472573133165394,0.9384377318565986,0.0949683151579511,0.9476991547765746,0.0190300984358942,0.9490186048754669
,,,,6.401909722222222,0.9401895515963512,0.936715334404276,0.0941550420113971,0.9463394776818572,0.0187833943420778,0.9433458626997476
,,,,6.412760416666666,0.9338124711045064,0.9250488455680798,0.0936084998922305,0.9306930172899628,0.0186372605581072,0.9429454428110842
,,,,6.423611111111111,0.9292697158610176,0.9264847474322916,0.0932814891867478,0.9266453481051704,0.0185722039021756,0.9202433236245152
,,,,6.434461805555555,0.9109131304906736,0.9126910544157564,0.0924908553091403,0.9171495709835888,0.018360995154012,0.915508672475834
,,,,6.4453125,0.9013720534429734,0.9051947366585632,0.0888470294129933,0.902517480254552,0.0180404443928039,0.8992142320447928
,,,,6.456163194444445,0.8924903851506137,0.900176169772746,0.0893152603572931,0.894515238998357,0.0178532670606715,0.8950177609520299
,,,,6.467013888888888,0.8773981282697255,0.8802828040902213,0.0878890606672473,0.8896141578437509,0.017693100458573,0.8796955530923046
,,,,6.477864583333333,0.8658140276933938,0.871661156742838,0.0871705198953125,0.8675196795975246,0.0173752412450691,0.8690640723485339
,,,,6.488715277777778,0.8575488626662913,0.8582788105181887,0.085265531173597,0.8613764230194513,0.017260695975936,0.8632788285498302
,,,,6.499565972222222,0.8402077087754597,0.8430148419565708,0.084489273009177,0.8475630890838888,0.0169393640546678,0.8417504023669455
,,,,6.510416666666666,0.8358127164345409,0.8327593363861182,0.0833714911718984,0.8337912540192829,0.0168284891445362,0.826298066436143
,,,,6.521267361111111,0.8030314659165088,0.812127674320861,0.0815390676270839,0.8125576302749302,0.0163417331773462,0.820476291145453
,,,,6.532118055555555,0.7951416660592675,0.802354743965215,0.0812608117792548,0.8053409413895386,0.0160175144994113,0.8051525745247914
,,,,6.54296875,0.7828559010011314,0.7877227544706004,0.0795330073096433,0.7861199500464326,0.0158553405680946,0.7880950345349789
,,,,6.553819444444445,0.773835125027679,0.7715114164573952,0.0774134992302579,0.7762275284791162,0.0156017936552069,0.7701082603572296
,,,,6.564670138888888,0.7549104359751967,0.764979920455417,0.0755682464824724,0.7605062268587772,0.0149388542993157,0.0457245580494157
,,,,6.575520833333333,0.7392535006635548,0.7396107146108758,0.074455344354971,0.7435602523457856,0.0146906910112116,0.0449165975969021
,,,,6.586371527777778,0.7212719861614881,0.73070715283208,0.0723106435520951,0.7236046689254022,0.014443804568464,0.0427799911103278
,,,,6.597222222222222,0.6999539951262946,0.7069324315512848,0.0706081586851032,0.7126558239346695,0.0140009290428377,0.0420075635061773
,,,,6.608072916666666,0.688042423898195,0.6887889196234761,0.0683458069876077,0.6898297086384786,0.0138037483635196,0.0414232945933435
,,,,6.618923611111111,0.6679967697246121,0.676394531966526,0.0675385487900994,0.6651171748329173,0.0134376429413563,0.0405860695384963
,,,,6.629774305555555,0.6513297820353777,0.6554644128030811,0.0656482675567143,0.6385637665071409,0.0128501282073786,0.0389044984552636
,,,,6.640625,0.637586370010441,0.6288135286517672,0.0636095108741785,0.6395104249239231,0.0127766677914476,0.0379241352781161
,,,,6.651475694444445,0.6147039540233302,0.6132046201225663,0.0620373172714265,0.6062475368749388,0.0124976434224033,0.0369810974042576
,,,,6.662326388888888,0.5922905352543593,0.597386076649418,0.0592684256812435,0.5939727371234808,0.0120238861091641,0.035701387903421
,,,,6.673177083333333,0.5766266915735554,0.5829102179475193,0.0571070176316326,0.5738938684617038,0.0115319855681806,0.0349564667084415
,,,,6.684027777777778,0.5585945134746304,0.5525790421062295,0.0558094608895745,0.5570485218929224,0.0113897617125451,0.033783668316759
,,,,6.694878472222222,0.5363415589432989,0.5388604371308642,0.0531385606805467,0.5412166202526325,0.0105724419732348,0.0319957244594116
,,,,6.705729166666666,0.4982481933963296,0.510674331403406,0.0503194277344994,0.5085893346891026,0.0102262626851915,0.0306165814912743
,,,,6.716579861111111,0.4924797529322267,0.4955981546999254,0.0488395825770695,0.4896585959426739,0.0098253651367991,0.02939995181426
,,,,6.727430555555555,0.4723736562107854,0.4647709811233871,0.0470597179095458,0.4723287802869019,0.0094635940348305,0.0283811750044541
,,,,6.73828125,0.4566562060760634,0.443954173210052,0.0455591903718123,0.4411587438909162,0.0089951249537976,0.0267239180342158
,,,,6.749131944444445,0.4191240602411838,0.4300801585094945,0.0433025379315879,0.4317933121354043,0.0086661587259115,0.0257152742886945
,,,,6.759982638888888,0.4111110015496815,0.3940357495364917,0.0409940453510863,0.4126756590249976,0.0080908288455376,0.0243347819058557
,,,,6.770833333333333,0.3881186121479797,0.3807984155962762,0.0382131296976809,0.3781542885560832,0.0075883618326464,0.0226960831975399
,,,,6.781684027777778,0.3576653390464463,0.3626305863661163,0.037008175204393,0.3553926152377633,0.007134511530721,0.022135145093707
,,,,6.792534722222222,0.3311201345277996,0.3488405753669872,0.0337904416706981,0.3357748657135173,0.0067448201080739,0.0200099113821721
,,,,6.803385416666666,0.3187996220303754,0.3138142405237927,0.03081013430316,0.3143649501776578,0.0061854511551219,0.0189305449904653
,,,,6.814236111111111,0.2930627527358229,0.2904742318893934,0.0289569907824751,0.2817285554793382,0.0058893616087481,0.0175869835745547
,,,,6.825086805555555,0.2685797890988906,0.2682824286214831,0.0264857545022729,0.2607133538140445,0.0054043455095785,0.0160143324405035
,,,,6.8359375,0.2402195321622023,0.2410354353307245,0.0242028467146125,0.2488960056581397,0.0049876077416745,0.0146927273143438
,,,,6.846788194444445,0.2146026895321172,0.2227525641617354,0.0214833640168562,0.213922210817657,0.0044233210743627,0.0131176305809751
,,,,6.857638888888888,0.20071813585621,0.2041416493262471,0.0200829419839283,0.2039825597929878,0.0037451363647114,0.0113991354062039
,,,,6.868489583333333,0.1651178272255298,0.1626177642223111,0.0177445124176174,0.1705254388939175,0.0033062156994064,0.0104043279900902
,,,,6.879340277777778,0.1507928477733683,0.1420485531583094,0.0138781478029363,0.1454601148824365,0.0029675007554101,0.0084365771698196
,,,,6.890190972222222,0.1158403598249375,0.1216226002253313,0.0122074814283066,0.1225704597031683,0.0024228762830213,0.0071691588747027
,,,,6.901041666666666,0.1022820791193046,0.0963961878520788,0.0105133544289006,0.0975043176376496,0.0018432207516575,0.0058458004814767
,,,,6.911892361111111,0.0803010152380657,0.0780253845892323,0.007614237959804,0.0769454865838007,0.0014548975411194,0.0039827515268648
,,,,6.922743055555555,0.0485245661810787,0.0524508536750677,0.0044234795265901,0.0518848313276926,0.0010387808830667,0.0033838457411484
,,,,6.93359375,0.0234010662432673,0.0188845093891561,0.0030380963543402,0.0269111686165096,0.000475011678175,0.0014974537945044
,,,,6.944444444444445,0.0082060184997456,-5.3499028482109416e-05,0.0002371811421357,-0.0065392568322389,0.0002422256489419,0.0002044804174433
,,,,6.955295138888888,-0.0317499792219201,-0.0226784488067914,-0.0026265727758591,-0.0191982643357031,-0.0005999109380615,-0.0013988634438613
,,,,6.966145833333333,-0.0444983175097332,-0.0528847573299407,-0.0049787096436556,-0.0493913065595197,-0.001059815940526,-0.0027673431353976
,,,,6.976996527777778,-0.068895841372741,-0.0675283818117766,-0.0071453190665387,-0.0711633648466848,-0.0013893477367315,-0.004786730232888
,,,,6.987847222222222,-0.1050033307868337,-0.1057244071116782,-0.0093301855448221,-0.0967992199999497,-0.0019158920259263,-0.0063043182205441
,,,,6.998697916666666,-0.1271881427989768,-0.1275388868871025,-0.0121788416476379,-0.1237724524689696,-0.0025229511551087,-0.0071293348267307
,,,,7.009548611111111,-0.1420835140671365,-0.1513685176952436,-0.0150837065824524,-0.1463492363750597,-0.0029578696376102,-0.0088054630452919
,,,,7.020399305555555,-0.1722735331986377,-0.1653121557395454,-0.0172379270354394,-0.1806624026607298,-0.0033120612436478,-0.0103299103917623
,,,,7.03125,-0.1976513414045849,-0.1990318232626473,-0.0203596882217199,-0.2027415228089387,-0.0037051927524334,-0.0122955149237364
,,,,7.042100694444444,-0.2228497271695236,-0.2179454096311554,-0.0218100011684679,-0.2244034023479645,-0.0043646137828445,-0.0127691460237852
,,,,7.052951388888888,-0.242972252188284,-0.2444266977705624,-0.0235928987738331,-0.2363098464847389,-0.0049969184005553,-0.0144488455918708
,,,,7.063802083333333,-0.2624931284633584,-0.2650898377954835,-0.0264786861059489,-0.2697685696433136,-0.0052214723503636,-0.0164562842922071
,,,,7.074652777777778,-0.2915010781542827,-0.2885547304902642,-0.0285700287495243,-0.2991606869772693,-0.0057008034212316,-0.0173921770803835
,,,,7.085503472222222,-0.3138668577629419,-0.3132196956975972,-0.0307262074887218,-0.3148184625706751,-0.0064034709985919,-0.018502174459068
,,,,7.096354166666666,-0.3348186462479203,-0.3356357692905491,-0.0336179447325296,-0.3390608240531398,-0.006701743524683,-0.0205165436298941
,,,,7.107204861111111,-0.3572874516051334,-0.3613799727714724,-0.0356506600786858,-0.3607381968697114,-0.0071002979463912,-0.0216657368051878
,,,,7.118055555555555,-0.3901887087805693,-0.3843866648650443,-0.0377592086864331,-0.3763123812973067,-0.0074815757033677,-0.0224277692762839
,,,,7.12890625,-0.4054177748094029,-0.4057271648644912,-0.0405281001737991,-0.4141217784483497,-0.008391909440981,-0.0239653739000623
,,,,7.139756944444444,-0.4305044804589945,-0.4334915621232482,-0.0419058882866716,-0.4239198889491556,-0.0084453074532067,-0.0261577720549711
,,,,7.150607638888888,-0.4444337292118221,-0.4488597812582328,-0.0447259836077722,-0.449427718906452,-0.0090023030586376,-0.026735936773467
,,,,7.161458333333333,-0.4716204244500669,-0.4669740232362228,-0.0469525909213272,-0.472386971330229,-0.0093167032600295,-0.0283408725469476
,,,,7.172309027777778,-0.4916835373076023,-0.4938349157265846,-0.0494313442065164,-0.4902653590333505,-0.0098466215664504,-0.029850205817542
,,,,7.183159722222222,-0.5131508784661893,-0.507403166368862,-0.0522280347081902,-0.5129197942247393,-0.0102049618094833,-0.0305858525207548
,,,,7.194010416666666,-0.5304801746681084,-0.5287186588051955,-0.0528894574027758,-0.5277094727870865,-0.010768947580136,-0.0315708592531393
,,,,7.204861111111111,-0.5528498236521541,-0.5500146286443294,-0.0552685175294722,-0.557761912358272,-0.0110329986937473,-0.0332343673409668
,,,,7.215711805555555,-0.5764380306049037,-0.5874193193779976,-0.0575943250459587,-0.5794571917555044,-0.0116746378754455,-0.0347700963815543
,,,,7.2265625,-0.5960781104604296,-0.6005314118770444,-0.0586643011572982,-0.5915243206305089,-0.0120649085881652,-0.0354619577151165
,,,,7.237413194444444,-0.6088561958109874,-0.612196737119958,-0.0616821026699764,-0.6075370480468317,-0.012355836895345,-0.0368817655012889
,,,,7.248263888888888,-0.6306485084975993,-0.6311457864185629,-0.0639522893128437,-0.6310039924463575,-0.01275414907327,-0.0382366471164542
,,,,7.259114583333333,-0.6617997809269103,-0.6603491290215986,-0.0659684549755844,-0.6545533938429744,-0.013187331208399,-0.039212605350634
,,,,7.269965277777778,-0.6665259427316887,-0.6716102160506399,-0.0667730480184359,-0.6734915221716714,-0.0134788188700566,-0.040772278068226
,,,,7.280815972222222,-0.684441778669445,-0.6857770262007102,-0.0690028503858017,-0.6868626000884344,-0.0136513909405772,-0.0414471789446296
,,,,7.291666666666666,-0.7111966737174428,-0.7156453074227526,-0.0714193917073,-0.7069452763969175,-0.014176524577477,-0.0429580674364444
,,,,7.302517361111111,-0.7175182072012376,-0.7162349239366469,-0.0720767185219756,-0.7354093707168171,-0.0144326367421258,-0.0435354460353005
,,,,7.313368055555555,-0.7352673886682326,-0.7413640734190838,-0.0739291599914479,-0.7370162253078713,-0.0149880827604663,-0.0444412283354011
,,,,7.32421875,-0.7633973581324739,-0.7585537918244564,-0.075253149591982,-0.7526032460029993,-0.0152354115132527,-0.0453846709572556
,,,,7.335069444444444,-0.7732465318653035,-0.768271703872497,-0.0786232087243346,-0.7732769266014007,-0.0154727168982846,-0.0461880597092162
,,,,7.345920138888888,-0.7817010286203373,-0.791093175570842,-0.0789718501172025,-0.7838785215844597,-0.0157524693173033,-0.047281255964446
,,,,7.356770833333333,-0.8009961611697712,-0.8002827706135177,-0.0804945667320163,-0.8047812826595006,-0.0160090715474399,-0.0483649744574736
,,,,7.367621527777778,-0.8224685149542839,-0.8144485936234299,-0.0827303368896759,-0.8140520454627287,-0.0163762280121014,-0.0484570044284528
,,,,7.378472222222222,-0.8289606303409752,-0.8345658965566245,-0.0834900792652962,-0.8321960065683018,-0.0165057245435301,-0.0500100949282025
,,,,7.389322916666666,-0.8472678324713274,-0.8519311020988248,-0.0842028826693983,-0.8557134205061494,-0.0170998782475012,-0.0508296270760606
,,,,7.400173611111111,-0.8578354161269821,-0.8483221092900376,-0.0857452229351834,-0.8609981098199117,-0.0170806297033149,-0.051148860287551
,,,,7.411024305555555,-0.8636765366700367,-0.8657992722848156,-0.0863465102022952,-0.869148822779308,-0.0172967055601625,-0.052040992860222
,,,,7.421875,-0.8807482795330472,-0.886755473705402,-0.0881759160697865,-0.8739654353150024,-0.0177816383493124,-0.0529473214798747
,,,,7.432725694444444,-0.8967404163019632,-0.8858851683564397,-0.0896704873547791,-0.8872183600352431,-0.0178687127820902,-0.0531753962115866
,,,,7.443576388888888,-0.9107634820549136,-0.897939091077706,-0.0898494181274724,-0.9086059906220444,-0.0180859289052908,-0.0541694488176428
,,,,7.454427083333333,-0.9134780757933616,-0.9104674325427844,-0.0919249137724221,-0.9113145851023836,-0.0183331190060857,-0.0551614218485312
,,,,7.465277777777778,-0.9205905563389608,-0.9284423418481972,-0.0921280349580075,-0.9267551988685626,-0.0184643015748064,-0.0551496011378539
,,,,7.476128472222222,-0.9432332371729012,-0.9240015912078556,-0.093199589694061,-0.9304288921917322,-0.0187614219408695,-0.0560728054859707
,,,,7.486979166666666,-0.940419028524158,-0.9411631503454242,-0.0947046007765332,-0.9420801187307029,-0.018692108123133,-0.0562493036594165
,,,,7.497829861111111,-0.9549538526805992,-0.9490419985327492,-0.0949818614927285,-0.9539298929618794,-0.019128990878013,-0.0566141090034396
,,,,7.508680555555555,-0.960241218526674,-0.956363152386394,-0.0956547598235162,-0.9626250920233596,-0.0190962038828218,-0.0573257342430814
,,,,7.51953125,-0.959168291586868,-0.9534225880350238,-0.0975161457621016,-0.9723921506515242,-0.0190137117435714,-0.0573776922193851
,,,,7.530381944444444,-0.9684872543706424,-0.9674846832765088,-0.0969161701784671,-0.9721877696092436,-0.01926694248101,-0.057517875441551
,,,,7.541232638888888,-0.9782104529747044,-0.9753651719831736,-0.0980311668973912,-0.970790186669687,-0.0194876149777697,-0.0585737836767041
,,,,7.552083333333333,-0.9876620834387452,-0.9786906265219696,-0.0979050788645563,-0.9840208664474426,-0.0197184009480206,-0.0591490942571358
,,,,7.562934027777778,-0.9822259322138336,-0.9787400012162094,-0.0982237527939265,-0.990365361832824,-0.0197456019336128,-0.0588816998378948
,,,,7.573784722222222,-1.0018836220087988,-0.9924559578613308,-0.098503189099364,-0.987722694582936,-0.0197525446133954,-0.0593307988506344
,,,,7.584635416666666,-0.9905993056793516,-0.9985575977852872,-0.0993074114869859,-0.9954973561843729,-0.0198485862217842,-0.0599571114880108
,,,,7.595486111111111,-0.9886457133375643,-0.9993477274514756,-0.0999005127701512,-0.9916303570724232,-0.0198386835519428,-0.0596720314383333
,,,,7.606336805555555,-1.0052959888528183,-0.998309295721194,-0.1008185115788693,-0.9942315931822542,-0.0199676102186555,-0.0595225466928275
,,,,7.6171875,-0.9940466244025976,-0.999422651416514,-0.1009629483212885,-1.0043729884545698,-0.0198429569108187,-0.059770183166506
,,,,7.628038194444444,-1.0007888405485543,-1.001515278929601,-0.0997041055053429,-0.995694430324486,-0.0201165904320602,-0.0599101643603119
,,,,7.638888888888888,-1.001979018166292,-0.9945423940046684,-0.100048817297475,-0.9997782624787328,-0.020028787267421,-0.0598064270353016
,,,,7.649739583333333,-0.9982826267535034,-1.0050112269725808,-0.1005097171059935,-1.0042825729068636,-0.0199460103429941,-0.0600670566225552
,,,,7.660590277777778,-0.9983083204754932,-0.9974990180713332,-0.0992032025912088,-0.993199376859522,-0.0198417085271273,-0.0598922055654186
,,,,7.671440972222222,-0.9980333572266812,-0.9945198576871704,-0.1005285274687841,-1.0064971190995928,-0.0199383680884223,-0.0596757156742524
,,,,7.682291666666666,-0.9958488380158688,-0.996304013116098,-0.0984921038430777,-1.0003698923130626,-0.0198203137460447,-0.05944531440633
,,,,7.693142361111111,-0.9935780990882396,-0.9966024043820854,-0.1000460116304934,-0.993105007290946,-0.0199972906188185,-0.059625325869759
,,,,7.703993055555555,-0.985342374552299,-0.98882602257214,-0.0993474865363915,-0.993823761279812,-0.0197607603584782,-0.0592211678512002
,,,,7.71484375,-0.982833827031037,-0.9867583882642832,-0.0987080057465577,-0.9833568741929372,-0.0198425175786241,-0.0589982494162796
,,,,7.725694444444444,-0.9753822918856097,-0.9892455087896984,-0.0972376500326448,-0.9896620057435878,-0.0195865546907441,-0.0587514345994345
,,,,7.736545138888888,-0.9829846284244766,-0.987601136551492,-0.0970694900188145,-0.9708177151144116,-0.0195068042669238,-0.0590593772368512
,,,,7.747395833333333,-0.9718141305622052,-0.9666452720893928,-0.0969030706713404,-0.9722000748169816,-0.0194707400497745,-0.0579104146238882
,,,,7.758246527777778,-0.966622877452596,-0.9647949498220768,-0.0961392580085484,-0.956838467854884,-0.0194537683348782,-0.057819334345736
,,,,7.769097222222222,-0.9570253245694992,-0.9617098287834596,-0.0957919446468884,-0.9528846074218386,-0.019105647548421,-0.057213952719857
,,,,7.779947916666666,-0.9533269172162736,-0.9512885615096986,-0.0956168367246914,-0.946087142138656,-0.019116201539659,-0.0572092508303548
,,,,7.790798611111111,-0.9349723011821524,-0.9378207943681036,-0.0933252760749574,-0.9494223823897654,-0.0189015662843022,-0.0565729310000614
,,,,7.801649305555555,-0.939680337181148,-0.9375544071301818,-0.09278106188181,-0.9333918811678564,-0.0185949304018528,-0.0556967215074045
,,,,7.8125,-0.92071209261335,-0.9206570387663164,-0.0923186208803513,-0.9294928076182468,-0.0184176125085424,-0.0551024108924692
,,,,7.823350694444444,-0.9129292728385444,-0.9140762083114152,-0.0918518727062453,-0.9167922366613256,-0.0181240432100761,-0.0549411904385941
,,,,7.834201388888888,-0.912209230549402,-0.8994451773172758,-0.0889850324076859,-0.8942831197197633,-0.0180715743186215,-0.0545425967133835
,,,,7.845052083333333,-0.8912436464095481,-0.890503337549589,-0.0889581947417433,-0.8872970195946552,-0.0179374950452169,-0.0534285691623985
,,,,7.855902777777778,-0.8846667947823378,-0.8844167508742016,-0.0885092431797565,-0.8818930780028419,-0.0176120258256251,-0.0533203029561841
,,,,7.866753472222222,-0.8692496958636431,-0.8754083313632187,-0.0872047885999093,-0.8767222439622295,-0.0173950912622687,-0.0526447683838899
,,,,7.877604166666666,-0.8614969873173353,-0.8557841131079642,-0.0856659677289203,-0.8561567455793828,-0.0171840656332023,-0.0508642246727347
,,,,7.888454861111111,-0.8434053284146609,-0.8499357642912526,-0.0840213624731313,-0.8464525355489294,-0.0167697481092212,-0.0508102163344686
,,,,7.899305555555555,-0.8284446168245786,-0.8174377235191358,-0.0836989472916448,-0.8298244757919281,-0.0166283037697766,-0.0501176058109901
,,,,7.91015625,-0.8109127596625393,-0.82246706593923,-0.0808498555775964,-0.8119351593855103,-0.0164646191992488,-0.0491205707332705
,,,,7.921006944444444,-0.8039528291400505,-0.8111466306544081,-0.0806071550448145,-0.8088546526362538,-0.016189706649584,-0.0482546671947571
,,,,7.931857638888888,-0.7896159509609723,-0.7858831741634995,-0.0795080739966462,-0.7829313761180865,-0.0157035658054601,-0.0469029614641353
,,,,7.942708333333333,-0.770351956362188,-0.7745541417281713,-0.0775536456707009,-0.7803494840546822,-0.0155205299761912,-0.0464390061565672
,,,,7.953559027777778,-0.7591889575354038,-0.7608254200056456,-0.0768669999256245,-0.7568695964471476,-0.0149555868277081,-0.0454234742592966
,,,,7.964409722222222,-0.7414245014115889,-0.7441851614980626,-0.0740179630329949,-0.7419374737609453,-0.014972991798114,-0.0447912996935295
,,,,7.975260416666666,-0.7202716970748617,-0.7274824125265744,-0.0718788380966548,-0.713961468287799,-0.0146452542447391,-0.043610789165312
,,,,7.986111111111111,-0.7017665633246569,-0.7001040922258985,-0.0705919951209671,-0.700564495267154,-0.014008449684329,-0.042471610280306
,,,,7.996961805555555,-0.6955056987644893,-0.6896401932595646,-0.0689732542234849,-0.6835221358612493,-0.0138334390988446,-0.0417484252075185
,,,,8.0078125,-0.674858800695718,-0.6621395050545092,-0.0671523228053922,-0.6633605735602625,-0.0133742414971714,-0.0403317478763645
,,,,8.018663194444445,-0.6559460133585904,-0.6458659562122231,-0.065515411317609,-0.665666895214596,-0.0129715181504221,-0.038997863612278
,,,,8.02951388888889,-0.6340836854627756,-0.6365042194099193,-0.0631069079083402,-0.6410989823293491,-0.0126757092080862,-0.0377724457589347
,,,,8.040364583333334,-0.6140868282702548,-0.6163848384881905,-0.0620981499509061,-0.6077173681636331,-0.0121314916256279,-0.036582046572814
,,,,8.051215277777777,-0.5928082622153781,-0.5978498157079322,-0.0597515076053652,-0.5974176289403726,-0.0117354412162342,-0.0358432831970365
,,,,8.062065972222221,-0.5726188208121316,-0.5751204166037946,-0.0569928809155847,-0.575563552542442,-0.0115688862677489,-0.034672596879038
,,,,8.072916666666666,-0.558834698048175,-0.5541909353032504,-0.0552099751894322,-0.5565642558976255,-0.0110805919380406,-0.0331879653234537
,,,,8.08376736111111,-0.5388372428598263,-0.5270262429489879,-0.0540178866313586,-0.5354613674768833,-0.0107919876770187,-0.0314854848939744
,,,,8.094618055555555,-0.513918340811516,-0.5055598542755989,-0.0509819927753026,-0.5132727309344148,-0.0101983892670342,-0.0309810663514706
,,,,8.10546875,-0.4881622310343924,-0.4984574332585814,-0.0489055637964613,-0.4958919706110778,-0.0097731975856246,-0.028965740950278
,,,,8.116319444444445,-0.4771118584465702,-0.4680479735645792,-0.0468722766844039,-0.4699807679558734,-0.0093886579180003,-0.0280487989595405
,,,,8.12717013888889,-0.4477343214879619,-0.4585295266782198,-0.0452218470953207,-0.4565150077201017,-0.0089691602897175,-0.0272268599276255
,,,,8.138020833333334,-0.4367789910049331,-0.4264552698666626,-0.0419925571589632,-0.4234787837134771,-0.0086358614547245,-0.0252004457944978
,,,,8.148871527777777,-0.4040030878944305,-0.4070531486913933,-0.0409034354306446,-0.4022954620825245,-0.0081435590743325,-0.0242008389492568
,,,,8.159722222222221,-0.3850364859398456,-0.3870043233458531,-0.0368319455163966,-0.3737471697270695,-0.0076375835545582,-0.0228069153921794
,,,,8.170572916666666,-0.3634901599283565,-0.3480199573503933,-0.035616706795651,-0.3691610809059962,-0.007313919949522,-0.0215020045625651
,,,,8.18142361111111,-0.3426819546820147,-0.339451780285222,-0.0345793513769546,-0.3287788230678924,-0.006560837671195,-0.0203832717886185
,,,,8.192274305555555,-0.3055812991814746,-0.3099495739854475,-0.0307727261372152,-0.3115482422893794,-0.0062838795968477,-0.0185384584408205
,,,,8.203125,-0.2931329700432849,-0.2969974683355206,-0.0291100750477331,-0.2858655153206503,-0.0058205318584244,-0.0172783046722724
,,,,8.213975694444445,-0.268833873858793,-0.2775066749850841,-0.0272642755565514,-0.2739061512433514,-0.005342729775627,-0.0156959023475432
,,,,8.22482638888889,-0.2413648975267078,-0.2378503890604809,-0.0249254308418477,-0.2436150245474323,-0.0048206738278013,-0.0150931191541886
,,,,8.235677083333334,-0.2213636551772694,-0.2136855536588499,-0.0225448418629275,-0.2244667064719676,-0.0044054217908846,-0.0132933785071402
,,,,8.246527777777777,-0.1843913446434545,-0.1897599672485931,-0.0198297568793158,-0.1899222243510354,-0.0039591235428908,-0.0117022759676241
,,,,8.257378472222221,-0.162900445223667,-0.1784793955097674,-0.0168990860121718,-0.1680381206903048,-0.0034818088695911,-0.0105594107831557
,,,,8.268229166666666,-0.1519069259867183,-0.1341394481983381,-0.0140105967328647,-0.1412373474046895,-0.0029187307919717,-0.0083570932283791
,,,,8.27907986111111,-0.1172783209517016,-0.124186634808408,-0.012062034559041,-0.1291377269175815,-0.0022798883968029,-0.0072406472790993
,,,,8.289930555555555,-0.0882756817479381,-0.0962608919034293,-0.0104096891527919,-0.1053208164934368,-0.0018777450485352,-0.0055988276465663
,,,,8.30078125,-0.0831002438554149,-0.0714514930346149,-0.0072782933315275,-0.0722337871010743,-0.0015383867090524,-0.004338415039632
,,,,8.311631944444445,-0.055602889904058,-0.0532482199228916,-0.0053159655077905,-0.0505267899753607,-0.0010749850890761,-0.0030393323058593
,,,,8.32248263888889,-0.016921493506623,-0.024390175258929,-0.0025563686854954,-0.0293755136424507,-0.0005090686672585,-0.0019626236583228
,,,,8.333333333333332,0.0069270571557859,-0.0040773871193518,-1.5724865893078807e-05,-0.0003761984486518,0.0001068902320092,-1.97429616491668e-05
,,,,8.344184027777777,0.0263346867988447,0.0183258365063359,0.0027453164163479,0.0185771104905262,0.0005381279274483,0.0016317655569029
,,,,8.355034722222221,0.0497175407399973,0.0502077953143007,0.0051006031408485,0.0483316998540225,0.001106167964794,0.0027181244680119
,,,,8.365885416666666,0.0762778859583454,0.0724970073817906,0.007286617933038,0.0781711456854399,0.0014283935031406,0.0039374192930905
,,,,8.37673611111111,0.0922255938290426,0.0937517209550272,0.0104525735038577,0.0969115489621211,0.0018549973404666,0.0058141012935788
,,,,8.387586805555555,0.1217217695021542,0.1239850398629741,0.0119978641077144,0.1202970072224341,0.0024491431129156,0.0074903863563581
,,,,8.3984375,0.1451744095360851,0.1525432050055245,0.0142602749129239,0.1439491771265292,0.0029149623753934,0.0083861064252678
,,,,8.409288194444445,0.1801173635326231,0.1683040785663674,0.0167793250483098,0.1699080875209911,0.0035180515684637,0.0101582665734824
,,,,8.42013888888889,0.1965885520373359,0.1978939904171051,0.0206035922181701,0.1974273683635271,0.0039184594808586,0.0117953500213635
,,,,8.430989583333332,0.2243512357996579,0.2200302315739863,0.0211505273202389,0.2071074902639274,0.0044324483588547,0.0128844880658006
,,,,8.441840277777777,0.2471312216627868,0.2424454756765036,0.0246467751453322,0.2513498312131069,0.0048200623808369,0.0147261149936612
,,,,8.452690972222221,0.2733968473793992,0.2640400029236902,0.0259463500349624,0.2682600903234937,0.0053747003931856,0.0157944807252643
,,,,8.463541666666666,0.2908247166121449,0.2819705813394543,0.0288016683980301,0.2980348168041744,0.0058713855371299,0.0171754034635404
,,,,8.47439236111111,0.315016865668029,0.3094124057749751,0.0316909253999219,0.314235932294003,0.0060886404315204,0.0195140593792611
,,,,8.485243055555555,0.340454795209997,0.3319295554107843,0.0330610421151386,0.3339803877351379,0.0068429476744292,0.0202761244074935
,,,,8.49609375,0.36144067247278,0.3536669105458071,0.0352429401190995,0.3581092065030195,0.0071913370256869,0.0212536618009504
,,,,8.506944444444445,0.3789092441387748,0.3880932333531126,0.0381304377036833,0.3849919750815781,0.0075912605942391,0.0228378222996708
,,,,8.51779513888889,0.4094288337903132,0.4111958593413666,0.0409495313120623,0.4020994987806727,0.0081455059365999,0.0241823735567036
,,,,8.528645833333332,0.4326465995880137,0.4270478216491544,0.042858955453315,0.4258556161163354,0.0086246671667594,0.0261209903902041
,,,,8.539496527777777,0.4411381979028436,0.4468804391524451,0.0450956120879673,0.4491196364385794,0.009079328308642,0.0265952813166327
,,,,8.550347222222221,0.4741877139379313,0.4620843545448997,0.0480784045284994,0.466894324703998,0.0093111569196718,0.0280931932422027
,,,,8.561197916666666,0.4926726031094435,0.4908773282566003,0.0499922741946677,0.498115149984152,0.0096829558099353,0.0292101398525916
,,,,8.57204861111111,0.5088311206510855,0.5101008285384031,0.0507926647474873,0.5156697869493162,0.010363890826205,0.0308958469642181
,,,,8.582899305555555,0.5403208082338207,0.5389930921468457,0.0532109197526428,0.5307928452803956,0.0108446766902594,0.0324271512215188
,,,,8.59375,0.5622424178726858,0.5631115678315148,0.0554912675734854,0.5668484287190741,0.0109419593482582,0.033330143959462
,,,,8.604600694444445,0.5779109855278356,0.5806241481052185,0.0580846396411933,0.5794742446579734,0.0116484996751027,0.0346782261375039
,,,,8.61545138888889,0.5959219403519487,0.5830859846321335,0.0594316033741437,0.5980504565921929,0.0121851702178721,0.0358565011045947
,,,,8.626302083333332,0.6097687899205071,0.6171891553105096,0.0614327313500607,0.608703056256779,0.0124511045943962,0.0371047392120876
,,,,8.637152777777777,0.6323451055838669,0.638626249179916,0.0631933912626074,0.6367524856606852,0.0128411026084057,0.0376465379927495
,,,,8.648003472222221,0.6562065250638307,0.6599584537677532,0.0657223473387999,0.6461356474302906,0.0130402287029213,0.0392159460689991
,,,,8.658854166666666,0.675579677945751,0.6722899515838852,0.0668601835719287,0.6783941579287688,0.0135599148671583,0.0400695656182729
,,,,8.66970486111111,0.6836896693080299,0.6867418494382446,0.0682379826541331,0.6937392700276735,0.0138012065721464,0.0413560753336779
,,,,8.680555555555555,0.7084241516402916,0.7065403703489058,0.0711781907565192,0.7015477915793226,0.0142653898691578,0.0423271522189401
,,,,8.69140625,0.7263451586767103,0.7240459025877025,0.0730472077128467,0.7317139691842495,0.0143965123795581,0.0433735841913294
,,,,8.702256944444445,0.7394634738459906,0.743655056677578,0.0743259685366525,0.7338232816031434,0.0148232024415747,0.0445514167619747
,,,,8.71310763888889,0.7495572972596253,0.7612064761152789,0.0758258565346634,0.7558442370684993,0.015142388523504,0.0454021006934149
,,,,8.723958333333332,0.7687721234148086,0.7800463926809534,0.078128632954516,0.7768051235708159,0.0153507080765668,0.0459375629548438
,,,,8.734809027777777,0.7867213212512961,0.7835306278736442,0.0786870877642333,0.7869157973783103,0.0156587994652083,0.0471851027955293
,,,,8.745659722222221,0.807170434326434,0.7974500180734316,0.0809227205424408,0.8061357593924385,0.0160205480552276,0.0480477061110539
,,,,8.756510416666666,0.8241837037575855,0.8131628937172467,0.0815563459837454,0.8170706964692683,0.0164059362059775,0.0485343249007717
,,,,8.76736111111111,0.8331054198585955,0.843712041158033,0.0833849862716452,0.8341777473529838,0.0166024305742893,0.0504673326144879
,,,,8.778211805555555,0.8499015618541244,0.8478887148526573,0.0840373677821064,0.8411055481266452,0.016827110981924,0.0511922127144214
,,,,8.7890625,0.8488291666016251,0.8545399933953787,0.0856990363560073,0.8549439198363517,0.0172229388401121,0.0510374478734854
,,,,8.799913194444445,0.8651727493936366,0.864056099119334,0.0869253511591015,0.8641989308149624,0.0174896070219043,0.0519911652456793
,,,,8.81076388888889,0.8881323159019842,0.8768747184813921,0.0880402189604758,0.8840425467448194,0.0175947289453328,0.0527397799736342
,,,,8.821614583333332,0.9050493296034255,0.89404916707739,0.0891262742001482,0.8900191892605812,0.0178614601907706,0.0536385675249411
,,,,8.832465277777777,0.9010428882537412,0.9072433684270564,0.0910623332127821,0.9047240168447704,0.0181999540291187,0.0544406708960769
,,,,8.843315972222221,0.918130687743012,0.9159383579714604,0.091989371160544,0.910618104033314,0.0182986041234833,0.0550026223524891
,,,,8.854166666666666,0.9292300762821086,0.9210752725318844,0.0920805742989774,0.9318158781966144,0.0184454071782361,0.0554288390534879
,,,,8.86501736111111,0.9327143788104152,0.9374418234929096,0.0930949646219771,0.9277705363951178,0.0187182883741974,0.0557874489696161
,,,,8.875868055555555,0.9347532607100728,0.9483423927913044,0.0949454425903204,0.947794307503078,0.0188526132858882,0.0567626317215368
,,,,8.88671875,0.9537812068331418,0.9481158728396016,0.0941404266730372,0.9537309871311768,0.019004596541234,0.0571971464820327
,,,,8.897569444444445,0.9510894989716164,0.9570116092235996,0.0956731803474612,0.953494498639792,0.0191509950478907,0.0573659813640052
,,,,8.90842013888889,0.9659037194471476,0.9600221366271094,0.0970372202795399,0.954019255404316,0.0192938726359091,0.0577034795362793
,,,,8.919270833333332,0.9705213831253796,0.9604067988673924,0.0972223514107917,0.9689609056433512,0.0193782328122189,0.0584838595635403
,,,,8.930121527777777,0.973241254046116,0.9714609938076064,0.0981689882604793,0.9749917822396404,0.0195158570224265,0.0589427271806921
,,,,8.940972222222221,0.981583421823417,0.9745239228099944,0.0977403713376827,0.9834745315437214,0.0196206912391175,0.0597198781876082
,,,,8.951822916666666,0.9804482909621716,0.990997906242682,0.0989498917778705,0.9826924192125348,0.0196612915438766,0.0590899202848241
,,,,8.96267361111111,0.9861153949824916,0.992692652888274,0.0994531759786244,0.9912428209068502,0.0197823028750114,0.0590858249672408
,,,,8.973524305555555,1.0002679668810706,0.993140892297619,0.0993170016592588,0.9947381913257846,0.0197312006321275,0.059629406988627
,,,,8.984375,0.9812047892975868,0.9860816764442608,0.0991157159982761,0.9949276956579166,0.0198590891139944,0.0597173342724284
,,,,8.995225694444445,0.9992716299285942,0.994788970027762,0.0992696371463607,0.9934825010580453,0.019826696544348,0.0604992680603515
,,,,9.00607638888889,0.9944367588473388,0.9888292729994508,0.0995026745856567,0.9962837430784798,0.0199691442956872,0.0604373612952717
,,,,9.016927083333332,0.9928411252600262,0.999597345012681,0.1002746041211653,0.9944281978948416,0.0199968670657926,0.0599884003931039
,,,,9.027777777777777,1.0009211933836235,1.000966859419632,0.0994885429367874,0.9980116151019954,0.0199514369976738,0.0602225589158093
,,,,9.03862847222222,1.004603613690284,0.9916402801033204,0.0997276089136847,0.9982313145987156,0.0199807973465694,0.060456126240028
,,,,9.049479166666666,0.9993139935459812,0.9938229236301266,0.0998622747249975,0.9987196350084144,0.020164424862669,0.0594871466215633
,,,,9.06032986111111,0.9934709650883023,0.9911864673892667,0.1003683657806275,1.0027473413344896,0.0199247286688826,0.0599713129253711
,,,,9.071180555555555,0.9966456412535644,0.996282124074866,0.0997539066102579,1.0013409687276318,0.0198787324289309,0.0600794909413114
,,,,9.08203125,0.9885062792559844,0.9952356945454924,0.0989309261223936,0.9903914517869022,0.0198058313542406,0.0595911788677126
,,,,9.092881944444445,0.9906279203706274,0.9901538745938798,0.0987590719680016,0.9976099193870334,0.0198233886072682,0.0595053860482434
,,,,9.10373263888889,0.991566144246835,0.9841771459703562,0.0981492866098283,0.984609777223454,0.0197491019249677,0.0589163094075834
,,,,9.114583333333332,0.976839151134504,0.9864946098589678,0.0979553433195599,0.9914164265637389,0.0195974329096215,0.05917493576093
,,,,9.125434027777777,0.9745616734256574,0.9820740063182588,0.0973744058885461,0.9760343922993832,0.0195158912964873,0.0586724891860839
,,,,9.13628472222222,0.978943104008497,0.9757288093047076,0.0962198358348317,0.9702146659006224,0.0195761837830887,0.0580508350918976
,,,,9.147135416666666,0.9511014023685848,0.9668167366375034,0.0969869697456539,0.9620489790103078,0.0193269631926283,0.0582450850501432
,,,,9.15798611111111,0.9616650668444492,0.952739327449178,0.0956254123825941,0.9509467183793918,0.0191722294744695,0.057141286298861
,,,,9.168836805555555,0.9552548368018966,0.9548045813902506,0.0948716736153926,0.950094758147726,0.0189475344509792,0.0567754359757101
,,,,9.1796875,0.9357405388168782,0.9391917075335952,0.094252678847967,0.9518335660491456,0.0187243411146733,0.0564912665014228
,,,,9.190538194444445,0.9339683376418484,0.9345994964471523,0.0931302202796233,0.9261894115855036,0.018671522382642,0.0561018348661317
,,,,9.20138888888889,0.9253625043673712,0.9240300984818308,0.0920817054631015,0.9291847165004042,0.0185328871478976,0.0552872412437789
,,,,9.212239583333332,0.9231425777820444,0.9129310674031093,0.0910080412043716,0.9166514916791886,0.0183382801165675,0.0546878823422874
,,,,9.223090277777777,0.9006562572648128,0.904154669936068,0.0903981755845061,0.8959354047197801,0.0179528801456189,0.0542584971552462
,,,,9.23394097222222,0.8955739794856549,0.9005036226008543,0.0897130140324433,0.8894101684891926,0.0177547465342456,0.053224236462502
,,,,9.244791666666666,0.8871996833027931,0.8874060320337575,0.0877979573263774,0.8798264974650883,0.0178384881898071,0.052860934911591
,,,,9.25564236111111,0.8818499756427592,0.8661891584437961,0.0866403053489408,0.8747768451935403,0.0174959217422443,0.0519272431014441
,,,,9.266493055555555,0.8518681915428072,0.8560797751613793,0.0850784608082747,0.8662973267897267,0.0172664343116829,0.0516320872165328
,,,,9.27734375,0.8435707006923441,0.844042824346425,0.0841676799999832,0.8519390356558959,0.0168485888809218,0.0506196105562813
,,,,9.288194444444445,0.8451496299015288,0.8335800762114857,0.0834996026346742,0.8248403792792169,0.0164857958555443,0.0502045302780993
,,,,9.29904513888889,0.810227110930042,0.8181603262418449,0.0822407059011096,0.8181535723496833,0.0162922702973269,0.0495059791986282
,,,,9.309895833333332,0.802557873532814,0.8127374679982119,0.0808755135824034,0.8058635805367481,0.0161379537519329,0.0484825067460725
,,,,9.320746527777777,0.788920786505475,0.7830274758870206,0.0793276159129162,0.7921417298371498,0.0157857341827626,0.0469852049154055
,,,,9.33159722222222,0.7799289876086217,0.7732034319913774,0.0770920811464391,0.7730650317231513,0.0154712309453849,0.046389925553311
,,,,9.342447916666666,0.7600217101899472,0.7535580419111593,0.0754329417435859,0.7610215897699011,0.0150528549203588,0.0453962465927674
,,,,9.35329861111111,0.742975822050277,0.7365695855078017,0.073438225477049,0.7435619959189285,0.0148471019183057,0.0441586655444288
,,,,9.364149305555555,0.7368898256739752,0.7185196932592024,0.0727503499341715,0.7212754487823254,0.0143471666178514,0.0438025727967434
,,,,9.375,0.7055175984330844,0.699705987569475,0.0702532314799274,0.7113831369422191,0.0142191031744822,0.0418663631582513
,,,,9.385850694444445,0.68727151218021,0.6978168872668216,0.0683401817859649,0.6904443954265946,0.0135852185275947,0.041152352171314
,,,,9.39670138888889,0.6671210053888764,0.6557548524782292,0.0675178856758243,0.6677001147593739,0.0134839777177168,0.0401940432842097
,,,,9.407552083333332,0.6387049701385995,0.6486105915771432,0.0648874325480011,0.6476820843818446,0.0129956457770352,0.0392871828698636
,,,,9.418402777777777,0.6333507482258398,0.6320750758162201,0.0636840409042109,0.6332004420720905,0.0128775459252505,0.0375183600695761
,,,,9.42925347222222,0.6119227347837987,0.6077664305718777,0.060843767969494,0.6211998604418006,0.0122550367223249,0.0369058775640604
,,,,9.440104166666666,0.5982186062787078,0.5892423648311166,0.0592980752183159,0.5956845068560516,0.0118309410270191,0.0355071386655176
,,,,9.45095486111111,0.5725100079776841,0.5708894323678487,0.0566001579445881,0.5800230305548585,0.0115027415328775,0.0346073769106081
,,,,9.461805555555555,0.5598783070282329,0.5514262661312466,0.0553906493659152,0.5616621548547495,0.0111965355657418,0.0334028184466075
,,,,9.47265625,0.5412980531003818,0.5290323952742744,0.0537583675976917,0.5382034228013397,0.0109137653133893,0.0314737242824408
,,,,9.483506944444445,0.5060378427464638,0.5220112350624797,0.0513968170154864,0.5231021911572421,0.0104847987626237,0.0313849517499315
,,,,9.49435763888889,0.4970720534298702,0.4894573245699588,0.0486056292753372,0.4949707250119298,0.0098821311674572,0.0291844298083657
,,,,9.505208333333332,0.4746834348867162,0.468945061838979,0.0466799852520129,0.4711299971237457,0.0094266951931436,0.0281374842428667
,,,,9.516059027777777,0.4518042414427087,0.4462204939111637,0.0451820944476771,0.4543651467987558,0.0088957837310401,0.0276816735473323
,,,,9.52690972222222,0.4336452896080602,0.4231318032773368,0.0425596546446636,0.419506554621847,0.0084531210089314,0.0260791403565561
,,,,9.537760416666666,0.406715881486435,0.4070437865801983,0.0408604714794729,0.4096029740971688,0.0081331342539421,0.0237739575512276
,,,,9.54861111111111,0.3770771143515282,0.3834241395960988,0.0376811615868844,0.3815003012578516,0.0075787670674002,0.0228745718733707
,,,,9.559461805555555,0.356510277280373,0.3603213296751448,0.036329932177553,0.3563724584912832,0.0072342735777651,0.0215742627576675
,,,,9.5703125,0.3347418666445782,0.3374951369073574,0.0338951177075221,0.3392443023132574,0.0068979874952423,0.0195663457040884
,,,,9.581163194444445,0.3085237068501013,0.3129670868596649,0.0310583570241732,0.3169335172094704,0.0062501057576131,0.0189322720192802
,,,,9.59201388888889,0.2926596481229928,0.2921938679913325,0.0290800588606883,0.2894665133961038,0.0058307453226422,0.0174485503180783
,,,,9.602864583333332,0.270232751829823,0.2655437462532488,0.026075957924333,0.263755062673058,0.005334781088459,0.0160054157996456
,,,,9.613715277777777,0.2496708338056402,0.2411297561653589,0.0239236118177763,0.2437199162080585,0.004979939762692,0.0146505483987287
,,,,9.62456597222222,0.2190276517142665,0.2236652881563969,0.022171656356806,0.224837397865776,0.0044083996225272,0.0133993830013566
,,,,9.635416666666666,0.1953399794733616,0.1963718170375411,0.0196355362030214,0.1995778595449546,0.0039973401145147,0.0119201015539595
,,,,9.64626736111111,0.1725227477095803,0.1713761672241882,0.0171065549629618,0.1755312461745109,0.0034569110175294,0.0102568762924166
,,,,9.657118055555555,0.1498717270177285,0.1389724025707428,0.0152830264726614,0.1440177707771243,0.0028989545195237,0.0093777431395451
,,,,9.66796875,0.1164310311211562,0.1205062298745804,0.0126878591294302,0.1167775947113288,0.0024678289448101,0.0072682806009326
,,,,9.678819444444445,0.1008034469903742,0.0997779759615539,0.0098444523903909,0.0985725986063207,0.0019184914226154,0.005667900573364
,,,,9.68967013888889,0.0742556102486327,0.0841515681204805,0.0077699740600281,0.0652442048954973,0.0014337111221228,0.0042071896343072
,,,,9.700520833333332,0.0526730883687255,0.0502053965700369,0.0044026573911119,0.0460329045609095,0.0009864787036956,0.003479550508075
,,,,9.711371527777777,0.0174312437713982,0.0237804655004408,0.0023038677763089,0.0172740524500689,0.0003703934474576,0.0017106484112082
,,,,9.72222222222222,0.0044828546650962,-0.0041657247601897,0.0003924637396735,0.0055266584224762,-9.247566096446722e-06,-4.1483749741174745e-05
,,,,9.733072916666666,-0.0239479758210787,-0.0378483630816165,-0.0027419532263049,-0.0267318344368865,-0.0005015622026373,-0.0009454536017984
,,,,9.74392361111111,-0.0494560285863669,-0.0543254758433083,-0.0057947915566698,-0.0465105773222842,-0.0009262701918845,-0.0028531181947187
,,,,9.754774305555555,-0.0694044023228213,-0.0750682831326791,-0.0072334709046225,-0.0789571755159374,-0.0015175994466543,-0.0040034915121277
,,,,9.765625,-0.0935462216577209,-0.0978398662418774,-0.0093288283663267,-0.1005272383250562,-0.0019305098412214,-0.0060693154409383
,,,,9.776475694444445,-0.1241167282767224,-0.1219568564445688,-0.0120560305786155,-0.1272211218814187,-0.0024110959875254,-0.0073640058866011
,,,,9.78732638888889,-0.1477191291815082,-0.1414545942379776,-0.0145272496640518,-0.1444677760271928,-0.0029113239131469,-0.008880329034466
,,,,9.798177083333332,-0.1692175126048967,-0.1680605828209714,-0.0172713573518385,-0.1750038280749777,-0.0034129981024142,-0.0105067135833573
,,,,9.809027777777777,-0.1922948395412775,-0.1912996976755478,-0.0189218496119467,-0.1949445419032405,-0.0039606267723687,-0.0114576535385925
,,,,9.81987847222222,-0.2306296762194183,-0.2168074780975625,-0.0223892348033716,-0.218357708043565,-0.0044787519230645,-0.0128674614191133
,,,,9.830729166666666,-0.2422041638067426,-0.2482497286216317,-0.0239800659759931,-0.2400441947810383,-0.0048131815349891,-0.0146414737742914
,,,,9.84157986111111,-0.2610528114226808,-0.2602967557459208,-0.0264566931618115,-0.2702685957844183,-0.0053636309910794,-0.0158871170157277
,,,,9.852430555555555,-0.2926433126756942,-0.3002102006059802,-0.0287580361774303,-0.2825747645428245,-0.0056871543936786,-0.017183604243501
,,,,9.86328125,-0.3117066926704759,-0.305537970556193,-0.0307068353368005,-0.3105685011829197,-0.0061317153204429,-0.018972298448497
,,,,9.874131944444445,-0.3370733392388031,-0.3355834600747936,-0.0333074370414838,-0.3341399126889428,-0.0066117482946941,-0.0199126237715557
,,,,9.88498263888889,-0.3559268915907453,-0.3668338497236834,-0.0357884001121394,-0.3649095155575418,-0.0072682972318348,-0.021438037640485
,,,,9.895833333333332,-0.397184642328663,-0.3829490225597627,-0.0385448934429939,-0.3786934133911015,-0.007524008456693,-0.0231209727997321
,,,,9.906684027777777,-0.3997373152963528,-0.4059046037394265,-0.0404564772532482,-0.4033963523431028,-0.0082312093376899,-0.0245298095137985
,,,,9.91753472222222,-0.4165135303936548,-0.4337382834296772,-0.0423042755849875,-0.4331334868097507,-0.0086718975211026,-0.0253297151011399
,,,,9.928385416666666,-0.4485355779539227,-0.4481076679366407,-0.0446195481380491,-0.451747563161667,-0.0090379854109492,-0.0275594062319136
,,,,9.93923611111111,-0.4747028536657033,-0.4685415768948328,-0.0478257245271932,-0.465960085999586,-0.0094580705633816,-0.0282945110685027
,,,,9.950086805555555,-0.494668191693089,-0.496311742051593,-0.0495394855896636,-0.4830571506661024,-0.0097558106699255,-0.0293600123021943
,,,,9.9609375,-0.5114438088646966,-0.5065691566704416,-0.0519550888815623,-0.5179940145583102,-0.0102702464489639,-0.0309831747458754
,,,,9.971788194444445,-0.5349417339635314,-0.530112485340736,-0.0535127692760506,-0.5315235992283431,-0.010702768043283,-0.0322901824745355
,,,,9.98263888888889,-0.5639010369925687,-0.5573252551598259,-0.0555153494928652,-0.5572350273496864,-0.0112655543701484,-0.033132759678695
,,,,9.993489583333332,-0.5802112883117897,-0.5833967776968944,-0.056726540523173,-0.5789390518787544,-0.011521753806458,-0.0347556525349939
,,,,10.004340277777777,-0.60157198949768,-0.5969826892442465,-0.0593610876801984,-0.5978393931365589,-0.012016632132718,-0.0357109158980866
,,,,10.01519097222222,-0.6182005234852002,-0.6177880579720357,-0.0618496890717028,-0.6198650373787614,-0.0122338674491536,-0.0373395073176929
,,,,10.026041666666666,-0.6334525081025776,-0.6302317976864372,-0.064007256124628,-0.6400665800451032,-0.0126570947380754,-0.0383484491226936
,,,,10.03689236111111,-0.6479885883427735,-0.6515096838985787,-0.0651377558207998,-0.6494369914520167,-0.0131597972648823,-0.0395111765614568
,,,,10.047743055555555,-0.6854634627816955,-0.6737272238556796,-0.0668920838325464,-0.6651822783466919,-0.013566427540162,-0.0404439978075109
,,,,10.05859375,-0.6934578360932621,-0.6870285141696393,-0.0690274436896909,-0.6875819770993592,-0.0138221767565047,-0.0417089506397034
,,,,10.069444444444445,-0.7168950674068637,-0.7158719849115012,-0.0705364294768576,-0.702510131678096,-0.0141800329577476,-0.0419490817825124
,,,,10.08029513888889,-0.7272260594277441,-0.7181096054161934,-0.073701253396117,-0.7282216145947048,-0.0143389501697438,-0.0439725520811874
,,,,10.091145833333332,-0.7367527296438433,-0.7363601197982156,-0.0733878139323515,-0.7395855770286484,-0.0147813547917576,-0.0441230649201829
,,,,10.101996527777777,-0.7580156663972492,-0.752498646919287,-0.0761411063089302,-0.7595268349001542,-0.015010430547399,-0.0455642770166303
,,,,10.11284722222222,-0.7706632107223341,-0.7699821546504119,-0.0777553160470749,-0.7675267332972593,-0.0153407553859322,-0.045835151116006
,,,,10.123697916666666,-0.7872057994303576,-0.786542933661451,-0.0790682636275609,-0.7858146902269932,-0.0158784911767486,-0.047343098213682
,,,,10.13454861111111,-0.7988136054836944,-0.8051838676757722,-0.0799331012857706,-0.7989179404295529,-0.015952504423779,-0.0476165878660286
,,,,10.145399305555555,-0.8171381991369873,-0.823029582523228,-0.0820033312235636,-0.8106471493650572,-0.0163935590399869,-0.0487203124143905
,,,,10.15625,-0.8371029433234272,-0.8327242158595007,-0.0822280867432369,-0.8283698249866005,-0.0165534207935825,-0.0499188493868066
,,,,10.167100694444445,-0.8426549977934408,-0.8457429361722737,-0.0844040704984325,-0.8440057707305267,-0.016927706039069,-0.0511749804937716
,,,,10.17795138888889,-0.8492206202635507,-0.8612540124207577,-0.0863053495285373,-0.8580813651905971,-0.0173128585656472,-0.0519276813398946
,,,,10.188802083333332,-0.8681671951482142,-0.8784486724045026,-0.0867825927252986,-0.87226853633903,-0.0175136667671734,-0.052062717834826
,,,,10.199652777777777,-0.8739717643432853,-0.8791155004075889,-0.0886095211617118,-0.8817725921548087,-0.0177420968315963,-0.0530588226386868
,,,,10.21050347222222,-0.8907717090821341,-0.8981097450716605,-0.0883481478107163,-0.8944821362451375,-0.0179798371878532,-0.0538023933269398
,,,,10.221354166666666,-0.9009253460949986,-0.9039957756521946,-0.0904037860359241,-0.9001517399763699,-0.018050654715268,-0.0546764036357352
,,,,10.23220486111111,-0.9177421669563944,-0.9171997407973748,-0.0910670997576192,-0.9137468106637558,-0.0183128303032257,-0.0548891825973279
,,,,10.243055555555555,-0.9267566472321646,-0.92231223808048,-0.0922349697233168,-0.92218349426338,-0.0185466904219674,-0.0550384605272414
,,,,10.25390625,-0.9304851435883782,-0.933855979448014,-0.0937665640003572,-0.936687972282417,-0.018684371971754,-0.056159964415595
,,,,10.264756944444445,-0.9369543905356652,-0.9391849463572024,-0.0938380618564192,-0.935416862176134,-0.0188413435798748,-0.0566646301929034
,,,,10.27560763888889,-0.9527794297954082,-0.9494007084598658,-0.0951867493880581,-0.9542422437534388,-0.0190253264580098,-0.0564387255487314
,,,,10.286458333333332,-0.9540887045862128,-0.9605126675769744,-0.0953833688608606,-0.960163327806298,-0.0190566819986813,-0.0574606037049655
,,,,10.297309027777777,-0.967353179922868,-0.9683888687626132,-0.0960822621697592,-0.9638876740868672,-0.0192624089796796,-0.0575966648321992
,,,,10.30815972222222,-0.9711199429854648,-0.9753458868716102,-0.0960259251310847,-0.9685940277527098,-0.019296982399651,-0.0577707650106929
,,,,10.319010416666666,-0.9697684712675312,-0.9711830851075722,-0.0984488435300174,-0.9794987438666662,-0.0195399367259587,-0.0586449116282692
,,,,10.32986111111111,-0.9839653382478862,-0.9789911141053634,-0.0972844857905993,-0.9824556230364035,-0.0197330963522357,-0.0596540246784229
,,,,10.340711805555555,-0.9854827581637784,-0.9905557049329944,-0.0974578852118231,-0.9905102350288458,-0.0196807480697591,-0.0592631276960743
,,,,10.3515625,-0.986742730312422,-0.9894494147141816,-0.0989867317954195,-0.9911970494291572,-0.0198379572212372,-0.0593563138534091
,,,,10.362413194444445,-0.994060331972386,-0.9829428618485264,-0.0994737383565025,-0.9979207568803016,-0.0199033904683249,-0.0592745648156384
,,,,10.37326388888889,-0.9952955703135054,-0.9943527854660342,-0.0994056265674489,-0.9982985876819744,-0.0197802359235778,-0.0601759765978056
,,,,10.384114583333332,-1.0003163121789511,-1.0082660397550884,-0.0996041673782058,-1.0007941834601048,-0.0198707646753075,-0.0598456694679401
,,,,10.394965277777777,-1.0075521211002554,-0.9935556261111864,-0.0992225184984211,-0.9964932832807076,-0.0199454909917478,-0.0600361488143142
,,,,10.40581597222222,-0.996292918875721,-1.0010750272148072,-0.1003206953080378,-0.99589584853222,-0.0198882155239231,-0.0599034887596004
,,,,10.416666666666666,-0.9988451851622524,-0.99618984176619,-0.1000224126220897,-1.0027398051568934,-0.019880513030517,-0.0597323123041313
,,,,10.42751736111111,-1.001135470508561,-1.0002994274070645,-0.0993596259912856,-0.9938989059336188,-0.0197403601518877,-0.0604006584896435
,,,,10.438368055555555,-0.9968875571172012,-1.000007055480188,-0.0990891131138699,-1.000126799684179,-0.0198472188688074,-0.0593719192162147
,,,,10.44921875,-0.9976324462687904,-1.0027047372094084,-0.1003225717990721,-0.9955683015551682,-0.0199352254838483,-0.0598420648469065
,,,,10.460069444444445,-1.0008713728405698,-0.9976603893146664,-0.0998581300306305,-1.0026253604304116,-0.0199750941795265,-0.0596434521845662
,,,,10.47092013888889,-0.9925963488975064,-0.9975702094741052,-0.0991922747072179,-0.9856803083018112,-0.0198486832006452,-0.0603675251043635
,,,,10.481770833333332,-0.989218708126692,-0.9984810067380346,-0.0979931664721004,-0.991754215815511,-0.0197802151396465,-0.0595916571921206
,,,,10.492621527777777,-0.9887213023518588,-0.991695847986034,-0.098114772260126,-0.9877145871487086,-0.0197239893107877,-0.0589969118466383
,,,,10.50347222222222,-0.990441862688322,-0.9771206955989856,-0.0979077567239319,-0.984936957828232,-0.0195252544606861,-0.0588920411160624
,,,,10.514322916666666,-0.96677127959284,-0.9758151146744918,-0.0967719537183638,-0.9750750086066594,-0.0194035203555301,-0.058514433920092
,,,,10.52517361111111,-0.9749739538762214,-0.9646198581739496,-0.0970612961158175,-0.976625803632346,-0.019327092270084,-0.0585962914944092
,,,,10.536024305555555,-0.9617066510635404,-0.9695825793137858,-0.0966993466074415,-0.9673319107572768,-0.0193901137159945,-0.058272976088412
,,,,10.546875,-0.9659116896085362,-0.9509638593588274,-0.0952946229688284,-0.93781574689941,-0.0191292114009546,-0.0575367121290484
,,,,10.557725694444445,-0.9435005993074927,-0.9428493551959032,-0.0954343274003665,-0.9501289026792864,-0.019070158464713,-0.0565163831522111
,,,,10.56857638888889,-0.9468331000054953,-0.9400821118825492,-0.0940756890086193,-0.9444327251725408,-0.0188596873753845,-0.0567185880744274
,,,,10.579427083333332,-0.9378675492010642,-0.9372439231352578,-0.0932156689632611,-0.933656282225807,-0.0186386818907966,-0.0561953204158691
,,,,10.590277777777777,-0.9251529874407552,-0.9242647017710992,-0.0922328618555168,-0.923324317120245,-0.0185135175780064,-0.055518919635301
,,,,10.60112847222222,-0.0,-0.912123043383272,-0.0914091150861673,-0.918207482466242,-0.018306745087317,-0.0552025383184066
,,,,10.611979166666666,-0.0,-0.9067564523871068,-0.0901909217679687,-0.9050434478733992,-0.0181833422732246,-0.054967684613397
,,,,10.62282986111111,-0.0,-0.889200951299692,-0.0893023797792826,-0.889394718201872,-0.0177534352636909,-0.0536805155464226
,,,,10.633680555555555,-0.0,-0.8803602112208784,-0.0883767107488249,-0.8785544764414555,-0.0177099251713382,-0.0531082154957363
,,,,10.64453125,-0.0,-0.8672881763096709,-0.0874995533350635,-0.8731843215123484,-0.0170579356805801,-0.052353710255814
,,,,10.655381944444445,-0.0,-0.8522704738057695,-0.0857320640911837,-0.8514169666140389,-0.0172465749830546,-0.05180515536281
,,,,10.66623263888889,-0.0,-0.8510810273826152,-0.0849053004062604,-0.8421628301603055,-0.0169474259706133,-0.0504459685870614
,,,,10.677083333333332,-0.0,-0.8279456435831198,-0.0834512711984844,-0.8347703731393414,-0.016597846729788,-0.0499988665359839
,,,,10.687934027777777,-0.0,-0.8206190510532471,-0.0817191564473589,-0.8223373136692498,-0.0164153631791185,-0.0497020385996987
,,,,10.69878472222222,-0.0,-0.7997752140299257,-0.0800690676829156,-0.8122869945807158,-0.0160857701216344,-0.0485079662052055
,,,,10.709635416666666,-0.0,-0.7869920751764411,-0.0785805867230508,-0.7943346193024754,-0.0158056327455495,-0.0471931640300262
,,,,10.72048611111111,-0.0,-0.7670666821691119,-0.077494273254911,-0.7741684115683662,-0.0154614620974681,-0.0465365486167571
,,,,10.731336805555555,-0.0,-0.7638399027290398,-0.075870564769601,-0.7588483288149026,-0.015062582850016,-0.0455140183332168
,,,,10.7421875,-0.0,-0.7409297151912783,-0.0743833731365553,-0.7509963487690542,-0.0148875991888407,-0.0446051459168451
,,,,10.753038194444445,-0.0,-0.7215314532871449,-0.0722468444687674,-0.7246316890152331,-0.0144062268234637,-0.043242543547179
,,,,10.76388888888889,-0.0,-0.717826236801922,-0.0712936764819107,-0.7022885526354791,-0.0140597727217378,-0.0426997556676263
,,,,10.774739583333332,-0.0,-0.6856512710348827,-0.0701093721351158,-0.6870612944790979,-0.0138925861845662,-0.0417098735431518
,,,,10.785590277777777,-0.0,-0.672508055492737,-0.0673745753061582,-0.6674211727111923,-0.0135707965032092,-0.0405960299860957
,,,,10.79644097222222,-0.0,-0.6399110648849742,-0.0639956205967447,-0.6507197404055058,-0.013160663399705,-0.0389994841440311
,,,,10.807291666666666,-0.0,-0.6277973078234376,-0.0633439641531579,-0.6400686494633007,-0.0128741658250979,-0.0382927795959448
,,,,10.81814236111111,-0.0,-0.615063812590849,-0.0620367054478214,-0.6152260969968506,-0.0122998023325764,-0.0368459500045785
,,,,10.828993055555555,-0.0,-0.5900760007400099,-0.0589138568298009,-0.5976733468933138,-0.0119849737020131,-0.0357633458994328
,,,,10.83984375,-0.0,-0.5702110002494533,-0.0567940696530068,-0.5819105193005268,-0.0113950009305119,-0.0342821594130221
,,,,10.850694444444445,-0.0,-0.5547589395116967,-0.055273433192789,-0.5586960318753446,-0.0109773202882136,-0.0334634140810414
,,,,10.86154513888889,-0.0,-0.5359782425950342,-0.0534136211937126,-0.5426149100412697,-0.0106150290392981,-0.0324888029570141
,,,,10.872395833333332,-0.0,-0.5069232134617307,-0.0522685414309243,-0.5126461384448943,-0.010444953616232,-0.0312616213281628
,,,,10.883246527777777,-0.0,-0.4900556387420277,-0.0488860526425338,-0.494508556236812,-0.0099827627619386,-0.0295024902898349
,,,,10.89409722222222,-0.0,-0.4705301261223581,-0.0468619921455323,-0.4734482681667531,-0.0094492600175369,-0.0280035502907847
,,,,10.904947916666666,-0.0,-0.449002365887718,-0.0448501704698794,-0.4413686676679969,-0.0088960367037182,-0.0268758967656114
,,,,10.91579861111111,-0.0,-0.4269237464924311,-0.0419480760342933,-0.4350443810961158,-0.0087043912782835,-0.0257185564041441
,,,,10.926649305555555,-0.0,-0.4170767652970962,-0.0403941843492043,-0.4059352281285416,-0.0080154148274253,-0.0238476339234414
,,,,10.9375,-0.0,-0.3858510391551926,-0.03899563475473,-0.3788503208777033,-0.0077031659937059,-0.0225935469196496
,,,,10.948350694444445,-0.0,-0.3631983448034251,-0.0362899584322145,-0.3614245473533476,-0.0070475355308399,-0.021573756824431
,,,,10.95920138888889,-0.0,-0.3334382091438323,-0.0340462095090054,-0.3347827788198526,-0.0066433957373866,-0.0202071065300194
,,,,10.970052083333332,-0.0,-0.3141741611868515,-0.0301156663485991,-0.3193330584976824,-0.0063823201968463,-0.0188180722883808
,,,,10.980902777777777,-0.0,-0.2788766003615983,-0.0280056082142779,-0.2947995454494632,-0.0058646133187879,-0.0175245456118381
,,,,10.99175347222222,-0.0,-0.2677623508503579,-0.0270248529625667,-0.2726345366334278,-0.0052182517623663,-0.0158580545946335
,,,,11.002604166666666,-0.0,-0.2516640507177988,-0.0247403843389281,-0.2526135690604085,-0.0049953405927976,-0.0146595286019746
,,,,11.01345486111111,-0.0,-0.2222967219921263,-0.0215856630774282,-0.2173680137607062,-0.0042664718093756,-0.012832531230379
,,,,11.024305555555555,-0.0,-0.1988243805926899,-0.0192775226517598,-0.1943194900924426,-0.0038475155283342,-0.0120100770602001
,,,,11.03515625,-0.0,-0.1745251986477541,-0.017549475395963,-0.1801499422314638,-0.0035171489156029,-0.0100978479496066
,,,,11.046006944444445,-0.0,-0.1404874796989885,-0.0145980235057052,-0.1445338214143118,-0.0029854254780574,-0.0088282190041416
,,,,11.05685763888889,-0.0,-0.1204197507073563,-0.0122654206398955,-0.1278084357797324,-0.0025041918761551,-0.0073503600118716
,,,,11.067708333333332,-0.0,-0.0966319167341231,-0.0105459426331714,-0.0979531947508609,-0.0019801715465585,-0.0058769500664205
,,,,11.078559027777777,-0.0,-0.0778194594414943,-0.0074068452980164,-0.0794857917616561,-0.0015645333271625,-0.004552586294493
,,,,11.08940972222222,-0.0,-0.0489565377308627,-0.0052747495521921,-0.0551970382104534,-0.0011294722447958,-0.0026487709829009
,,,,11.100260416666666,-0.0,-0.0214609299850812,-0.0024228868331951,-0.0341297820428633,-0.0004455448650185,-0.0015469295691394
,,,,11.11111111111111,0.0,-0.0064475161747019,0.000283684754376,0.0066570673342632,-0.0001360767433311,-0.0003773515585861
,,,,11.121961805555555,0.0,0.0252623544370786,0.0025522289268487,0.0345934707172163,0.0003477582351674,0.0010449925944079
,,,,11.1328125,0.0,0.0505055642210282,0.004751423293076,0.0534048703555156,0.0010909881676419,0.0031000384412743
,,,,11.143663194444445,0.0,0.0722191788358171,0.0080687979642313,0.0725252782785364,0.0013613554650229,0.0036567773776589
,,,,11.15451388888889,0.0,0.0974680316058398,0.0103062515784787,0.0974955145789956,0.0020774961035393,0.0053204512203431
,,,,11.165364583333332,0.0,0.1268587396324353,0.0128753967159067,0.1195036257714186,0.0024801408836091,0.0070341614815515
,,,,11.176215277777777,0.0,0.150606181652651,0.0139627478298917,0.1456525567246156,0.0029707797913247,0.0087035944155054
,,,,11.18706597222222,0.0,0.1695370532137978,0.01666053012052,0.1690883062900704,0.0032131597621514,0.0101556754682404
,,,,11.197916666666666,0.0,0.1963703378706058,0.0198333144038348,0.1869208353758849,0.0039371949667215,0.0117544923969101
,,,,11.20876736111111,0.0,0.2133945028408539,0.0225745407980409,0.2171686396126465,0.0043994850108718,0.0132103773187144
,,,,11.219618055555555,0.0,0.2375958694858134,0.0242612580136403,0.2366290332663353,0.0049506501869905,0.0146787583506301
,,,,11.23046875,0.0,0.2712156185736152,0.0264974251414578,0.2694028133376817,0.0053105731734204,0.0160021940066734
,,,,11.241319444444445,0.0,0.2881555878858917,0.0287557603144347,0.2859899003338664,0.0059676262788772,0.0172913480244066
,,,,11.25217013888889,0.0,0.330488437132016,0.0309307525716875,0.3074813619052294,0.0063228745271214,0.0189702765754299
,,,,11.263020833333332,0.0,0.3369389490896187,0.0344195372077237,0.3418230442344721,0.0065896277087214,0.01998114367181
,,,,11.273871527777777,0.0,0.357884206517086,0.0363031891020259,0.3514868715187627,0.0071631950030948,0.0210792325878445
,,,,11.28472222222222,0.0,0.3896660814673784,0.0384040321094933,0.3746457541880013,0.0076284153806418,0.0223128627727146
,,,,11.295572916666666,0.0,0.3990181372341305,0.0406224071525143,0.406568967201433,0.0082220511521562,0.0241336707834382
,,,,11.30642361111111,0.0,0.4263643805976548,0.0429371993289372,0.4236965615252843,0.0085170356083347,0.0253468133344814
,,,,11.317274305555555,0.0,0.4509475008227666,0.0451043068305675,0.4516249851327042,0.0089891030973901,0.0274939082776953
,,,,11.328125,0.0,0.4653846351103844,0.0466347390405463,0.4734111996279642,0.0093743209578498,0.0284104608451404
,,,,11.338975694444445,0.0,0.4919686307967308,0.0495229832680194,0.5000244759124169,0.009869815131753,0.0294643954245994
,,,,11.34982638888889,0.0,0.5120025075032713,0.0523755069989208,0.5132265607312723,0.0103318834544858,0.0307350182225016
,,,,11.360677083333332,0.0,0.5419989396651632,0.0533020979553519,0.5389802473620903,0.0107312195535517,0.0317596633050918
,,,,11.371527777777777,0.0,0.5543388410941755,0.0563482556252839,0.5584091637801772,0.0111937059254996,0.0331668033760251
,,,,11.38237847222222,0.0,0.5795925242373556,0.0579140798581979,0.570314741861888,0.0114557557116776,0.0346167431860519
,,,,11.393229166666666,0.0,0.5868060936696985,0.0594446134448965,0.5961132662919582,0.011945426013319,0.0353358159696752
,,,,11.40407986111111,0.0,0.6157220225466137,0.0604221440131173,0.6112911891820931,0.01222122968704,0.0366383626171651
,,,,11.414930555555555,0.0,0.6382679584136288,0.0628088417524707,0.6281949841169652,0.0128721084503393,0.0381127717274656
,,,,11.42578125,0.0,0.6478157089058362,0.0654984232303516,0.6477226984274385,0.0129660849935954,0.0391863890080324
,,,,11.436631944444445,0.0,0.6738788834855125,0.0677528596861658,0.675496959131555,0.0132694781765451,0.0405640248034989
,,,,11.44748263888889,0.0,0.6887441843121805,0.0678295424040023,0.6933419539325313,0.0136413073283303,0.0413432022370589
,,,,11.458333333333332,0.0,0.7059211809864476,0.0705543845249873,0.7160557087321159,0.0142656566267144,0.0423719709573327
,,,,11.469184027777777,0.0,0.7313099180015585,0.0719147114247143,0.7304007980957707,0.0145232817981423,0.0432502485396031
,,,,11.48003472222222,0.0,0.7518803014365746,0.0742608150061946,0.7409552496259849,0.0148897620896473,0.0445326623424918
,,,,11.490885416666666,0.0,0.750056807509696,0.0757638289294259,0.7537970849120891,0.0150201920152824,0.0460411484320044
,,,,11.50173611111111,0.0,0.778234794156997,0.0781290886907059,0.7782905988755477,0.0155032596099734,0.0467600881593139
,,,,11.512586805555555,0.0,0.7890901541307972,0.0801139460086768,0.7932933384117957,0.0158565384490118,0.0475621864548355
,,,,11.5234375,0.0,0.803379161431114,0.0802852199772855,0.7992581772266014,0.0159835261018992,0.0475636256967037
,,,,11.534288194444445,0.0,0.8123360334983591,0.0813042747157591,0.8232410926699472,0.0163526283036977,0.0493275477037065
,,,,11.54513888888889,0.0,0.830592726902619,0.0827058860955872,0.8330306292049839,0.0166924559085754,0.0496864609758635
,,,,11.555989583333332,0.0,0.8431039324393867,0.0839498083189798,0.8447591569248916,0.016857396706901,0.0506949482492366
,,,,11.566840277777777,0.0,0.8584526508339468,0.0862966875860031,0.8630122045034492,0.0172277450845405,0.0511348278534356
,,,,11.57769097222222,0.0,0.8732526694856522,0.0869116957348508,0.8761213187838581,0.0173301692734343,0.0521574106657092
,,,,11.588541666666666,0.0,0.8854266698549416,0.0883835252029852,0.878180229197259,0.0175992997280384,0.0533459905094271
,,,,11.59939236111111,0.0,0.8991617260944698,0.0894838319820055,0.8833817542511182,0.0176728058180993,0.0533589697390451
,,,,11.610243055555555,0.0,0.8974128546345791,0.0905128328105564,0.9072821092855752,0.0180804603938619,0.0544757508156047
,,,,11.62109375,0.0,0.917270962912273,0.0909519276982938,0.9148183644078232,0.0181876846540514,0.054666223614763
,,,,11.631944444444445,0.0,0.9301304263667676,0.0914993967979024,0.9271154291387034,0.0186050745469464,0.0554466495704094
,,,,11.64279513888889,0.0,0.9348470872011244,0.0930527174268886,0.938848838938666,0.0185549967695042,0.0556336103485947
,,,,11.653645833333332,0.0,0.9413520177738643,0.0935340918193506,0.9501850105589472,0.0187934321110744,0.0561568841437211
,,,,11.664496527777777,0.0,0.956636739483266,0.0958467325664908,0.948377021714592,0.0190611036412298,0.0573339629881974
,,,,11.67534722222222,0.0,0.958445336337693,0.0958869868890474,0.9640469576137554,0.0191143626856995,0.0574982662266351
,,,,11.686197916666666,0.0,0.963512495562562,0.0960004670951922,0.9620719134684892,0.0191632136402323,0.0582004096953366
,,,,11.69704861111111,0.0,0.9659594635619616,0.0974289506656096,0.9721476472726526,0.0193214792113402,0.0582003035768875
,,,,11.707899305555555,0.0,0.9816982232076684,0.0969741070545872,0.970784821831645,0.0195743487561836,0.0587553450361987
,,,,11.71875,0.0,0.9812571878073024,0.0981297529694872,0.981102908170934,0.0196860332644966,0.0588165224372823
,,,,11.729600694444445,0.0,0.9835092629926117,0.0988446363743865,0.979013711000672,0.0198259587502921,0.0593595899022867
,,,,11.74045138888889,0.0,0.989754559802743,0.0978158888293505,0.9905058989806722,0.0197024790137382,0.0596386008821636
,,,,11.751302083333332,0.0,0.9848112759688512,0.0983019699697117,0.9790230127623976,0.0199781045808148,0.0593067103930338
,,,,11.762152777777777,0.0,0.99222708430512,0.0991250387526543,0.9872982929078588,0.0198742575281574,0.0596063534932724
,,,,11.77300347222222,0.0,0.9943339836230872,0.0990291234979966,0.9996889837334344,0.0200911021071861,0.0602446147886696
,,,,11.783854166666666,0.0,1.0001935827916164,0.0989581359610675,1.0039905873118442,0.0200606326933849,0.06026603820752
,,,,11.79470486111111,0.0,1.0009407817874605,0.1007444371812524,1.0023585234706796,0.019819334425316,0.0598436577780184
,,,,11.805555555555555,0.0,0.9977622636140956,0.1002674688517819,0.9971335705174132,0.0197695983023121,0.0600630865080495
,,,,11.81640625,0.0,1.0062622541740214,0.1005863390858635,1.0008775914195014,0.0202197191442105,0.0595476574283703
,,,,11.827256944444445,0.0,1.0019306814132196,0.0987073609822103,0.9902633233767062,0.0198455052613466,0.0595490522314119
,,,,11.83810763888889,0.0,0.9991366656160876,0.1004373286030135,1.0000908383096003,0.0201155416358369,0.0595535651101754
,,,,11.848958333333332,0.0,1.0004097953681774,0.1007193463836679,0.994592904963317,0.019963225089386,0.0595202952138211
,,,,11.859809027777777,0.0,0.9916981248717246,0.0992264010013336,0.9951397320585312,0.019905736776366,0.0593041888546734
,,,,11.87065972222222,0.0,0.994066921570076,0.0993079445079281,0.9860173999747668,0.0198334613088332,0.0595932978749206
,,,,11.881510416666666,0.0,0.9864403086282596,0.098006940785316,0.9888394078725522,0.0195134070858383,0.0587431421768689
,,,,11.89236111111111,0.0,0.9898222169173488,0.098614243431264,0.9794196916336648,0.0197199672266437,0.0583100566530372
,,,,11.903211805555555,0.0,0.9755853519827288,0.0974287154433757,0.9832369934052704,0.0194697276787605,0.0584011493810325
,,,,11.9140625,0.0,0.9807205080461996,0.0974669442047406,0.965952202510216,0.0193994940804907,0.0584788291908701
,,,,11.924913194444445,0.0,0.967627651710092,0.0956541409770113,0.9636914968266554,0.0193909170075559,0.0573448587003318
,,,,11.93576388888889,0.0,0.9564678873074218,0.095995385096827,0.9541371850410292,0.0192162829119185,0.0575425950671332
,,,,11.946614583333332,0.0,0.9497846824957692,0.0957435266036146,0.9454627440540824,0.0188834645719607,0.0567943111801829
,,,,11.957465277777777,0.0,0.9443341535102706,0.0938297271648072,0.9418601240588944,0.018809807792636,0.0562028249018264
,,,,11.96831597222222,0.0,0.936727471818958,0.0925525140233435,0.933771560432363,0.0186887593203189,0.0561818958525698
,,,,11.979166666666666,0.0,0.9241411986726242,0.0926342528560332,0.9216045982115324,0.0184715962859671,0.055660384457741
,,,,11.99001736111111,0.0,0.91267588157833,0.0916702005982077,0.9150082656899946,0.0184146413768105,0.0545721834675505
,,,,12.000868055555555,0.0,0.909242876198935,0.0906747396480754,0.9065018172583144,0.0178573392684364,0.0545478945339858
,,,,12.01171875,0.0,0.8962464784923229,0.0879589997741828,0.900112327258904,0.0177771083741259,0.0533096256843843
,,,,12.022569444444445,0.0,0.8894313465249929,0.0880816453006122,0.8800007785240411,0.0176980097234664,0.0528284730212367
,,,,12.03342013888889,0.0,0.8706427981546146,0.0869442711141807,0.8716962083720879,0.0173496477933358,0.0522732105481936
,,,,12.044270833333332,0.0,0.8557003257630263,0.086409589320197,0.8572829507370443,0.0172354162960019,0.0513412888564318
,,,,12.055121527777777,0.0,0.851012833926669,0.0833849821785311,0.849820571187394,0.0167545715194622,0.0510242422143614
,,,,12.06597222222222,0.0,0.835548875300066,0.0828431512687657,0.8383385611383357,0.0167989354863995,0.0498769497881784
,,,,12.076822916666666,0.0,0.8206165769332183,0.0813181112244439,0.8231195834024154,0.0163967335370638,0.0493031517869178
,,,,12.08767361111111,0.0,0.7975096667036418,0.0799498364633278,0.7958318064875582,0.0162088257779235,0.0483628958757495
,,,,12.098524305555555,0.0,0.7923376079885515,0.0787141374307489,0.7925145432870289,0.0155116318648716,0.0474865722152334
,,,,12.109375,0.0,0.7705149674699387,0.0764894819608142,0.7728469589957934,0.0153925071122506,0.0470871354352258
,,,,12.120225694444445,0.0,0.7544693336301043,0.0750568939627317,0.7664297767169994,0.0152124785776116,0.0453697331378577
,,,,12.13107638888889,0.0,0.7414313225294866,0.0738056352443491,0.746998448171315,0.0147192601106228,0.0441850695191892
,,,,12.141927083333332,0.0,0.72388598913644,0.0720288527179688,0.727383161995715,0.0144506139757127,0.043912177574172
,,,,12.152777777777777,0.0,0.7005710367390007,0.0714156174896638,0.706040297533521,0.0142664300263019,0.0426110256352921
,,,,12.16362847222222,0.0,0.6865962556541809,0.0684194335623225,0.6806587691795329,0.0136211640592499,0.0413773845283949
,,,,12.174479166666666,0.0,0.6768910506943171,0.0679218472560568,0.6649817688159537,0.0133513841732361,0.0399149833481375
,,,,12.18532986111111,0.0,0.6527951635784621,0.065415479855696,0.6472467485053451,0.0131643389128703,0.0396372224377053
,,,,12.196180555555555,0.0,0.6307521713274218,0.0640957676866571,0.6272744324320432,0.012810766015137,0.038110377049577
,,,,12.20703125,0.0,0.6203194039336304,0.0618780045410688,0.6157750475799566,0.0122997805190035,0.0363973268687596
,,,,12.217881944444445,0.0,0.5933596878309649,0.0588870961471457,0.6013833913117589,0.0119566264884739,0.0352465159868422
,,,,12.22873263888889,0.0,0.5794190615479686,0.0568528583794904,0.5743071154251987,0.0115009531524281,0.0345307502653071
,,,,12.239583333333332,0.0,0.5576629627931082,0.0556835477035042,0.5559074187003166,0.0110524882813073,0.0338684464642506
,,,,12.250434027777777,0.0,0.5351468387723974,0.0526562338574565,0.5389465812927965,0.0106120007459205,0.0318109571138098
,,,,12.26128472222222,0.0,0.5089998681823282,0.0510091763985353,0.517015240445998,0.0103656872476111,0.0302433246133586
,,,,12.272135416666666,0.0,0.4911458808065025,0.048935367820023,0.4871625824338736,0.0097533740243337,0.0291914609353132
,,,,12.28298611111111,0.0,0.4731957748718659,0.0471835850001746,0.4731292225242207,0.0094085635284531,0.0283858829619498
,,,,12.293836805555555,0.0,0.4570214927290963,0.0452882958736886,0.4501977238577068,0.008992562419126,0.0271891368721647
,,,,12.3046875,0.0,0.426090634512264,0.0423411725077314,0.4282880596145952,0.0084956066788926,0.0258149801402555
,,,,12.315538194444445,0.0,0.4023969013693778,0.0412090742989942,0.3997857261250865,0.0081926684874503,0.0240274364913942
,,,,12.32638888888889,0.0,0.3874527798729706,0.0374033067751027,0.3762517649860895,0.0076844340622913,0.0227915678943454
,,,,12.337239583333332,0.0,0.3632275953048174,0.035764500273212,0.357932028983352,0.0070620384717679,0.0217197389187404
,,,,12.348090277777777,0.0,0.3362430469193997,0.0328440543526376,0.3435391314822502,0.0066946237146919,0.0200066958226564
,,,,12.35894097222222,0.0,0.3186683036337804,0.0310528715403777,0.31762252797992,0.0062933777670942,0.0188838378860805
,,,,12.369791666666666,0.0,0.286437647880086,0.0284889967236289,0.2933521114253383,0.0058630184780376,0.0168947909734507
,,,,12.38064236111111,0.0,0.2579437742099885,0.0268301048952887,0.2665024057903164,0.0054194462655639,0.0159143702702818
,,,,12.391493055555555,0.0,0.2459839643113316,0.0241829630611719,0.2445511407593038,0.0050941276892778,0.014928419884664
,,,,12.40234375,0.0,0.2188683010396793,0.0221221041651242,0.2290285411016778,0.0043654106058872,0.0132882368427016
,,,,12.413194444444445,0.0,0.196342691072188,0.0199780643580122,0.2022477305167131,0.0038779967627883,0.0115685222407378
,,,,12.42404513888889,0.0,0.1765257751460305,0.0177279856285894,0.165405846700431,0.0035189286473316,0.0101779274203664
,,,,12.434895833333332,0.0,0.1471205845523506,0.0151292088144501,0.1575392935647684,0.0030107748364466,0.0088294728335645
,,,,12.445746527777777,0.0,0.1289062752166987,0.0126986039969266,0.1182890303095727,0.0024106324625401,0.0074287117480948
,,,,12.45659722222222,0.0,0.0977510578128794,0.009748687334907,0.1041748161357941,0.0018551082519269,0.005351917878544
,,,,12.467447916666666,0.0,0.0743821142103362,0.0080784697642831,0.0754779450650707,0.0015585861835213,0.0043321090378021
,,,,12.47829861111111,0.0,0.0448541201247715,0.005771361312595,0.0478683767728646,0.0008304197281617,0.0035805145423708
,,,,12.489149305555555,0.0,0.0262034755093487,0.0023954947352745,0.029341512672231,0.0005269439785044,0.0014095026954613
,,,,12.5,-0.0,-0.0076833812416934,0.0003442417933116,0.0007942742337291,-0.0001151544923811,-2.0951559100786698e-05
,,,,12.510850694444445,-0.0,-0.0202975734351068,-0.0016776036380869,-0.0292313707187891,-0.0003769081547592,-0.0011356330871655
,,,,12.52170138888889,-0.0,-0.0466725080438764,-0.0041687367827872,-0.0542994513383354,-0.0008571575166907,-0.0029543500654241
,,,,12.532552083333332,-0.0,-0.070889047369482,-0.007917161433314,-0.0761719758820716,-0.0012555394768159,-0.0044402305758276
,,,,12.543402777777777,-0.0,-0.0986803186711996,-0.0098563270384778,-0.0900405488139607,-0.0021967031812553,-0.006176371541499
,,,,12.55425347222222,-0.0,-0.1367036549870607,-0.012139825198308,-0.1239325540585012,-0.0024454002983859,-0.0067922055554949
,,,,12.565104166666666,-0.0,-0.1548355334441346,-0.0146240432535991,-0.1558012615247083,-0.0028921151947243,-0.0085615493589605
,,,,12.57595486111111,-0.0,-0.1726373118847486,-0.0170883292932154,-0.1705938860942916,-0.0034769066673956,-0.0103153620341473
,,,,12.586805555555555,-0.0,-0.2034586687250099,-0.0194715123531149,-0.1948998242321656,-0.0038752045067352,-0.0116401474991492
,,,,12.59765625,-0.0,-0.2230617865466033,-0.0221162682916336,-0.2193600002862591,-0.0043137188785884,-0.0132397876279023
,,,,12.608506944444445,-0.0,-0.2454452088912438,-0.0243006290228207,-0.2456905432931442,-0.0049690548670991,-0.014528250015241
,,,,12.61935763888889,-0.0,-0.2731060522672969,-0.0269289023773906,-0.2589030375496302,-0.0053265285641821,-0.0160842093694145
,,,,12.630208333333332,-0.0,-0.297041370808189,-0.0284304008004551,-0.297208755700809,-0.0058479576517817,-0.0175350678685711
,,,,12.641059027777777,-0.0,-0.3075217304059539,-0.0320577618689633,-0.3035471689296307,-0.0063527013074515,-0.018604969254196
,,,,12.65190972222222,-0.0,-0.3461274676804131,-0.0336653038181678,-0.3368477268696635,-0.0065495491398813,-0.020274039338911
,,,,12.662760416666666,-0.0,-0.3583010828210775,-0.0361752144529253,-0.3621789473013276,-0.0073480877412487,-0.021867043455718
,,,,12.67361111111111,-0.0,-0.3810084756298118,-0.0377381204494803,-0.3740352840428979,-0.0075415544244644,-0.0232711758415206
,,,,12.684461805555555,-0.0,-0.4136089763850476,-0.0410771519067254,-0.4060556207893018,-0.0081123784041252,-0.0241260760783538
,,,,12.6953125,-0.0,-0.4274205765312304,-0.0420800141694424,-0.4272859166086135,-0.0084676781893542,-0.0254543724138484
,,,,12.706163194444445,-0.0,-0.4518594643670688,-0.043775884110352,-0.4560212421386668,-0.008899112113653,-0.026840583360257
,,,,12.71701388888889,-0.0,-0.4689955146039549,-0.0471702902838233,-0.4685512516720931,-0.0096777890327136,-0.0286631740243591
,,,,12.727864583333332,-0.0,-0.4862304210451596,-0.0505340663308005,-0.4981086463632639,-0.0098077783742453,-0.0294712681412909
,,,,12.738715277777777,-0.0,-0.5129518850812333,-0.0514597859409346,-0.517124276486142,-0.0103133100464639,-0.0308660141274189
,,,,12.74956597222222,-0.0,-0.5291722449671964,-0.0531109826636124,-0.5314017206472912,-0.0105029279358399,-0.0319757069711959
,,,,12.760416666666666,-0.0,-0.5583197649328837,-0.0557077952657102,-0.5433956060352103,-0.0109620688443915,-0.0332031313243316
,,,,12.77126736111111,-0.0,-0.5803902977486525,-0.0574539022117262,-0.5717503709821765,-0.0114406344753692,-0.0346795689528195
,,,,12.782118055555555,-0.0,-0.5919276928355168,-0.0596032881875839,-0.5978513566788721,-0.0118859282544868,-0.0352724403525914
,,,,12.79296875,-0.0,-0.6237011994064703,-0.0616890091321608,-0.6114445940446492,-0.0123736807303538,-0.0364961305893666
,,,,12.803819444444445,-0.0,-0.6389064449752047,-0.0627569107951292,-0.6419585997760248,-0.0127166728222876,-0.0385249355547268
,,,,12.81467013888889,-0.0,-0.654264975165946,-0.0647703110534589,-0.6579876421880284,-0.0129803673206681,-0.0392471966779715
,,,,12.825520833333332,-0.0,-0.6802897012324158,-0.0680085117784067,-0.671690493558168,-0.0132818881373855,-0.0403021238669492
,,,,12.836371527777777,-0.0,-0.6927172139577789,-0.0691642107970444,-0.6833778908594192,-0.0137251969341124,-0.0419090516453015
,,,,12.84722222222222,-0.0,-0.7053271576267532,-0.0711823788957767,-0.7068327578922126,-0.0142867264911123,-0.0428456912176478
,,,,12.858072916666666,-0.0,-0.7276500557648288,-0.0726684891496024,-0.7261472777900978,-0.0144428766623481,-0.0435746471829189
,,,,12.86892361111111,-0.0,-0.7390160365390172,-0.0738591548976378,-0.7525152627344419,-0.0147377732123,-0.0443597548783542
,,,,12.879774305555555,-0.0,-0.7526917706382923,-0.0756500848612768,-0.7479237328614525,-0.015224201841251,-0.0461477872085202
,,,,12.890625,-0.0,-0.7806669499948564,-0.0779725311910525,-0.7693654658288702,-0.0153272116843548,-0.0463713285231137
,,,,12.901475694444445,-0.0,-0.786182255398885,-0.0784966644645056,-0.7906304115635404,-0.0157115971782093,-0.0469993073687643
,,,,12.91232638888889,-0.0,-0.8044799471124359,-0.0805887632393086,-0.8010233431675172,-0.0161759233346264,-0.0481162051365432
,,,,12.923177083333332,-0.0,-0.8152013803601178,-0.0815037805537593,-0.8167835022366144,-0.0163373034803972,-0.0493357999720016
,,,,12.934027777777777,-0.0,-0.8291905625605137,-0.0835316042561599,-0.8307195195673798,-0.0166656664229687,-0.0498404889027763
,,,,12.94487847222222,-0.0,-0.8457786243573124,-0.0845552407298245,-0.8413687939048597,-0.0168956389982479,-0.0508673317828226
,,,,12.955729166666666,-0.0,-0.8551442219126838,-0.0862610832779297,-0.8635941140671404,-0.0170180097411801,-0.0506575187234347
,,,,12.96657986111111,-0.0,-0.868413122635252,-0.0864551950295019,-0.8770793106734138,-0.0173969551655476,-0.0519063865336193
,,,,12.977430555555555,-0.0,-0.8887408304157375,-0.0884614909751891,-0.8928068194894102,-0.0174513496987242,-0.053047271364745
,,,,12.98828125,-0.0,-0.8899719745605807,-0.0881395005164087,-0.8882977809378826,-0.0179231672096801,-0.0533223196230977
,,,,12.999131944444445,-0.0,-0.9030836682761156,-0.0896526511033537,-0.9041329128917552,-0.0179760272986119,-0.0543493137900952
,,,,13.00998263888889,-0.0,-0.9171446666646916,-0.0911620649820938,-0.9128925010882007,-0.0181480361041914,-0.0550254068901249
,,,,13.020833333333332,-0.0,-0.9162340883676716,-0.0920852580529654,-0.9245254960208502,-0.0184130805990814,-0.0554676086128153
,,,,13.031684027777777,-0.0,-0.930990102133529,-0.0937721029538188,-0.944153000988642,-0.0185913330122023,-0.0556594814044652
,,,,13.04253472222222,-0.0,-0.936718688003231,-0.0946188059868715,-0.9465557707075748,-0.018922830768267,-0.0568207162265397
,,,,13.053385416666666,-0.0,-0.9441520732118536,-0.0945641063747798,-0.9509219420190534,-0.0189682267217881,-0.0572356270979595
,,,,13.06423611111111,-0.0,-0.9530407689947852,-0.0960377512394515,-0.9546744590476034,-0.0191128080842323,-0.0570824879199125
,,,,13.075086805555555,-0.0,-0.9703564065267148,-0.0962483657864518,-0.9672504243177984,-0.019313164218608,-0.0580959588256908
,,,,13.0859375,-0.0,-0.9678338657163796,-0.0966960081554687,-0.976730449066934,-0.0193191864115064,-0.0587137216279202
,,,,13.096788194444445,-0.0,-0.9672898795445536,-0.0981365515785389,-0.9841014612136456,-0.019603628151033,-0.0588045977170412
,,,,13.10763888888889,-0.0,-0.987469855979894,-0.0979120094113676,-0.9878784034391566,-0.0194918536975094,-0.0587526614644042
,,,,13.118489583333332,-0.0,-0.9900705277821436,-0.0980512227078933,-1.000610479290204,-0.0197028779938267,-0.0594569146897924
,,,,13.129340277777777,-0.0,-0.9885221807347908,-0.0990441676311003,-0.9922763786248732,-0.0195573718369338,-0.0597156135996006
,,,,13.14019097222222,-0.0,-0.986362529460885,-0.0988005317705295,-0.9867673523853304,-0.0198265627892461,-0.0591863980848644
,,,,13.151041666666666,-0.0,-0.9939581095091552,-0.0989259607186417,-0.9986361313456988,-0.0198267061846614,-0.0598700633241665
,,,,13.16189236111111,-0.0,-1.0028040392481576,-0.0998830820368453,-0.9927434478791936,-0.0198894261280347,-0.0602646409627556
,,,,13.172743055555555,-0.0,-1.002044564763091,-0.1002451466691308,-0.9853684940469132,-0.0199392661624554,-0.0597519630976617
,,,,13.18359375,-0.0,-0.9932018049869552,-0.099265106322377,-1.0026772076008836,-0.0200236041652572,-0.0604137020911987
,,,,13.194444444444445,-0.0,-0.9952401887140372,-0.0997125299267123,-1.001477003868378,-0.0199000138922109,-0.0601795279038297
,,,,13.20529513888889,-0.0,-1.0037309408485515,-0.0999543309932633,-0.9950204715917284,-0.019917094058307,-0.0602084548587592
,,,,13.216145833333332,-0.0,-0.98950832984772,-0.1003002578150533,-1.0034905741294773,-0.0197959111468809,-0.0593667759744238
,,,,13.226996527777777,-0.0,-0.9971626019345572,-0.0995398147123573,-1.0099239392530153,-0.019882138765707,-0.0599030304318653
,,,,13.23784722222222,-0.0,-0.9938660123950728,-0.1001932058275021,-0.9992291788503698,-0.0201570909108789,-0.0594472353826909
,,,,13.248697916666666,-0.0,-0.9968162684296056,-0.0991848874144528,-0.9982391191524084,-0.0199923334811465,-0.0593939941822699
,,,,13.25954861111111,-0.0,-0.9961709021639484,-0.0989051314231963,-0.9800362092608504,-0.0198731941819759,-0.0591160508360826
,,,,13.270399305555555,-0.0,-0.9894030219052788,-0.0987438115916843,-0.9911998149999756,-0.019738382049927,-0.0588025971754838
,,,,13.28125,-0.0,-0.9819574029780024,-0.0977654731900334,-0.9744171054151812,-0.0196897281842137,-0.0586347926308624
,,,,13.292100694444445,-0.0,-0.9723084224345458,-0.0973636326108298,-0.9715737808105184,-0.0194769534428908,-0.058670922313345
,,,,13.30295138888889,-0.0,-0.9664580006741346,-0.0969405887275093,-0.9698934011884484,-0.0193456879004107,-0.057972800138019
,,,,13.313802083333332,-0.0,-0.965958833115944,-0.0964732746349347,-0.9564675276692136,-0.0190565807670464,-0.0575493599625593
,,,,13.324652777777777,-0.0,-0.9564372298789414,-0.0947801393517643,-0.957584540343454,-0.0191174877351197,-0.057498386797683
,,,,13.33550347222222,-0.0,-0.9463623138158324,-0.0959734815185239,-0.9451986459583616,-0.0189585417737585,-0.0573429238487352
,,,,13.346354166666666,-0.0,-0.9399842892986005,-0.094244029963662,-0.946325103936226,-0.0189067584955576,-0.0567110056844968
,,,,13.35720486111111,-0.0,-0.9375117446886392,-0.0933554969644192,-0.9332929255329212,-0.0186557470346283,-0.0558878750834025
,,,,13.368055555555555,-0.0,-0.9289238032156976,-0.0923833209585917,-0.9158424741908248,-0.0184235428272009,-0.0555530868461266
,,,,13.37890625,-0.0,-0.9156506022414296,-0.0922974270497216,-0.9168109792495548,-0.018195769694894,-0.0552530107671863
,,,,13.389756944444445,-0.0,-0.895630627142815,-0.0908190648410482,-0.904006146568376,-0.0180763766866142,-0.0544652203289356
,,,,13.40060763888889,-0.0,-0.8887804261222363,-0.0898197617573824,-0.8969722413600714,-0.0178786314720864,-0.0528738616446476
,,,,13.411458333333332,-0.0,-0.8821534341486551,-0.0883773887349403,-0.8798480385838244,-0.0176375979208411,-0.052786926086411
,,,,13.422309027777777,-0.0,-0.8646712693528602,-0.0865221708153269,-0.8617601410681166,-0.0173143969460362,-0.0518520869377261
,,,,13.43315972222222,-0.0,-0.8528120122174828,-0.0860172315298901,-0.8697354034009879,-0.0170912276452073,-0.0511164790446082
,,,,13.444010416666666,-0.0,-0.8395730454213494,-0.0834589849466643,-0.8506509744731168,-0.0166856884479356,-0.0510669610373675
,,,,13.45486111111111,-0.0,-0.8340651762569353,-0.0835388451030457,-0.8304034266723312,-0.0166240815471417,-0.0498681001696217
,,,,13.465711805555555,-0.0,-0.8139773538412771,-0.0822108530468854,-0.8153266866297961,-0.016423261216362,-0.0488208889016636
,,,,13.4765625,-0.0,-0.810969167012454,-0.0797223054986817,-0.8066331535448698,-0.0157896321133335,-0.0484894220403488
,,,,13.487413194444445,-0.0,-0.79195923491033,-0.0788304121610823,-0.7896744702509699,-0.0158928941710094,-0.0474980533924348
,,,,13.49826388888889,-0.0,-0.7694904007694608,-0.0768572339323749,-0.780456118110633,-0.0154970808376977,-0.045672959682683
,,,,13.509114583333332,-0.0,-0.7678238373592003,-0.0758075750680952,-0.7653179757687816,-0.0150294086825309,-0.0458622119379881
,,,,13.519965277777777,-0.0,-0.751277311914624,-0.0738993139096312,-0.7303495587948441,-0.014675831889812,-0.0443325236687989
,,,,13.53081597222222,-0.0,-0.7221924792531376,-0.0728178098684342,-0.7180612485596287,-0.0146331877204265,-0.0431412987548789
,,,,13.541666666666666,-0.0,-0.7145286104316543,-0.0712098460510377,-0.7069913580490033,-0.0141523295371475,-0.0421683361445663
,,,,13.55251736111111,-0.0,-0.6923270120963525,-0.0689688336400511,-0.6913470287201937,-0.0137689508142689,-0.0416649869443747
,,,,13.563368055555555,-0.0,-0.6726867532323137,-0.066445956622721,-0.6721713472325366,-0.013389309185778,-0.0403672304881212
,,,,13.57421875,-0.0,-0.6545830380041304,-0.0664756255905157,-0.64702751530285,-0.0131566075365368,-0.0393671898372247
,,,,13.585069444444445,-0.0,-0.6324100907079172,-0.063267940060545,-0.6420055962584892,-0.0127286829576739,-0.0379738429532393
,,,,13.59592013888889,-0.0,-0.621982899960375,-0.0609543801409492,-0.6145588820403971,-0.0122510791639129,-0.0371615971294675
,,,,13.606770833333332,-0.0,-0.5925289705653105,-0.0577134146174745,-0.58585851086663,-0.0119316480077092,-0.0352646955738531
,,,,13.617621527777777,-0.0,-0.5744233435610437,-0.0568491413833043,-0.5679179231805936,-0.0115176966695912,-0.034736040217286
,,,,13.62847222222222,-0.0,-0.5578340646885164,-0.0558296921004943,-0.5586860374325257,-0.0110739254354575,-0.033757105286087
,,,,13.639322916666666,-0.0,-0.5274825389249005,-0.0529779082932724,-0.5315345328745563,-0.0106019522581079,-0.0318953851049757
,,,,13.65017361111111,-0.0,-0.5110986730859568,-0.0518594078274673,-0.5011927130109574,-0.0104024325657452,-0.0311427162086399
,,,,13.661024305555555,-0.0,-0.4962467369339555,-0.049236241079317,-0.488378616710651,-0.0100184499037922,-0.0297309082565815
,,,,13.671875,-0.0,-0.4786669693072195,-0.0478403028443077,-0.4724798493095958,-0.0093463183982168,-0.0283025238674683
,,,,13.682725694444445,-0.0,-0.4539541252323109,-0.0449087498597229,-0.4476450461284893,-0.0090324437843735,-0.0269944510911745
,,,,13.69357638888889,-0.0,-0.4199516540619645,-0.0424211227666081,-0.4208811768990712,-0.0086394054964095,-0.0256595519040172
,,,,13.704427083333332,-0.0,-0.3948879619814683,-0.0409488845957579,-0.3970465502199394,-0.0080477937565158,-0.0243680185313045
,,,,13.715277777777777,-0.0,-0.3847638545978478,-0.0377297641904537,-0.3735055709407301,-0.0076564884125978,-0.0230899449765289
,,,,13.72612847222222,-0.0,-0.3630541567674963,-0.0360379537949117,-0.3584404112635028,-0.0072949431859208,-0.0213111100156077
,,,,13.736979166666666,-0.0,-0.3390116792812621,-0.0340589217105075,-0.3359126560238093,-0.0067257599278266,-0.0200944502267991
,,,,13.74782986111111,-0.0,-0.312402755341276,-0.0314827842902896,-0.318220590047919,-0.006269125283632,-0.0187100161532375
,,,,13.758680555555555,-0.0,-0.2965069185942625,-0.0296760369483388,-0.2902569296694424,-0.0058139434179873,-0.0175030768650754
,,,,13.76953125,-0.0,-0.2620441973041273,-0.0269587260716785,-0.2652869779305526,-0.0052825428761398,-0.0163463365133421
,,,,13.780381944444445,-0.0,-0.2528700560367308,-0.0242751066088979,-0.2383327131971629,-0.0047229408569361,-0.0145186978106893
,,,,13.79123263888889,-0.0,-0.229441441794507,-0.0221449252577367,-0.2164958242774545,-0.0044517386840043,-0.0135638696257993
,,,,13.802083333333332,-0.0,-0.2012595532804853,-0.0198829958147138,-0.1900123920004748,-0.0039546790486161,-0.0118688403809217
,,,,13.812934027777777,-0.0,-0.1727354950329794,-0.0166785218473258,-0.1699912311397581,-0.0034698216509949,-0.0104666829050661
,,,,13.82378472222222,-0.0,-0.1452923198453067,-0.0147965290633649,-0.1409464815689755,-0.0027498750139961,-0.0084571032215463
,,,,13.834635416666666,-0.0,-0.1309989670528117,-0.013000853920976,-0.1175178459866873,-0.0024294947943813,-0.0075114924400228
,,,,13.84548611111111,-0.0,-0.0931859757367407,-0.0097348404335022,-0.1057101276562511,-0.0019465727142385,-0.0058629670643196
,,,,13.856336805555555,-0.0,-0.0716894555514276,-0.0079167775294168,-0.0758811689520731,-0.0014868088173903,-0.0045690713507192
,,,,13.8671875,-0.0,-0.0420813473896224,-0.0049295814414664,-0.0446907947382951,-0.0008462811021565,-0.0031178796190117
,,,,13.878038194444445,-0.0,-0.0221077206717893,-0.0022949987099596,-0.0304837908438843,-0.0004683862591703,-0.0015013008908923
,,,,13.88888888888889,-0.0,-0.0057205257468219,-0.0011149008248271,-0.0008530462135633,-0.0001203417769385,7.729914252118815e-06
,,,,13.899739583333332,0.0,0.025722341080693,0.0022702714364553,0.0169727054598939,0.0002891947740547,0.001369025204823
,,,,13.910590277777777,0.0,0.0509412811156734,0.0055029866816255,0.0537349844624603,0.0008974410074084,0.0040131992382524
,,,,13.92144097222222,0.0,0.0802713236346583,0.0072292150794097,0.0729883495893612,0.001492257265406,0.0038215644837265
,,,,13.932291666666666,0.0,0.0976861538848614,0.0095945836619943,0.0949402635580072,0.001966473172388,0.0058081579946702
,,,,13.94314236111111,0.0,0.1367432363904702,0.0117404639444236,0.1221038639486024,0.0025318750193441,0.0071223435791989
,,,,13.953993055555555,0.0,0.1361696359051378,0.0145682314927903,0.1433500160939715,0.0028811100549558,0.0083537794232106
,,,,13.96484375,0.0,0.1746255345718694,0.0169529663274404,0.1683178648710411,0.0035499866981493,0.0107952281140738
,,,,13.975694444444445,0.0,0.1882638529991551,0.0196605100072239,0.1973353583075021,0.0038779288064624,0.0115943500257665
,,,,13.986545138888888,0.0,0.2123565212477801,0.0222177045477381,0.2202220198548712,0.0044014143645808,0.0130663552502199
,,,,13.997395833333332,0.0,0.2463520854852717,0.0253369868562275,0.2458889109099511,0.0050163143802661,0.0147184168215629
,,,,14.008246527777777,0.0,0.2689706754057123,0.0267198049477932,0.272321009062239,0.0053347300198502,0.0155997292967354
,,,,14.01909722222222,0.0,0.2918594074577167,0.0288353060655884,0.2937638424409089,0.0058801600001756,0.017374593925519
,,,,14.029947916666666,0.0,0.3167456186306833,0.030479833904022,0.3269234649949876,0.0064119985939806,0.0185182154506466
,,,,14.04079861111111,0.0,0.3438273694853089,0.0338552160416214,0.3343225736944678,0.0067682656119624,0.0201618127893948
,,,,14.051649305555555,0.0,0.3553245532022103,0.0368508401380647,0.3566718448434098,0.0070468846710928,0.0213653605682736
,,,,14.0625,0.0,0.3836536898528443,0.0382511822766967,0.3961343205893566,0.0075317006477553,0.023150499514993
,,,,14.073350694444445,0.0,0.3980998114948458,0.0403185447553747,0.4032259285969868,0.0080836710788274,0.0241064093145927
,,,,14.084201388888888,0.0,0.422521093259475,0.0426668260762358,0.4190208301279772,0.0084861327941506,0.0257644870491029
,,,,14.095052083333332,0.0,0.4515389113097064,0.0444298984440414,0.4468507035242223,0.0091302826608981,0.0266528639580782
,,,,14.105902777777777,0.0,0.4753767381597899,0.047711693728367,0.4751451219616934,0.0092636622606747,0.0283198343950277
,,,,14.11675347222222,0.0,0.4969244017609219,0.0495185809690755,0.494415863117484,0.0099409960177791,0.0292885365726349
,,,,14.127604166666666,0.0,0.5066857566235039,0.0514033478223878,0.0312277415382796,0.0103606040496565,0.0306273486063933
,,,,14.13845486111111,0.0,0.5429998497518946,0.0522388542964757,0.0318291657292768,0.0106343836004755,0.0321382434597234
,,,,14.149305555555555,0.0,0.5545790920530617,0.0561592054701628,0.0335414837974211,0.0110771530285463,0.0329024015537397
,,,,14.16015625,0.0,0.5778975732213795,0.0572965930517938,0.0345343523836486,0.0115090921888721,0.0338503892965008
,,,,14.171006944444445,0.0,0.5965568115764176,0.0587671801870485,0.0357943217281391,0.0118787701878554,0.0354877093697034
,,,,14.181857638888888,0.0,0.6197265159646697,0.0618416153806573,0.0373433143644158,0.0122637888147735,0.0372846250667476
,,,,14.192708333333332,0.0,0.6354950114596271,0.0633539975624732,0.0377103399854599,0.0127325802790897,0.0383731286028993
,,,,14.203559027777777,0.0,0.6581687750200038,0.0645974946463846,0.0393534700041293,0.013076995881596,0.0389199033385127
,,,,14.21440972222222,0.0,0.6736042693040043,0.0668343183510818,0.0401544630620691,0.0134558591753021,0.0398736331770781
,,,,14.225260416666666,0.0,0.6945487378911697,0.0689263825494131,0.0416358181785848,0.0137491070346384,0.0419661950679589
,,,,14.23611111111111,0.0,0.7064343488010565,0.0712576303108319,0.0429782294583254,0.0139272110180771,0.0430743126472943
,,,,14.246961805555555,0.0,0.7118124827951233,0.0729540713668798,0.0433639212365925,0.0144838479349582,0.0432581549773911
,,,,14.2578125,0.0,0.7432427271009068,0.0740187803500537,0.0437716108315103,0.0148226239732361,0.0443116440149683
,,,,14.268663194444445,0.0,0.7598240886826315,0.075942642315692,0.04551665241277,0.0153620484363778,0.0453286287529826
,,,,14.279513888888888,0.0,0.7750663042491465,0.0773428975142389,0.0467169747340987,0.0155159018604185,0.046283060609042
,,,,14.290364583333332,0.0,0.7872520081589809,0.0790326977598741,0.0476599399219014,0.0158299354252383,0.0472523268859234
,,,,14.301215277777777,0.0,0.8047096675087413,0.0813906889022419,0.0479324125513446,0.0160819587756322,0.0476656436330544
,,,,14.31206597222222,0.0,0.8137025369506622,0.0813525118927247,0.0480533779627553,0.0161621273415546,0.048749065696008
,,,,14.322916666666666,0.0,0.835832386809463,0.0830517737808045,0.0499136619328568,0.0167251892818392,0.0492679401107059
,,,,14.33376736111111,0.0,0.8413599599925667,0.0853024866945712,0.0506029835933716,0.016861441437379,0.0506931043359554
,,,,14.344618055555555,0.0,0.8584603359473898,0.0850616536376857,0.0513339053420269,0.0169732798430313,0.0514333084400351
,,,,14.35546875,0.0,0.8649205908442192,0.087085064105047,0.0517851066989667,0.0175844159676185,0.0522697366403813
,,,,14.366319444444445,0.0,0.877084498282875,0.0887748061321294,0.0526435675291383,0.0178571492650156,0.0534615695798032
,,,,14.377170138888888,0.0,0.8896253721814998,0.0896217930134917,0.054137953050538,0.017826739603739,0.0535125888095942
,,,,14.388020833333332,0.0,0.903329660088118,0.0896474414009786,0.0545032775467663,0.0181981850843677,0.0546799870295656
,,,,14.398871527777777,0.0,0.9168149378406962,0.0908085716931188,0.05468823364576,0.0182657054778092,0.0546903991934112
,,,,14.40972222222222,0.0,0.9139268061970668,0.0931180457495821,0.0553841625560375,0.0183938775247769,0.0553029733714741
,,,,14.420572916666666,0.0,0.9292484884639372,0.0932971663172966,0.0557673783746355,0.0185887243283521,0.0554766284748746
,,,,14.43142361111111,0.0,0.9493256620565692,0.0942151176101612,0.056847912830314,0.0188694226107229,0.0565257485248089
,,,,14.442274305555555,0.0,0.0944854963105894,0.0946885164040326,0.056857569736808,0.0191537952553195,0.0568018945118026
,,,,14.453125,0.0,0.0959184875663698,0.0954506484852241,0.0577220518058122,0.0192512084524228,0.0574312705168988
,,,,14.463975694444445,0.0,0.0961654990427176,0.0962231855117786,0.0583145132653224,0.0192233539660979,0.0577836631726737
,,,,14.474826388888888,0.0,0.0962859909469812,0.09775856116923,0.0581088905385232,0.0194606456650313,0.0582523490362905
,,,,14.485677083333332,0.0,0.0972851864235199,0.0976539679937122,0.0586623273339125,0.019506989402831,0.0585402110723581
,,,,14.496527777777777,0.0,0.0986223987488451,0.0981422280381136,0.0594146328262501,0.019747981104867,0.0585212695201881
,,,,14.50737847222222,0.0,0.0984348986404596,0.0981755251284889,0.059100892948291,0.0197981247521221,0.0590538092712926
,,,,14.518229166666666,0.0,0.0987266545783186,0.0986128498358168,0.0595641405967938,0.0198357275360789,0.0593839898718988
,,,,14.52907986111111,0.0,0.0989305752773951,0.0990037838897883,0.059700772773177,0.0199278247140118,0.0599255210860822
,,,,14.539930555555555,0.0,0.0985682346330305,0.099777913910795,0.0603548009366637,0.01996309849016,0.0600023333307155
,,,,14.55078125,0.0,0.0996870687141918,0.0991480052101907,0.0602067073870449,0.0200438518297797,0.0601208136031764
,,,,14.561631944444445,0.0,0.1002849766764752,0.1004475067564584,0.0592201756929412,0.0198273785878828,0.0602229764319969
,,,,14.572482638888888,0.0,0.1001981236202213,0.1001898090397079,0.0596848853572201,0.0197974324154641,0.0599966016617471
,,,,14.583333333333332,0.0,0.0995578444442783,0.100403988638726,0.0602641281423241,0.0199421741586493,0.0598767689487564
,,,,14.594184027777777,0.0,0.0992222842119417,0.0994847168207009,0.0600188493928015,0.0198962536737348,0.0598140796209265
,,,,14.60503472222222,0.0,0.0994326517426226,0.0996743418191895,0.0602576996310334,0.0200261853693709,0.0602365938451934
,,,,14.615885416666666,0.0,0.0995729716058623,0.0991037592489152,0.0596101466139987,0.0198832472511179,0.0593560021423857
,,,,14.62673611111111,0.0,0.1004204062229626,0.0997843338589733,0.0594666890244559,0.0200383514101839,0.0594415663319946
,,,,14.637586805555555,0.0,0.0989578005649804,0.0989557114718254,0.0595856854493116,0.0199626936544859,0.0594832538392584
,,,,14.6484375,0.0,0.099147028377943,0.0988608182068489,0.0596427887956019,0.0195479789556223,0.0597514397513287
,,,,14.659288194444445,0.0,0.0988083628742379,0.0988768453085851,0.0592189155648144,0.0197616928491857,0.0590875439078242
,,,,14.670138888888888,0.0,0.0982653022190616,0.0976484641740608,0.0588748841385454,0.0197422871019454,0.0590457435887217
,,,,14.680989583333332,0.0,0.0979380419080608,0.096977123976891,0.0587548041004229,0.0195025146048232,0.0586076731934079
,,,,14.691840277777777,0.0,0.0967000909900147,0.0966899817782017,0.0583509453558918,0.0194734097946096,0.0577408046620344
,,,,14.70269097222222,0.0,0.0967213617101175,0.0966433562720647,0.0576856317861232,0.0191444512488016,0.0584285976148915
,,,,14.713541666666666,0.0,0.0950919427889666,0.0953065187049818,0.0571719364463922,0.0192171876760394,0.0570846157107977
,,,,14.72439236111111,0.0,0.0950241724195038,0.094880985079749,0.0571557931840817,0.0190701428952426,0.0573370047055692
,,,,14.735243055555555,0.0,0.0941776868314078,0.0940767272245868,0.0559268475686995,0.0187587076948453,0.0564549470366278
,,,,14.74609375,0.0,0.0927236561942807,0.0934330585564874,0.055801914124447,0.0186856801843228,0.0563900620936338
,,,,14.756944444444445,0.0,0.0928507918524952,0.0922044960441998,0.0551826721804419,0.0185443413646236,0.0555197862234992
,,,,14.767795138888888,0.0,0.0916073043185695,0.0910067416749015,0.0547797740027161,0.0183330508300986,0.0551577609295379
,,,,14.778645833333332,0.0,0.0904703739305106,0.0900981013346913,0.0540703124958476,0.0180216748846961,0.0536956160521957
,,,,14.789496527777777,0.0,0.0890276685508217,0.0898955914515566,0.0533597458110749,0.0180013279171355,0.0539570997495367
,,,,14.80034722222222,0.0,0.0883029134596276,0.0876790179218252,0.05312042921173,0.0174379726219518,0.0530244319247051
,,,,14.811197916666666,0.0,0.0863597062023671,0.0867955549111718,0.052083907243229,0.0174878346890895,0.0518835412409649
,,,,14.82204861111111,0.0,0.0851625567956775,0.0857417316699899,0.0515133529168965,0.0171360279768237,0.0517092038524414
,,,,14.832899305555555,0.0,0.0842949554391546,0.0848841407780604,0.0504046967663179,0.0168816652838427,0.0500245754079317
,,,,14.84375,0.0,0.0820693576078713,0.0833142855931983,0.0497776171832562,0.016476401742705,0.0498594720389413
,,,,14.854600694444445,0.0,0.0815238770506403,0.0816654643753703,0.048912555688228,0.0165614851755199,0.0493120427308437
,,,,14.865451388888888,0.0,0.0802522531312308,0.080450955564126,0.048525317505095,0.0157705279547699,0.0484111451992528
,,,,14.876302083333332,0.0,0.0789984787681577,0.0786961576861473,0.0476439080456742,0.0158283673141691,0.0473905698545675
,,,,14.887152777777777,0.0,0.0781069051313966,0.0767306979886155,0.0462416765899241,0.0153371354918866,0.0468261833103604
,,,,14.89800347222222,0.0,0.0755419324092057,0.0759244166570389,0.0461672535493686,0.015084559061359,0.0454991178693526
,,,,14.908854166666666,0.0,0.0741154947516624,0.0742559914192886,0.0443540205947312,0.0149374823835768,0.0446990215763917
,,,,14.91970486111111,0.0,0.0726570223568001,0.0722235644823506,0.0436598428532417,0.0145920187902094,0.043635175565394
,,,,14.930555555555555,0.0,0.0711491059755229,0.070387145565749,0.0427320978511391,0.0140939297117202,0.0427471040262458
,,,,14.94140625,0.0,0.0682928725193926,0.0682209078779938,0.0414603970878846,0.013812869639952,0.041717882088292
,,,,14.952256944444445,0.0,0.0682171617833771,0.0660506169586588,0.0401306660016876,0.013333415639828,0.039894598702457
,,,,14.963107638888888,0.0,0.0650872170921022,0.0656593469395344,0.0387635490306488,0.0130819755785777,0.0394120050633147
,,,,14.973958333333332,0.0,0.0631131262917551,0.0630304722186532,0.0386738151887948,0.0127990980951677,0.0386433858010912
,,,,14.984809027777777,0.0,0.0614309106334526,0.0615194194405078,0.0367089809257498,0.0122790643664697,0.0370244138378191
,,,,14.99565972222222,0.0,0.0603786542535356,0.0587357905587174,0.0351817184188707,0.0119793146761775,0.0354059901200634
,,,,15.006510416666666,0.0,0.0576957526662988,0.0576830436371176,0.0344012973707509,0.0115876100388478,0.034544409594136
,,,,15.01736111111111,0.0,0.0558875132670105,0.0551522001319912,0.0333754224682361,0.0110753985640485,0.0334850450013154
,,,,15.028211805555555,0.0,0.0533176325718835,0.0524194901240229,0.0320809502172497,0.0104839322978618,0.032020858513388
,,,,15.0390625,0.0,0.0516792215931821,0.0525064825534645,0.0308312964055429,0.0103604553439015,0.0307676043412389
,,,,15.049913194444445,0.0,0.0489717329016819,0.0495858181552638,0.0295343171223197,0.0098615124618784,0.0297339217894038
,,,,15.060763888888888,0.0,0.0474921478068125,0.047399598003524,0.0282279657148663,0.0095180107388661,0.027939992654181
,,,,15.071614583333332,0.0,0.0447453658572191,0.045732876356283,0.0273006218141461,0.0090432497516027,0.0271850698530445
,,,,15.082465277777777,0.0,0.0418516684487758,0.0424641303043239,0.0252183208882301,0.0084202752863381,0.0256216017702523
,,,,15.09331597222222,0.0,0.0410907443306495,0.0412987732914943,0.0239185288548893,0.008172937914009,0.0238080489446638
,,,,15.104166666666666,0.0,0.0382826367902604,0.038709321056387,0.0229230825564329,0.0075296231317376,0.0232630418691618
,,,,15.11501736111111,0.0,0.0353808142076448,0.0356662997030307,0.0218785108174025,0.0070975994117175,0.0215793552844484
,,,,15.125868055555555,0.0,0.0336137932892851,0.0330263801784623,0.02058043948468,0.0066526583087458,0.0197885066318171
,,,,15.13671875,0.0,0.0313416760728531,0.0309666253921365,0.0189599681099815,0.006336019032419,0.0189937434511594
,,,,15.147569444444445,0.0,0.0286263574559784,0.0290527553544631,0.0171864785061856,0.0056519858295247,0.0174512851511985
,,,,15.158420138888888,0.0,0.0262151399621606,0.0268219315713394,0.0161826143209334,0.0053821598536543,0.0155006213324364
,,,,15.169270833333332,0.0,0.0232380424299683,0.0235575454677952,0.0146752493781886,0.0049429665062665,0.0141721740591313
,,,,15.180121527777777,0.0,0.0219469984575573,0.021619395197736,0.0131356692998802,0.0045132536811934,0.0131889185555013
,,,,15.19097222222222,0.0,0.0194415982836995,0.0207821167654546,0.0118054444017438,0.0039317879718469,0.0113982824921865
,,,,15.201822916666666,0.0,0.0165582634536183,0.0171743042238016,0.0101321522055933,0.003363977467927,0.0106131733436402
,,,,15.21267361111111,0.0,0.0150805958858546,0.0141821931845116,0.0086575956154281,0.0029648914723992,0.0088700325189637
,,,,15.223524305555555,0.0,0.0122002534354583,0.0120458790809977,0.0069446536637287,0.002266871697373,0.0072284095474182
,,,,15.234375,0.0,0.0090791959721595,0.0101881640930487,0.0057980380836425,0.0018887907883505,0.0064126029880586
,,,,15.245225694444445,0.0,0.0079952117605664,0.008038917484542,0.0047945411471265,0.0013095861945898,0.0042555974523991
,,,,15.256076388888888,0.0,0.0052261026949655,0.0055530491106087,0.003030249746576,0.0009047474772173,0.0028210522940514
,,,,15.266927083333332,0.0,0.0027935939299181,0.0023697701713695,0.0014373246388525,0.0004663785280599,0.0013196065908799
,,,,15.277777777777777,0.0,-7.802823386270811e-05,-0.0003449472411038,0.0001573419823899,1.4504899372491009e-05,4.074538000668756e-05
,,,,15.28862847222222,-0.0,-0.0025913378702575,-0.0023654898073347,-0.0015692255519309,-0.0005137560152512,-0.0014382981576278
,,,,15.299479166666666,-0.0,-0.0055174468813533,-0.0047977681855757,-0.0026743721759066,-0.0011148228482156,-0.0028002251574591
,,,,15.31032986111111,-0.0,-0.006808659666212,-0.0073726873087094,-0.0043092590318215,-0.0015769873553179,-0.0039016644851199
,,,,15.321180555555555,-0.0,-0.0099797872228954,-0.0099470228212253,-0.0059518485567831,-0.0019966089970814,-0.0057676665734444
,,,,15.33203125,-0.0,-0.0129231251551976,-0.0117178424259049,-0.0068787146077888,-0.0026143983863959,-0.0068490000500103
,,,,15.342881944444445,-0.0,-0.0150111106139231,-0.0137901282800493,-0.0086873869983854,-0.0030399187201596,-0.008945374608864
,,,,15.353732638888888,-0.0,-0.0178418703055888,-0.0176037015852743,-0.0104499830339204,-0.0033839881978552,-0.0105898011261515
,,,,15.364583333333332,-0.0,-0.019441794983214,-0.0188675581188845,-0.0116728167257615,-0.0038949129110788,-0.01166298249255
,,,,15.375434027777777,-0.0,-0.0215774294775535,-0.0218820192767227,-0.0128152243637457,-0.0044141033563963,-0.0136787837252696
,,,,15.38628472222222,-0.0,-0.024384828256007,-0.0243500975281666,-0.0146792682038935,-0.0050070620018268,-0.0144051681195655
,,,,15.397135416666666,-0.0,-0.0272600621187199,-0.0269665545027573,-0.0159023979066725,-0.0053908312658683,-0.0158824118666768
,,,,15.40798611111111,-0.0,-0.0293828320934519,-0.0292192857567187,-0.0173685763920731,-0.0058498507146542,-0.017174034467272
,,,,15.418836805555555,-0.0,-0.0313600199253792,-0.030667202406602,-0.0189390549139409,-0.0064145420904748,-0.0192869644838964
,,,,15.4296875,-0.0,-0.0341514542807821,-0.0333048114458391,-0.019719570980093,-0.0066825046669863,-0.0200513799241113
,,,,15.440538194444445,-0.0,-0.0359304634277503,-0.0358091186996357,-0.0216694339394196,-0.007231300136674,-0.0217694584856128
,,,,15.451388888888888,-0.0,-0.0377560185444763,-0.0385683091262279,-0.0235750969890277,-0.0078720833782077,-0.0230670942802324
,,,,15.462239583333332,-0.0,-0.0418136949188103,-0.0407403027868354,-0.0238594973272022,-0.0081044155054959,-0.0239658293837261
,,,,15.473090277777777,-0.0,-0.0430454419536217,-0.0426585782371121,-0.0255303570423061,-0.0086089003376507,-0.0253815582894235
,,,,15.48394097222222,-0.0,-0.0446824885653587,-0.0452338020002853,-0.0269243333467103,-0.0089995211926677,-0.0268548306797497
,,,,15.494791666666666,-0.0,-0.0468495678143479,-0.0472932592822351,-0.0278456442041585,-0.0094708361619568,-0.0283938386630345
,,,,15.50564236111111,-0.0,-0.0491250827938491,-0.0505553657278068,-0.0295344391583812,-0.0098476494505096,-0.0298034458634741
,,,,15.516493055555555,-0.0,-0.0515067580584122,-0.050877719870601,-0.031459481113154,-0.0102386420532658,-0.0304184157287725
,,,,15.52734375,-0.0,-0.0529524623041744,-0.0532354331766269,-0.0322675470801414,-0.0106059195539402,-0.0323022687658873
,,,,15.538194444444445,-0.0,-0.0559133991055459,-0.0550953494274024,-0.033541134168532,-0.0109460647877861,-0.0329154646143584
,,,,15.549045138888888,-0.0,-0.0572291329029109,-0.0574484535029685,-0.0347483735254342,-0.0114150935723228,-0.0341529302146772
,,,,15.559895833333332,-0.0,-0.0599298695217948,-0.0595100506139806,-0.0352333424274829,-0.0119751064169504,-0.0354633090279667
,,,,15.570746527777777,-0.0,-0.0617770038674051,-0.061746836641164,-0.0369595804679314,-0.0122853272719405,-0.0366342025193508
,,,,15.58159722222222,-0.0,-0.0623352201091053,-0.0634117941245882,-0.0376691646611341,-0.01263973857637,-0.0380523326804431
,,,,15.592447916666666,-0.0,-0.0653406067073587,-0.0646553421577163,-0.0389582221119829,-0.0129055660444037,-0.0390656944808783
,,,,15.60329861111111,-0.0,-0.0674764184879283,-0.0667598386824604,-0.0400776723741686,-0.0134809702390947,-0.0401066214063755
,,,,15.614149305555555,-0.0,-0.068840894236638,-0.0687520036602172,-0.0417068448158951,-0.0137823558992359,-0.0416434974722689
,,,,15.625,-0.0,-0.0700608975160933,-0.0711396583676569,-0.0426429897619533,-0.0139870285331024,-0.0421801285121457
,,,,15.635850694444445,-0.0,-0.0720266512792256,-0.0724096832061718,-0.0435152428585356,-0.0143366537530259,-0.0434493208407684
,,,,15.646701388888888,-0.0,-0.0746016554280708,-0.0745967561228431,-0.0449091061799301,-0.0148865204319098,-0.0444646933073908
,,,,15.657552083333332,-0.0,-0.0757816359883683,-0.075966675389482,-0.0457494271865915,-0.0150827427367775,-0.0455016905544831
,,,,15.668402777777777,-0.0,-0.0767237381522575,-0.0769776014400337,-0.046318754764529,-0.0154920675528752,-0.0461985967696849
,,,,15.67925347222222,-0.0,-0.0787547488281406,-0.0793174252450975,-0.0470725057679834,-0.0157927006577326,-0.047749120586629
,,,,15.690104166666666,-0.0,-0.0805402521942886,-0.0801641354649259,-0.04784739430532,-0.0160049168159302,-0.0480947136867746
,,,,15.70095486111111,-0.0,-0.0807008441382693,-0.0815687143355894,-0.0496295210479313,-0.0163750017441004,-0.0487774753577721
,,,,15.711805555555555,-0.0,-0.0835981654242792,-0.0831822120918904,-0.0498497913807347,-0.016706463703987,-0.0503851630798941
,,,,15.72265625,-0.0,-0.0846547371159811,-0.0844709394098863,-0.0511328887603858,-0.0169005095918456,-0.0507706343341832
,,,,15.733506944444445,-0.0,-0.0855443902075165,-0.086276205055837,-0.0518875774784102,-0.0172437187171584,-0.0513688981066183
,,,,15.744357638888888,-0.0,-0.0872635160924916,-0.0871988016188193,-0.0526509016886859,-0.017419595136411,-0.0524077370715568
,,,,15.755208333333332,-0.0,-0.0881689043230229,-0.0881404386262442,-0.0524718622615084,-0.0176811466311586,-0.0528343184402516
,,,,15.766059027777777,-0.0,-0.0895329555369884,-0.0896421102994746,-0.0533813749206399,-0.0179669978037483,-0.0532230044417305
,,,,15.77690972222222,-0.0,-0.0904502923413702,-0.0899398918647381,-0.0540455524875143,-0.0179397600462996,-0.0542338677851511
,,,,15.787760416666666,-0.0,-0.0916900317562762,-0.0923009436378332,-0.0548306828752546,-0.0183596903358277,-0.0552441282326695
,,,,15.79861111111111,-0.0,-0.0919874036467633,-0.092217918624206,-0.055142852399064,-0.0182983978269996,-0.0556349802586443
,,,,15.809461805555555,-0.0,-0.0931273557127839,-0.0924266183685296,-0.055857402301068,-0.018759689450339,-0.0554890229335583
,,,,15.8203125,-0.0,-0.0936923145982155,-0.0936507899585266,-0.0561461426349832,-0.0190019230219989,-0.0559406014358034
,,,,15.831163194444445,-0.0,-0.0949411109813815,-0.0947319938489021,-0.0568468718036438,-0.0191267724456504,-0.056855071849343
,,,,15.842013888888888,-0.0,-0.095716398353074,-0.0961438382445315,-0.0576038499896822,-0.0191152759041742,-0.0573313389450871
,,,,15.852864583333332,-0.0,-0.0957482040676259,-0.0962383483288327,-0.0581105557277376,-0.0191975243961845,-0.0578346256917212
,,,,15.863715277777777,-0.0,-0.097529024497856,-0.0962997127507333,-0.0579633168208834,-0.0194583817367364,-0.05825929021035
,,,,15.87456597222222,-0.0,-0.0973447534657997,-0.0969851591513298,-0.059279466191758,-0.0196160316943328,-0.0584904595454908
,,,,15.885416666666666,-0.0,-0.0985007663736829,-0.0988522698134853,-0.0591919956192643,-0.0194617648878913,-0.0591933213755061
,,,,15.89626736111111,-0.0,-0.0983323675241891,-0.0978959282665008,-0.0594851348774947,-0.0195608936313063,-0.059462632603209
,,,,15.907118055555555,-0.0,-0.0985411901042062,-0.0987594899206693,-0.0597944665573288,-0.0197805243288134,-0.0596628562235295
,,,,15.91796875,-0.0,-0.0994510353673208,-0.0988210645223145,-0.0595757033481999,-0.0198823003633419,-0.0596104181135448
,,,,15.928819444444445,-0.0,-0.099402846163503,-0.0995807815885482,-0.0604048442328036,-0.0197558489746124,-0.0596140977115318
,,,,15.939670138888888,-0.0,-0.1001793547450911,-0.1006907935552323,-0.0602691386058214,-0.0198418462629372,-0.0597381595004754
,,,,15.950520833333332,-0.0,-0.0995060462508693,-0.1005548527991068,-0.06006750658599,-0.0199955141605494,-0.0594678879307098
,,,,15.961371527777777,-0.0,-0.0994647515380992,-0.0990755097388755,-0.0598528913777247,-0.020079256661028,-0.0597837754399359
,,,,15.97222222222222,-0.0,-0.0998389910574658,-0.1000105811354006,-0.0601309746737641,-0.0202057397550062,-0.0599865981997357
,,,,15.983072916666666,-0.0,-0.1003329489268614,-0.1003255173078643,-0.0601605982403801,-0.0199877756656653,-0.0596119870108314
,,,,15.99392361111111,-0.0,-0.1000369069984564,-0.1001740129868094,-0.0602331805398984,-0.0199775451834749,-0.0600407175024783
,,,,16.004774305555554,-0.0,-0.099829852369395,-0.0998006658287216,-0.0596812790582737,-0.019914702465781,-0.0595645807458665
,,,,16.015625,-0.0,-0.0994281043047615,-0.0998902136043204,-0.0600245728233997,-0.0196673617056845,-0.0596344219852802
,,,,16.026475694444443,-0.0,-0.0987418029856946,-0.0995481432267433,-0.06000482074414,-0.019706068543041,-0.059678530814408
,,,,16.03732638888889,-0.0,-0.0986052695469646,-0.0989080644715691,-0.0592625460565294,-0.0197389693055898,-0.0590757172464575
,,,,16.048177083333332,-0.0,-0.099480522122596,-0.0986034005904841,-0.0592151153027569,-0.0198742277659404,-0.0590975705443907
,,,,16.05902777777778,-0.0,-0.0982538564486393,-0.0977765631214594,-0.0591469433273281,-0.0196098428225583,-0.0587236712840383
,,,,16.06987847222222,-0.0,-0.0979480395063144,-0.0972464075300928,-0.0582107606957671,-0.0194668709317684,-0.0591581575417757
,,,,16.080729166666668,-0.0,-0.0966875823454088,-0.0978941261218085,-0.0576964001142683,-0.0192539878535806,-0.0585885354118548
,,,,16.09157986111111,-0.0,-0.0952069140302072,-0.0963849794316461,-0.0577702296013674,-0.0192823073971089,-0.0581354724111237
,,,,16.102430555555554,-0.0,-0.0953426907396177,-0.0952936881007572,-0.0574533737002979,-0.0191936004042763,-0.0569646470380026
,,,,16.11328125,-0.0,-0.0955678624131521,-0.0951591359835457,-0.0567146776746385,-0.0189651251752767,-0.0567068790802557
,,,,16.124131944444443,-0.0,-0.0941554795769562,-0.0950339629878919,-0.0564085330224967,-0.0188898445017314,-0.0555922665998362
,,,,16.13498263888889,-0.0,-0.0935411514258582,-0.0931700236598054,-0.0558052706164975,-0.0186678379044331,-0.0559021690090973
,,,,16.145833333333332,-0.0,-0.0913371310568981,-0.0916806286961087,-0.0559883970895923,-0.0182722784474059,-0.0552149184834736
,,,,16.15668402777778,-0.0,-0.0905530827206662,-0.090929330856471,-0.0547530423855068,-0.0183271271622556,-0.0545455706567654
,,,,16.16753472222222,-0.0,-0.0900950436233655,-0.0908997600820676,-0.0539907282472017,-0.0180262189995561,-0.0540723659715242
,,,,16.178385416666668,-0.0,-0.0896061078036491,-0.08975372492764,-0.0534436425121565,-0.0178901940016904,-0.0537475259725227
,,,,16.18923611111111,-0.0,-0.0879279352257527,-0.0874805400340999,-0.0531208584565391,-0.8860796809949806,-0.0523472243144628
,,,,16.200086805555554,-0.0,-0.0865305230991171,-0.0865807960142893,-0.0526764552548641,-0.8808737726412935,-0.052104918303418
,,,,16.2109375,-0.0,-0.0856618718574486,-0.0864032678686788,-0.051521530065114,-0.8584633799399006,-0.0512349527135642
,,,,16.221788194444443,-0.0,-0.0840194076441451,-0.0843400793403565,-0.0507622669911523,-0.8455934314503611,-0.0509144175199325
,,,,16.23263888888889,-0.0,-0.0823085366686503,-0.0837324160724209,-0.0498561644825069,-0.8329265684242937,-0.0499146538791074
,,,,16.243489583333332,-0.0,-0.0822662674538404,-0.0823501704924402,-0.0494034514339811,-0.8141517321030826,-0.049194001753871
,,,,16.25434027777778,-0.0,-0.0802811327897094,-0.0813364844837742,-0.0482191752968319,-0.8064234487706041,-0.0477711788691107
,,,,16.26519097222222,-0.0,-0.0783956378054439,-0.0787431402183417,-0.0468598317076612,-0.7823545503257884,-0.0476054585778917
,,,,16.276041666666668,-0.0,-0.0764782514697987,-0.0768661997098496,-0.0459786208502875,-0.7828194135309392,-0.0464912763167883
,,,,16.28689236111111,-0.0,-0.076914189071838,-0.0751614875411227,-0.0456123281369731,-0.7663023716417778,-0.0452228977690424
,,,,16.297743055555554,-0.0,-0.0736677773254645,-0.0736678209289283,-0.0444574523765635,-0.7457675547816676,-0.0444747962787147
,,,,16.30859375,-0.0,-0.0733413059399147,-0.0724287072868128,-0.0432582097709504,-0.722724603763539,-0.0432558339206385
,,,,16.319444444444443,-0.0,-0.0707149876799274,-0.0712192187918772,-0.042789487888116,-0.7092084756123386,-0.04258738060209
,,,,16.33029513888889,-0.0,-0.0691531095719033,-0.0697883106002148,-0.0407992355557112,-0.6903809522469508,-0.0414420480061785
,,,,16.341145833333332,-0.0,-0.0678824379107908,-0.0679914971798318,-0.0399611766650617,-0.6684778841642192,-0.0405009613824092
,,,,16.35199652777778,-0.0,-0.0646932636285529,-0.0649735299546955,-0.0391914793803714,-0.642653419066066,-0.0392349620272492
,,,,16.36284722222222,-0.0,-0.0635223420978999,-0.0639965547365545,-0.0385483141503849,-0.6390740802945021,-0.0376826395622581
,,,,16.373697916666668,-0.0,-0.062077538616249,-0.0604471737795215,-0.037091155656294,-0.6202644976694496,-0.0369411348829398
,,,,16.38454861111111,-0.0,-0.0600097472804165,-0.0586530351806453,-0.035524350671939,-0.593923922566067,-0.0355557508157132
,,,,16.395399305555554,-0.0,-0.056931713065403,-0.0574668743408754,-0.0343707524571686,-0.5821241126606722,-0.0344353453438066
,,,,16.40625,-0.0,-0.0560467272238546,-0.0550546753063093,-0.0328353789532033,-0.5508855296676595,-0.0332448507479681
,,,,16.417100694444443,-0.0,-0.053177051897517,-0.0519681017715387,-0.0322280749812278,-0.526605547925356,-0.0325053826347669
,,,,16.42795138888889,-0.0,-0.0519736276075604,-0.0518423547102812,-0.0308250948856948,-0.5248804282395914,-0.0308208145070073
,,,,16.438802083333332,-0.0,-0.0494976386165574,-0.0495247254961307,-0.0297990009118505,-0.4940633723075406,-0.0292477335819669
,,,,16.44965277777778,-0.0,-0.0469100884388066,-0.0478892028104417,-0.0283941560822046,-0.4637637491074643,-0.0279256261158851
,,,,16.46050347222222,-0.0,-0.0449918605816658,-0.0450392150275407,-0.0267415552430984,-0.4479898391334211,-0.0268878958049761
,,,,16.471354166666668,-0.0,-0.0425846222786508,-0.0431519568635613,-0.0260988889096015,-0.434438867738646,-0.0257244575793639
,,,,16.48220486111111,-0.0,-0.0408415831764556,-0.0405873622068523,-0.0239346824251057,-0.404808828493311,-0.0240143008379442
,,,,16.493055555555554,-0.0,-0.0385512144801328,-0.0378564632925301,-0.0227220304967658,-0.3780676996580711,-0.0230230300885853
,,,,16.50390625,-0.0,-0.0362421964287199,-0.035829929765353,-0.0217598463850711,-0.3542154043086994,-0.0218578677155145
,,,,16.514756944444443,-0.0,-0.0331844216576566,-0.0337540271582381,-0.0205505790660126,-0.3389017946795532,-0.0202100214139279
,,,,16.52560763888889,-0.0,-0.0299797420430946,-0.0313512473359333,-0.0188883618579867,-0.3065362723053974,-0.0189335586198702
,,,,16.536458333333332,-0.0,-0.029363652319762,-0.0289617806064726,-0.0176411252349055,-0.2828673451449013,-0.0174987721474272
,,,,16.54730902777778,-0.0,-0.0271595861214323,-0.0269426270988876,-0.0160335402605796,-0.2618708809210111,-0.0160190515646225
,,,,16.55815972222222,-0.0,-0.0237959778829174,-0.0248879176514415,-0.0151802364985897,-0.2373821798788969,-0.0142501413429631
,,,,16.569010416666668,-0.0,-0.0222234760830112,-0.0211767322469647,-0.0137046249255963,-0.2180153720207809,-0.0134603972640224
,,,,16.57986111111111,-0.0,-0.0194753840168829,-0.0199516646197437,-0.0119556738104248,-0.1984859536631825,-0.011519102950929
,,,,16.590711805555554,-0.0,-0.0173818386109336,-0.0169195682031336,-0.0103230924644081,-0.1600025295867057,-0.0098747094101562
,,,,16.6015625,-0.0,-0.0150538357712818,-0.0154789342528733,-0.008948912772041,-0.1493863572687717,-0.008765903345442
,,,,16.612413194444443,-0.0,-0.0121368031117981,-0.0123338295930578,-0.0072377567960228,-0.124589426989475,-0.0074097706811918
,,,,16.62326388888889,-0.0,-0.0094930847829337,-0.0095762553857809,-0.0059928291803575,-0.0955721238786181,-0.0055723461752828
,,,,16.634114583333332,-0.0,-0.0067492387359826,-0.0073582756607711,-0.0041499283197806,-0.0705576902370515,-0.0042249825874829
,,,,16.64496527777778,-0.0,-0.0050566109843807,-0.0052060325442184,-0.0027104733874504,-0.0488383330141206,-0.0025202370918821
,,,,16.65581597222222,-0.0,-0.0014187425308559,-0.001987878338671,-0.0016919609920298,-0.0196066387336603,-0.0015238466978737
,,,,16.666666666666664,-0.0,-0.0003125791201502,-0.0007227038249441,0.0002781315864271,-0.0028128355130074,0.0001352577246714
,,,,16.67751736111111,0.0,0.0029820960975803,0.0017884909499782,0.0013629128633308,0.0270943862814023,0.0014063766980976
,,,,16.688368055555554,0.0,0.0049653708321475,0.0045803496632257,0.0029373460899997,0.0499391952484621,0.0025733759995839
,,,,16.69921875,0.0,0.0080428563269328,0.0077194445547862,0.004513303833065,0.0707802803059285,0.0044261517862809
,,,,16.710069444444443,0.0,0.0096463868297935,0.0098430166801259,0.0061867245100511,0.1023883067133831,0.0053115874531283
,,,,16.72092013888889,0.0,0.0117273427948611,0.0116654324549462,0.007228589874395,0.1192958310662287,0.0073085630772468
,,,,16.731770833333332,0.0,0.0152322694361238,0.0141406538070434,0.0085735146890638,0.1405542860074075,0.0089891754880559
,,,,16.74262152777778,0.0,0.0176127750125412,0.0180323666185834,0.0103906995211924,0.1725824393344931,0.0102799298153256
,,,,16.75347222222222,0.0,0.0191938904804354,0.019896057091638,0.0119468354092174,0.1967051936087581,0.0115342769900139
,,,,16.764322916666664,0.0,0.0223872601889573,0.0217230901042894,0.0131992936347118,0.2189808818652357,0.0130928213709483
,,,,16.77517361111111,0.0,0.0244021282182594,0.0249013892576924,0.0151603732589394,0.234411595013756,0.0143095570824064
,,,,16.786024305555554,0.0,0.027070232372234,0.0263606375382282,0.0158015578802683,0.265069853088722,0.0158783944623821
,,,,16.796875,0.0,0.0297552191703537,0.029083970021412,0.0176089493191924,0.2941796499176893,0.0172095591430439
,,,,16.807725694444443,0.0,0.0314509667860513,0.0315708317206307,0.0189840732689933,0.3197108127895996,0.0188285036448195
,,,,16.81857638888889,0.0,0.0344228025564711,0.0333825697689459,0.0200298156465448,0.3311669715675384,0.0201209299554384
,,,,16.829427083333332,0.0,0.0366054583501426,0.0358714223975176,0.0220052414037167,0.3619372303541607,0.0214753761919869
,,,,16.84027777777778,0.0,0.0380883965462217,0.0382924931259431,0.023575798802855,0.3870705792839423,0.0227006389756685
,,,,16.85112847222222,0.0,0.0401457009089507,0.0415433827286627,0.0242280208509674,0.4002210503681321,0.0238588070433662
,,,,16.861979166666664,0.0,0.0422780359244872,0.0430537163362143,0.0251298933897847,0.4240514358088378,0.0258754403037608
,,,,16.87282986111111,0.0,0.0442842982260684,0.0440239492719944,0.0267379484909569,0.4479288980976007,0.0267233114819746
,,,,16.883680555555554,0.0,0.0475839084795471,0.0473731376288501,0.0281925376876733,0.4679246500904475,0.0281042446497329
,,,,16.89453125,0.0,0.0501768474596888,0.0482838487187291,0.0294897175087871,0.4895422434309475,0.0292523260525827
,,,,16.905381944444443,0.0,0.0516553861995481,0.0508654974587692,0.5172033627196642,0.5124245933974564,0.0305384137482072
,,,,16.91623263888889,0.0,0.0539126267376075,0.0532894991730693,0.5346934988998849,0.5322186469402602,0.0321417196954127
,,,,16.927083333333332,0.0,0.0558022754814654,0.0552769855815519,0.5514833770136157,0.5490479641482153,0.0333021370284117
,,,,16.93793402777778,0.0,0.0571269894526898,0.0569997057451832,0.5785685671128068,0.5699597987597851,0.0346804551767732
,,,,16.94878472222222,0.0,0.0602034171860339,0.0596076629855483,0.5954185911949306,0.6002183798751035,0.0352335839267476
,,,,16.959635416666664,0.0,0.0619556366183191,0.0606405701514929,0.6116033268429902,0.6151416181136072,0.0370433559415243
,,,,16.97048611111111,0.0,0.0628966369519654,0.0631389090904536,0.62890182661931,0.6384653119555784,0.0373973945643403
,,,,16.981336805555554,0.0,0.0653260991405988,0.0644165280310251,0.6508722500050196,0.65586500127112,0.0392840780960538
,,,,16.9921875,0.0,0.0676012532304823,0.0670246797342976,0.6737282572026917,0.6804595012714465,0.0405043118653968
,,,,17.003038194444443,0.0,0.0687209767678994,0.0698779182117119,0.6982772705526449,0.6914704159024245,0.0418659973127588
,,,,17.01388888888889,0.0,0.0715581147131792,0.0710758901309438,0.6975608413654005,0.7096546912182559,0.0426345966777048
,,,,17.024739583333332,0.0,0.0729147227453265,0.0723748004761687,0.7238236937225513,0.7232830704077279,0.0433986097897849
,,,,17.03559027777778,0.0,0.073378583278854,0.0748400639312983,0.7487608542695725,0.7374479972555041,0.0446004390862839
,,,,17.04644097222222,0.0,0.0761416393826558,0.0757685116412752,0.7675073325506381,0.7576392020492465,0.0455528431400531
,,,,17.057291666666664,0.0,0.0773782211157576,0.0777281835820676,0.7641909299428683,0.7752048247457964,0.0465716202461303
,,,,17.06814236111111,0.0,0.078873526649429,0.0787171436304458,0.7912486477963943,0.7948180614891401,0.0470236029187773
,,,,17.078993055555554,0.0,0.0805363976071078,0.0798797906918354,0.8101344984915977,0.8161015251930228,0.0483272971599225
,,,,17.08984375,0.0,0.0817182780058306,0.0810540431072949,0.8095429443009637,0.8105335254697574,0.0491557459350019
,,,,17.100694444444443,0.0,0.083755186783442,0.0829423284870748,0.8367697138604923,0.8259712479213837,0.0495068854961493
,,,,17.11154513888889,0.0,0.0844038306420063,0.0849182524289161,0.8468359725989203,0.8468106879900466,0.0502097494363889
,,,,17.122395833333332,0.0,0.0856546424727151,0.085002156178964,0.8518716314520592,0.8583591726798623,0.0514228847354834
,,,,17.13324652777778,0.0,0.0868629401191157,0.0864765076096924,0.8749606451811365,0.8686366524748478,0.051805128021964
,,,,17.14409722222222,0.0,0.0884760363334525,0.087443542050887,0.8839225826205956,0.8797007773830334,0.0530818396308251
,,,,17.154947916666664,0.0,0.0888709196233391,0.0895864897067055,0.8933311436630187,0.8886992493449071,0.0536806126692861
,,,,17.16579861111111,0.0,0.090462324633264,0.0912045190138145,0.903323835542014,0.9057428753343852,0.0543274476780305
,,,,17.176649305555554,0.0,0.091365225273461,0.0907692821360454,0.9073499344575704,0.9181698488865058,0.0550435135953092
,,,,17.1875,0.0,0.0922353136212353,0.0927321098574788,0.9221446579511348,0.9273433738735942,0.0556291933577814
,,,,17.198350694444443,0.0,0.0930782754526821,0.0930473819629083,0.9360878910796648,0.9299853724983986,0.0560204484285086
,,,,17.20920138888889,0.0,0.0945549521011955,0.0942050551031735,0.9477194871946222,0.9413402670736593,0.0569482698118518
,,,,17.220052083333332,0.0,0.9515994701082012,0.0952791844820092,0.9478154570581554,0.9533578431754604,0.0570142965866915
,,,,17.23090277777778,0.0,0.960486841836196,0.0963618837905657,0.956004372819908,0.9553441978893394,0.05719052949348
,,,,17.24175347222222,0.0,0.9572498776041148,0.0966907192674124,0.9584921078025136,0.9551820861188643,0.057868693794005
,,,,17.252604166666664,0.0,0.9663623658804948,0.096965380971358,0.9711839622245628,0.9692815413166006,0.0584788767226044
,,,,17.26345486111111,0.0,0.9794650022585428,0.0983186249490754,0.9716175761768168,0.9737562535803412,0.0586938277371738
,,,,17.274305555555554,0.0,0.9736305090917334,0.0977666086682494,0.9775631771000308,0.9809576091175984,0.0589262118571278
,,,,17.28515625,0.0,0.9824744049835008,0.0978946021025689,0.9901536993964888,0.9785203755126372,0.0586978309036315
,,,,17.296006944444443,0.0,0.9930693237374284,0.0996020406037102,0.9893396110734336,0.9883529363669687,0.0588380951159641
,,,,17.30685763888889,0.0,0.9891901135821004,0.0992941430696517,1.001281556994006,0.994002893436152,0.0590353967023363
,,,,17.317708333333332,0.0,1.0010378520283063,0.1003297240463208,0.9966642547706768,0.990251319275004,0.0597932856913568
,,,,17.32855902777778,0.0,1.0031807411092075,0.0993928581585714,1.001862839328066,0.9996755385555518,0.0600150596336237
,,,,17.33940972222222,0.0,0.9973150304557252,0.0996404285215562,0.996426782364521,1.002585527699616,0.0598676372809074
,,,,17.350260416666664,0.0,1.002189532380848,0.0997630493271462,1.007195852606359,1.0022221613762914,0.0599201760756116
,,,,17.36111111111111,0.0,1.0060176819687598,0.1008437685877886,0.9944023369619424,0.9941025326328214,0.0596994689294717
,,,,17.371961805555554,0.0,0.9983791846410188,0.0995188832504045,0.998849958955255,1.0010944393928516,0.0595270677670682
,,,,17.3828125,0.0,0.9956260435883764,0.1000650094158304,0.9921481494280152,1.0038391187961135,0.0603774484685385
,,,,17.393663194444443,0.0,0.9936729752635802,0.0991802725652648,1.0021011616287996,0.9970860451047086,0.0597654623251081
,,,,17.40451388888889,0.0,0.9912962831268132,0.0996304791528756,0.992013952941414,0.9924842158318868,0.0598243004693826
,,,,17.415364583333332,0.0,0.9969019578887278,0.0985453918748265,0.9920050219359626,0.9894773195391614,0.0590062939539477
,,,,17.42621527777778,0.0,0.9872637987593677,0.0988317232377794,0.9887257657322084,0.9946827203680144,0.0584695484113947
,,,,17.43706597222222,0.0,0.9748103663275742,0.0980600562639384,0.9808188225649166,0.9827760476932949,0.0591590064338109
,,,,17.447916666666664,0.0,0.9728920716870576,0.0983411427508092,0.9841452770059452,0.9850992445794614,0.058820141641609
,,,,17.45876736111111,0.0,0.97622481527295,0.097737295395168,0.985059350536666,0.9787686975650972,0.0583586146334492
,,,,17.469618055555554,0.0,0.9780942904274972,0.0972749497751413,0.9614109075193548,0.9711183803054162,0.05841343987206
,,,,17.48046875,0.0,0.9687503437917416,0.0953562149585581,0.967208141515626,0.9652960806766973,0.0578630317758282
,,,,17.491319444444443,0.0,0.9675215219345078,0.0961957844763252,0.9611946066059722,0.9490553168541788,0.0572222607242431
,,,,17.50217013888889,0.0,0.946844877223462,0.0948807396383155,0.9511849812637644,0.9527410950317424,0.0567929745447904
,,,,17.513020833333332,0.0,0.9422819146145524,0.0942196412926087,0.9392259246582004,0.9415677447289212,0.056360759613656
,,,,17.52387152777778,0.0,0.9387369746680048,0.0928950246468726,0.938465896525436,0.941754060361992,0.0561267526661746
,,,,17.53472222222222,0.0,0.9301847112693004,0.093201770980578,0.9237716379714186,0.923907185939204,0.0551635499141939
,,,,17.545572916666664,0.0,0.9183464460541512,0.0914719854873828,0.9110787954264564,0.913096758156382,0.0547939832529578
,,,,17.55642361111111,0.0,0.9085824162427916,0.0897247287732089,0.9129735730149128,0.9012384606351084,0.0543133304979782
,,,,17.567274305555554,0.0,0.8853452952822657,0.0892753289973987,0.8929565043696356,0.8980965385281013,0.0535276757657914
,,,,17.578125,0.0,0.8821628572699974,0.0885386187639112,0.8836440790915473,0.8812652568462912,0.0532495435769692
,,,,17.588975694444443,0.0,0.8749718438673164,0.0867978009746793,0.8656141978574928,0.8660709650609044,0.0516415958376917
,,,,17.59982638888889,0.0,0.8537338751935443,0.085002319651732,0.8564023189593363,0.8556855862302148,0.0515363701669467
,,,,17.610677083333332,0.0,0.849181947773358,0.0842655952741806,0.8506152856967029,0.8441912837431517,0.0513143614266589
,,,,17.62152777777778,0.0,0.8329113222887411,0.0834879835953883,0.8425666850230156,0.8346674570769725,0.0496764905933037
,,,,17.63237847222222,0.0,0.8149208958790352,0.0817442605612456,0.8116298654699827,0.820678469437744,0.0489606795011384
,,,,17.643229166666664,0.0,0.8030839879685451,0.0805105712257023,0.8121151154430815,0.8071087565940621,0.0482367235058755
,,,,17.65407986111111,0.0,0.794493195429,0.0790694691662938,0.7882919520265539,0.7820679054347682,0.0479419700545603
,,,,17.664930555555554,0.0,0.7696076570825408,0.0773725619949255,0.7807790024203761,0.7725910588041904,0.0462841489344933
,,,,17.67578125,0.0,0.7537209576929058,0.075124104024394,0.7645590581405138,0.7508601154661713,0.0454292877684154
,,,,17.686631944444443,0.0,0.7318719812668056,0.0748107845176817,0.7347557743560785,0.7397538454213436,0.0439647656437755
,,,,17.69748263888889,0.0,0.7167584915542481,0.0728290243753294,0.7181744607625903,0.7228835691417441,0.0434061828620738
,,,,17.708333333333332,0.0,0.7034127423259451,0.0703093767027022,0.7143119335493743,0.7088740878016864,0.0427482229247791
,,,,17.71918402777778,0.0,0.6902206200248141,0.0695618181086732,0.6850291057818132,0.6892328699581538,0.0411857664659424
,,,,17.73003472222222,0.0,0.6688625213931589,0.0681729904819557,0.6691726851946972,0.6693055073818525,0.0403377455912746
,,,,17.740885416666664,0.0,0.6621993439915961,0.064667766945092,0.6468432648850304,0.6491611450332506,0.0397764960302537
,,,,17.75173611111111,0.0,0.6266785265450971,0.0638562381121036,0.6392175752290968,0.6383544147038729,0.0377947504683337
,,,,17.762586805555554,0.0,0.6157549567019025,0.0616143891223691,0.6217583795445271,0.6132318955223032,0.0368697744083442
,,,,17.7734375,0.0,0.5933960043926708,0.0593756641918831,0.5995233168854973,0.5988754444740366,0.0357540363244143
,,,,17.784288194444443,0.0,0.5754435523204062,0.0585871683571581,0.5740011605821371,0.5655694589819695,0.0343136094457913
,,,,17.79513888888889,0.0,0.5528718874042183,0.0562746623444268,0.5489242060893814,0.5513987409721033,0.0330980557784194
,,,,17.805989583333332,0.0,0.5347857620623395,0.0537760006642371,0.5295764172160538,0.5384259286639117,0.0314371640092899
,,,,17.81684027777778,0.0,0.5182861144320042,0.0512612869476497,0.508979797811938,0.5138741334171393,0.0309360390687123
,,,,17.82769097222222,0.0,0.4901176750669415,0.0497204876205247,0.4857508885494049,0.4936868235190025,0.0298903659393159
,,,,17.838541666666664,0.0,0.4672180534603337,0.0468405362733998,0.4753661819286013,0.4743947892592118,0.0284438063205828
,,,,17.84939236111111,0.0,0.4485655668016481,0.0455779044366942,0.4489827084097405,0.4537464235464223,0.0268803881246185
,,,,17.860243055555554,0.0,0.4278578191953692,0.0430302689557288,0.4214452926023943,0.4241923670030452,0.0259832781568748
,,,,17.87109375,0.0,0.4021463121168366,0.0408690448014505,0.4082765906272025,0.404150350869533,0.0242334290494706
,,,,17.881944444444443,0.0,0.3816217878386779,0.0382297291601163,0.383381667289673,0.3862550236522581,0.023401227023949
,,,,17.89279513888889,0.0,0.3556917337870032,0.0357611329851598,0.3627174608356646,0.3536930917650246,0.0216974188633914
,,,,17.903645833333332,0.0,0.3380099669952758,0.0348901133451771,0.3402315010421357,0.3328120315934178,0.0206185803355034
,,,,17.91449652777778,0.0,0.3138274361071463,0.0316409621905847,0.3083509720493794,0.3166509240365835,0.019361882132998
,,,,17.92534722222222,0.0,0.2899506140653621,0.0286945090410442,0.2923199785567628,0.2940347984455932,0.017418077341024
,,,,17.936197916666664,0.0,0.271376191111168,0.0269210636119522,0.269871741090141,0.2653958146162691,0.0158685996546831
,,,,17.94704861111111,0.0,0.2362453418484585,0.02416430272692,0.2380462819082323,0.2411253325169628,0.0149506239976424
,,,,17.957899305555554,0.0,0.2245466045013198,0.022104773827585,0.2252625917811019,0.22184626925084,0.0136431902603795
,,,,17.96875,0.0,0.1924840694063024,0.0190904929911504,0.190651759788629,0.2007773920687634,0.0112194224957635
,,,,17.979600694444443,0.0,0.1692764984093839,0.0173768390205603,0.1704620903007014,0.1743381400615336,0.0100996564705488
,,,,17.99045138888889,0.0,0.1499227404992079,0.0141418174321642,0.1497590562297236,0.1396857366114081,0.0090372203365517
,,,,18.001302083333332,0.0,0.1280970809384801,0.0127269595444803,0.1213254311192682,0.1125893645884809,0.0074168984244112
,,,,18.01215277777778,0.0,0.0977426648634979,0.0099213994529247,0.0964497656365238,0.0959313756267469,0.0064757878267129
,,,,18.02300347222222,0.0,0.0675020492034969,0.0069298253386517,0.0771657488387561,0.0766041484542457,0.004709499531223
,,,,18.033854166666664,0.0,0.0476395741984766,0.0048918789475493,0.0612656956212977,0.0495599025887893,0.0029598631551592
,,,,18.04470486111111,0.0,0.0168681043003917,0.0029742891504657,0.0210930153409103,0.0340062681700405,0.0014533806955728
,,,,18.055555555555557,0.0,-0.0045690023516059,-0.0001387031446621,0.0053317039632026,0.005396826585572,-0.0001680428579052
,,,,18.06640625,-0.0,-0.0245090903780757,-0.0030801520175541,-0.0179681497486228,-0.0245348844552301,-0.001037257370886
,,,,18.077256944444443,-0.0,-0.0477550032085888,-0.0054168878647878,-0.055017258218568,-0.0497030191560577,-0.0026862140688659
,,,,18.08810763888889,-0.0,-0.0744164064745776,-0.0069430628983169,-0.0827698296402046,-0.0766340035066098,-0.0044604177947062
,,,,18.09895833333333,-0.0,-0.0947030962821497,-0.0099100159783238,-0.1017191635379421,-0.0921884383899853,-0.0059214830031121
,,,,18.10980902777778,-0.0,-0.1256842247703601,-0.0119023743044188,-0.1184439112226928,-0.1214113897749358,-0.006987632373309
,,,,18.12065972222222,-0.0,-0.1399444156689829,-0.0156545111484754,-0.145686413135001,-0.1366117175039102,-0.0090089251615477
,,,,18.131510416666664,-0.0,-0.1708896277055381,-0.0173595686281242,-0.1726382929547328,-0.1695047760377558,-0.0102805813178966
,,,,18.14236111111111,-0.0,-0.1885753944636561,-0.0197094842870999,-0.187628036411132,-0.1930936921710536,-0.0114342325022643
,,,,18.153211805555557,-0.0,-0.2199980711698001,-0.0214924750404611,-0.2183221875413356,-0.2182721393220885,-0.0126609663000718
,,,,18.1640625,-0.0,-0.2378271027577065,-0.0240026970940367,-0.2422957683067588,-0.2325778527176199,-0.015001332991922
,,,,18.174913194444443,-0.0,-0.2608072311100083,-0.0270449134858806,-0.2710247700378345,-0.2677897367346531,-0.0161905444954167
,,,,18.18576388888889,-0.0,-0.2921088113454668,-0.0291827828029439,-0.2841854420640573,-0.2828360485202884,-0.0177643443138634
,,,,18.19661458333333,-0.0,-0.3115564295472396,-0.0316029447329168,-0.3107679643593185,-0.3177736624006013,-0.0191519520137157
,,,,18.20746527777778,-0.0,-0.3326103938923434,-0.0335824677640218,-0.3343093908680224,-0.3360081900610115,-0.0204568083326151
,,,,18.21831597222222,-0.0,-0.3650359601643791,-0.0361130296344027,-0.3614475431727454,-0.3581828798324294,-0.0211319251475041
,,,,18.229166666666664,-0.0,-0.3833771504325434,-0.0383189445740011,-0.3879298227609569,-0.3874292760947337,-0.0229404989828483
,,,,18.24001736111111,-0.0,-0.4093361993063511,-0.0411073669300872,-0.4010623468874085,-0.4074708337537713,-0.024478309198609
,,,,18.250868055555557,-0.0,-0.4268820565541091,-0.042943698046347,-0.4348726174435534,-0.4335521636794002,-0.0259549861026613
,,,,18.26171875,-0.0,-0.4524439065439734,-0.044769176507686,-0.4477384748681556,-0.4522965083771195,-0.0272698323166704
,,,,18.272569444444443,-0.0,-0.4749142693500711,-0.046832478823109,-0.4712133534422311,-0.4769548194427918,-0.0280477136666625
,,,,18.28342013888889,-0.0,-0.4957962337885295,-0.0487244975939529,-0.4832160545292268,-0.4941130649853077,-0.0291358302602859
,,,,18.29427083333333,-0.0,-0.5149757968815102,-0.051456356847241,-0.5140243856904616,-0.5168197724003277,-0.0309563090237157
,,,,18.30512152777778,-0.0,-0.5350894125382373,-0.0526043472779845,-0.531042963523228,-0.5354514263782466,-0.0316670644731493
,,,,18.31597222222222,-0.0,-0.554779167226259,-0.0562302534721985,-0.5555272993986973,-0.5569148551195464,-0.0328121567939316
,,,,18.326822916666664,-0.0,-0.5814601113960488,-0.0574908750631821,-0.5802257210081309,-0.5750941642790375,-0.0343685729916439
,,,,18.33767361111111,-0.0,-0.5991780774290608,-0.0595956959969367,-0.6120029537019789,-0.5884746576572389,-0.0355270461477455
,,,,18.348524305555557,-0.0,-0.6219539382729787,-0.0614024701454825,-0.6135643889348101,-0.6154240401077963,-0.0371706295815666
,,,,18.359375,-0.0,-0.6271948928216632,-0.0634657612779778,-0.6380077624958147,-0.6335572150731931,-0.0375296551367351
,,,,18.370225694444443,-0.0,-0.6505322510746622,-0.0649545226100847,-0.655578569764786,-0.649881631819409,-0.0393038249135465
,,,,18.38107638888889,-0.0,-0.6720763869434208,-0.0673326287422742,-0.66715697799454,-0.6698415592201393,-0.0398533416340542
,,,,18.39192708333333,-0.0,-0.6897265215037054,-0.069318707894522,-0.6785360044783038,-0.6875809728059429,-0.0411861685831316
,,,,18.40277777777778,-0.0,-0.7176880430460869,-0.0707002125045053,-0.7083350389000106,-0.7011106048344058,-0.0426733850176329
,,,,18.41362847222222,-0.0,-0.7253789670066639,-0.0731876725682488,-0.7291910845012497,-0.7281767770401949,-0.0435850292094866
,,,,18.424479166666664,-0.0,-0.7456212372922526,-0.0741442404670011,-0.7451011830176657,-0.7434233170101197,-0.0445536883597629
,,,,18.43532986111111,-0.0,-0.7526798427669064,-0.0755243298915859,-0.7521986746165665,-0.7580015478053752,-0.0455087963538925
,,,,18.446180555555557,-0.0,-0.7795137806691557,-0.0767597972838386,-0.7746900711206784,-0.7756748423823682,-0.0461833157293116
,,,,18.45703125,-0.0,-0.7863880099893129,-0.0784748525473047,-0.7936547004961372,-0.7857431247061546,-0.0470148421588633
,,,,18.467881944444443,-0.0,-0.8070824112271551,-0.0804311165701889,-0.7983722664277622,-0.797856221102486,-0.0483757996457079
,,,,18.47873263888889,-0.0,-0.8168105559752653,-0.0812679605109252,-0.8290748949240794,-0.8152379845001967,-0.0491069148426038
,,,,18.48958333333333,-0.0,-0.8309060599351484,-0.0838363702312601,-0.8218233739052762,-0.8394074823649967,-0.049404186837021
,,,,18.50043402777778,-0.0,-0.8511250043239492,-0.0845596229852886,-0.8503499624950819,-0.8485062308987864,-0.0512211297002501
,,,,18.51128472222222,-0.0,-0.8703520551931531,-0.0855632330778668,-0.8614038067296236,-0.8552005802217548,-0.0514675050837641
,,,,18.522135416666664,-0.0,-0.8626233859571317,-0.0862608297385199,-0.8653815763570302,-0.8778269864165141,-0.0523592634718142
,,,,18.53298611111111,-0.0,-0.8805214312357407,-0.0883132708303164,-0.8801292482257859,-0.8801346345787312,-0.0532833184478946
,,,,18.543836805555557,-0.0,-0.8918834927869117,-0.0889002331023027,-0.8855382365522187,-0.8956864876692564,-0.0538251423557108
,,,,18.5546875,-0.0,-0.9044334203037724,-0.0903641805231715,-0.8929727681279633,-0.8992294520368519,-0.0537225479262033
,,,,18.565538194444443,-0.0,-0.918278034749802,-0.0913702399517994,-0.9148656812941194,-0.9162257698101222,-0.0545015173964781
,,,,18.57638888888889,-0.0,-0.92756907115202,-0.0930886151242157,-0.922515697012807,-0.9253386258752204,-0.0554859342139697
,,,,18.58723958333333,-0.0,-0.9366291866460086,-0.0938905521858349,-0.936763987505677,-0.9351742394632984,-0.0561866147172013
,,,,18.59809027777778,-0.0,-0.9433450472056176,-0.0947981901642303,-0.9431705480848253,-0.9455172128519888,-0.0566187716942428
,,,,18.60894097222222,-0.0,-0.9513341708608636,-0.0954931937226441,-0.9553290995071296,-0.9520540555225808,-0.0567642259865961
,,,,18.619791666666664,-0.0,-0.9619001129994176,-0.0960992659912709,-0.9618159499935788,-0.9616142289601424,-0.0576418037726691
,,,,18.63064236111111,-0.0,-0.9632692489118788,-0.0961812564348802,-0.9669120338205796,-0.9683625866765888,-0.0574927347816721
,,,,18.641493055555557,-0.0,-0.96570163941141,-0.0964961936520475,-0.976460222618968,-0.9785638071800948,-0.0581951460351155
,,,,18.65234375,-0.0,-0.9809227062681796,-0.0975712640664704,-0.9659024047381024,-0.9771199127451607,-0.0589487698291983
,,,,18.663194444444443,-0.0,-0.9826426764475964,-0.0986724131795464,-0.9815896138678694,-0.9761895808363452,-0.0591221944966323
,,,,18.67404513888889,-0.0,-0.9887245936777628,-0.0981484574872631,-0.9855352032444298,-0.9778717776772252,-0.0593349738340624
,,,,18.68489583333333,-0.0,-0.9908118709982484,-0.0988481107687582,-0.9897155319490808,-0.9943523599952409,-0.059281586331252
,,,,18.69574652777778,-0.0,-0.9934202680607632,-0.0990575652154534,-1.0074609295285963,-0.997859688812866,-0.059737339146835
,,,,18.70659722222222,-0.0,-1.0004990714068496,-0.0994430845675572,-1.0039590213482552,-0.9881013573656516,-0.0589406381987941
,,,,18.717447916666664,-0.0,-0.9947190818625748,-0.0993824953498507,-0.9926494459891152,-0.9980799048729538,-0.0589867411646077
,,,,18.72829861111111,-0.0,-1.007014882948542,-0.0997211726428455,-1.0024871627550545,-0.99805765952212,-0.0601681112409057
,,,,18.739149305555557,-0.0,-0.9978196049282122,-0.099668327961281,-0.9928485159088246,-1.0009526511772926,-0.0607906207526645
,,,,18.75,-0.0,-1.0041143575884703,-0.1002727333070622,-0.9996600628564196,-1.0014213788366633,-0.0598868337003326
,,,,18.760850694444443,-0.0,-1.0007041055258863,-0.1005176281926112,-0.9990955535320758,-0.9994898890199072,-0.0596887904444401
,,,,18.77170138888889,-0.0,-1.0002415683856594,-0.0995743538382031,-1.0014113691890505,-0.9926791762603888,-0.0600573221507413
,,,,18.78255208333333,-0.0,-0.9968595385512912,-0.0991815531376327,-0.9958698243552392,-0.9962047383054669,-0.0602854730535192
,,,,18.79340277777778,-0.0,-0.9895098164421549,-0.0990255983204859,-0.9995342100077296,-0.9998196138763168,-0.0595348917867672
,,,,18.80425347222222,-0.0,-0.9974125319852306,-0.0995700195637386,-0.9970308287047718,-0.995937284439263,-0.0596322583765902
,,,,18.815104166666664,-0.0,-0.9860550617814726,-0.0986078144235624,-0.9933353258005884,-0.9874275077424308,-0.0593171813730688
,,,,18.82595486111111,-0.0,-0.9864706093808756,-0.0989331721366711,-0.9933322266566548,-0.9804212066392828,-0.0587807090915164
,,,,18.836805555555557,-0.0,-0.984110757807152,-0.097816144974587,-0.98378747402321,-0.9824753591355492,-0.0588563370422929
,,,,18.84765625,-0.0,-0.9754480400744928,-0.0966173100486712,-0.9787326059481114,-0.9793053996395136,-0.0587413500833227
,,,,18.858506944444443,-0.0,-0.960116637532384,-0.0973856087520426,-0.9720158049980616,-0.967900924759356,-0.0573249128107695
,,,,18.86935763888889,-0.0,-0.96416852164486,-0.0977373780805007,-0.9652946755845884,-0.9643132026488008,-0.0577469088390894
,,,,18.88020833333333,-0.0,-0.9665529808930606,-0.0962411308253064,-0.9482386640126668,-0.9604939420568352,-0.0569142723502135
,,,,18.89105902777778,-0.0,-0.94857955208053,-0.0945307296980843,-0.956843497532736,-0.9463662744173073,-0.056783107355718
,,,,18.90190972222222,-0.0,-0.9448175112405164,-0.094583642545575,-0.94640383442401,-0.9363415132565096,-0.0565471770900136
,,,,18.912760416666664,-0.0,-0.9355582351846096,-0.092978532364601,-0.9285824016686908,-0.9294761655173348,-0.0557359167699932
,,,,18.92361111111111,-0.0,-0.9185638586490816,-0.0926441310214765,-0.927499266537766,-0.914244417599576,-0.0549677187869236
,,,,18.934461805555557,-0.0,-0.9043197464587462,-0.0912170526214635,-0.9115172758877684,-0.914686788873,-0.0544921606735174
,,,,18.9453125,-0.0,-0.9007878614207075,-0.091007865286467,-0.9047972737934544,-0.9017745891107404,-0.054292042764119
,,,,18.956163194444443,-0.0,-0.8912619794905193,-0.0888490765939183,-0.9010101721211778,-0.8875202301656434,-0.0535789870900601
,,,,18.96701388888889,-0.0,-0.8799827852402857,-0.0875038920645966,-0.8777336272300412,-0.8823027188186143,-0.0529992286990251
,,,,18.97786458333333,-0.0,-0.8706139818970112,-0.0864264068237205,-0.8753924623252995,-0.8691998299637482,-0.0522738536490364
,,,,18.98871527777778,-0.0,-0.8534312596414648,-0.0858315365283963,-0.8618326836804517,-0.8607906916657313,-0.0516170466860421
,,,,18.99956597222222,-0.0,-0.846854541139463,-0.0841242292103285,-0.8463321055091388,-0.8403346506512226,-0.0504672199451265
,,,,19.010416666666664,-0.0,-0.8358819783357776,-0.0832514692414722,-0.8365720990760057,-0.8278755027132334,-0.0501602938606773
,,,,19.02126736111111,-0.0,-0.807379118560111,-0.0808076963876942,-0.8168836158565697,-0.8214303289312327,-0.0494590466776009
,,,,19.032118055555557,-0.0,-0.8106919778618651,-0.0805255709659749,-0.8065711938525244,-0.8006946793575991,-0.0483526922537012
,,,,19.04296875,-0.0,-0.7786467379492962,-0.0787784422784988,-0.7819547699295186,-0.7909654754831038,-0.0475564104241249
,,,,19.053819444444443,-0.0,-0.7841606865056678,-0.0780727098283711,-0.770178251341369,-0.7757458386867194,-0.0465005246759734
,,,,19.06467013888889,-0.0,-0.7547025951199849,-0.0757675094895605,-0.7612235738051062,-0.7544153199357616,-0.0451771110289702
,,,,19.07552083333333,-0.0,-0.7371488020023256,-0.0742167090139488,-0.7468011559192693,-0.7383206056992622,-0.0444118214846032
,,,,19.08637152777778,-0.0,-0.7216437252630575,-0.0727096610330089,-0.7324439296159242,-0.725992287207977,-0.0438123912776691
,,,,19.09722222222222,-0.0,-0.708082745277756,-0.0704777514332336,-0.7102973463491449,-0.702742998357148,-0.0423703915281703
,,,,19.108072916666664,-0.0,-0.6870731044012336,-0.0686191776395161,-0.6931943996763604,-0.6896096099394694,-0.0418131985375812
,,,,19.11892361111111,-0.0,-0.6729002075112508,-0.0665378224729201,-0.6692961490182889,-0.6709736887188257,-0.0405041998987867
,,,,19.129774305555557,-0.0,-0.6519861467527049,-0.0654255943628447,-0.6483711773204445,-0.6499122617518831,-0.0393480319214361
,,,,19.140625,-0.0,-0.6287126689916699,-0.0633337620645767,-0.6380877694292745,-0.6324803486734142,-0.0382219575010565
,,,,19.151475694444443,-0.0,-0.6105642041054157,-0.0622249804151562,-0.6103362197581722,-0.6160644373508376,-0.0366375836491551
,,,,19.16232638888889,-0.0,-0.5950269664673149,-0.0595705590350259,-0.5910630553853878,-0.5969542136151232,-0.0358452712198298
,,,,19.17317708333333,-0.0,-0.5797923187587407,-0.0573345343197933,-0.5850326371065818,-0.574062617294774,-0.0345876222179155
,,,,19.18402777777778,-0.0,-0.5585305040913372,-0.0555508664320968,-0.5548364451797367,-0.5526824652807126,-0.0330280575735317
,,,,19.19487847222222,-0.0,-0.5306162047102582,-0.0534914843897243,-0.5362728419131698,-0.5326811058606493,-0.0321996353246486
,,,,19.205729166666664,-0.0,-0.5125653809071855,-0.0508338719773507,-0.509072024128863,-0.5142416414455577,-0.0305315923650432
,,,,19.21657986111111,-0.0,-0.4937420101893302,-0.0500943373988788,-0.4835984547452872,-0.4877729345279298,-0.0292407349306504
,,,,19.227430555555557,-0.0,-0.4709129012084884,-0.0475634128414378,-0.4748083429373451,-0.4795728685948014,-0.0285893732022722
,,,,19.23828125,-0.0,-0.4483284914790563,-0.0452996826640184,-0.4594504015531545,-0.4547026345613823,-0.0271492896365884
,,,,19.249131944444443,-0.0,-0.4266874811102014,-0.0429312278639956,-0.4316700471587732,-0.4262636062403577,-0.0254418249374557
,,,,19.25998263888889,-0.0,-0.4090765551831778,-0.040700698818734,-0.397672518928969,-0.4105471163199086,-0.0246503810094535
,,,,19.27083333333333,-0.0,-0.376335624047602,-0.0378453869944682,-0.3834441808823055,-0.3758989075819752,-0.0227163042786436
,,,,19.28168402777778,-0.0,-0.3637436378977156,-0.0354218384086307,-0.3584711067850182,-0.3566856973855178,-0.0217375937372286
,,,,19.29253472222222,-0.0,-0.33554299420385,-0.03327849453558,-0.3377389366779805,-0.3306332337492351,-0.0199516112619838
,,,,19.303385416666664,-0.0,-0.3123643422305054,-0.0306376268229045,-0.3115158989748919,-0.315767406547929,-0.0189781992625751
,,,,19.31423611111111,-0.0,-0.2898447637725009,-0.0288957895857394,-0.2931059353415612,-0.2882552959432932,-0.0170508707044484
,,,,19.325086805555557,-0.0,-0.2706540186364776,-0.0271385152694367,-0.2639181736671075,-0.26401833548535,-0.0157424658497615
,,,,19.3359375,-0.0,-0.2458868692091617,-0.0237470053098485,-0.2458472269598255,-0.2452784052487689,-0.0146215147947372
,,,,19.346788194444443,-0.0,-0.2222462326068445,-0.0225359235985461,-0.221293740833191,-0.2204237986509194,-0.0131718355327616
,,,,19.35763888888889,-0.0,-0.1994997584895978,-0.0202960280774593,-0.1935184001525354,-0.1919247371297769,-0.0116968307099661
,,,,19.36848958333333,-0.0,-0.1624722004098974,-0.0166619203619995,-0.1693715939565654,-0.169388465847275,-0.0107651348731864
,,,,19.37934027777778,-0.0,-0.1459443798545775,-0.0146269762009031,-0.1430006892843255,-0.1447469512951957,-0.0085612154515435
,,,,19.39019097222222,-0.0,-0.1167836891375161,-0.0124017961178573,-0.1230419347029035,-0.1195017135270667,-0.0076869143929628
,,,,19.401041666666664,-0.0,-0.0922754246673739,-0.0097884155692977,-0.0975241381147829,-0.1038490554592786,-0.0054679211863223
,,,,19.41189236111111,-0.0,-0.0787738820609176,-0.0069302713393696,-0.0575406865048745,-0.0753605156872942,-0.004317545073025
,,,,19.422743055555557,-0.0,-0.0463400941900496,-0.0053962332796318,-0.0561297326235806,-0.0454563818293709,-0.0027757896062764
,,,,19.43359375,-0.0,-0.0185992024287718,-0.0026409577606606,-0.0210680621904331,-0.0250901282383797,-0.001397828959005
,,,,19.444444444444443,0.0,-0.0003056494896047,0.0007723772334954,-0.0035316215746609,-0.0111293326035066,0.0002978989641488
,,,,19.45529513888889,0.0,0.0261780679171136,0.0013152058569786,0.0162527853282248,0.0269726453237581,0.001463217280325
,,,,19.46614583333333,0.0,0.0445268201217572,0.0054364483746336,0.0454006198589835,0.0446073486672541,0.0028829593750207
,,,,19.47699652777778,0.0,0.0728157136557791,0.0079413189265839,0.0802028605147319,0.0692378064594775,0.0041272814967903
,,,,19.48784722222222,0.0,0.0929985159204759,0.009986135737768,0.0957245377352916,0.0909835611149521,0.0062050941302272
,,,,19.498697916666664,0.0,0.1190878766523342,0.0120756762441963,0.1250626119388842,0.1240194117542268,0.0064672372740685
,,,,19.50954861111111,0.0,0.1449616204760807,0.0149581930079993,0.1450483147508262,0.1514925699071742,0.0088174431381539
,,,,19.520399305555557,0.0,0.1656067200904447,0.0172528779946957,0.171278264863719,0.1663233233162322,0.0102698700216129
,,,,19.53125,0.0,0.1945216708581306,0.0203089684151459,0.2013090581608112,0.1806629638593751,0.0123506873795884
,,,,19.542100694444443,0.0,0.2173567746267411,0.0223593605651193,0.2217642732463916,0.219277987530467,0.0130475932976894
,,,,19.55295138888889,0.0,0.2496254097061708,0.0242974641290236,0.2430720844469674,0.2502565067487311,0.0145074947477518
,,,,19.56380208333333,0.0,0.268890575294377,0.0258803794791581,0.2668557878675813,0.2674874631912286,0.016142584548426
,,,,19.57465277777778,0.0,0.2973050839541581,0.0285808587576358,0.2873792093631322,0.2890218086723503,0.0173830644259038
,,,,19.58550347222222,0.0,0.3076556323353252,0.0309080310419447,0.3197808572075748,0.3198012212845096,0.018082524363228
,,,,19.596354166666664,0.0,0.3400355255272633,0.0336322896859004,0.3378668411468008,0.3389596719969367,0.0201383274938685
,,,,19.60720486111111,0.0,0.3487229280862339,0.0363797015540156,0.362246486767603,0.3633933930196376,0.0209790291611288
,,,,19.618055555555557,0.0,0.3841067189286897,0.0384604227884738,0.3837087928977706,0.3860536984094241,0.0226578807775478
,,,,19.62890625,0.0,0.4031446211549082,0.0402294849091126,0.4129033003259951,0.401568741293526,0.024519253388762
,,,,19.639756944444443,0.0,0.4327200601865469,0.0430181410933903,0.4260344138820482,0.4199171495466436,0.0260487146170199
,,,,19.65060763888889,0.0,0.4455692681797688,0.0458050763533221,0.4469511078659339,0.4499958029282981,0.026984325114939
,,,,19.66145833333333,0.0,0.4750815875802907,0.0472868563292972,0.4703512337272684,0.4690762590816757,0.0286549853196809
,,,,19.67230902777778,0.0,0.4902098501582491,0.0495686438691852,0.4909784171785711,0.4951770002173373,0.0302867238318454
,,,,19.68315972222222,0.0,0.5058509067920292,0.0514122116528606,0.5127120014163996,0.5141981034957379,0.0309580702970333
,,,,19.694010416666664,0.0,0.5295985463084906,0.0539037406880182,0.5311447095159499,0.5282825596715628,0.0320268066958401
,,,,19.70486111111111,0.0,0.5493930896614694,0.0552587035843673,0.5571073471606278,0.5516721808310814,0.0337654062416657
,,,,19.715711805555557,0.0,0.574976100604496,0.0573176641420691,0.5847100148691823,0.5745659729348636,0.0343940565215949
,,,,19.7265625,0.0,0.5919613444860582,0.059391489922876,0.6022578946713194,0.6009668495933984,0.0358804751774769
,,,,19.737413194444443,0.0,0.6129375474407747,0.061281038986538,0.6196457607906454,0.6200698463410942,0.0371834285519238
,,,,19.74826388888889,0.0,0.6306190602724939,0.0641395417537304,0.6397097934871845,0.6425909416566348,0.0377337257914164
,,,,19.75911458333333,0.0,0.6476276555482873,0.0655861203102011,0.6428982784673379,0.6494200736755358,0.0388379835522319
,,,,19.76996527777778,0.0,0.6828015757433393,0.0669722501101713,0.6716297835304906,0.6789371641541339,0.0400193734237246
,,,,19.78081597222222,0.0,0.7027567702888403,0.0699968644210619,0.6889003815661924,0.6909523271924417,0.0419101755113045
,,,,19.791666666666664,0.0,0.7088963525281573,0.071174805662088,0.7083342325319051,0.7089648318005041,0.0428423182112263
,,,,19.80251736111111,0.0,0.7288272915600241,0.0718065564383949,0.7160160147857756,0.7339424575737832,0.0431553394957975
,,,,19.813368055555557,0.0,0.739263804176125,0.07423741828637,0.7479740697424417,0.7382079914911832,0.0444756326673029
,,,,19.82421875,0.0,0.752210161807321,0.0757002270549431,0.7519101218904678,0.7557904344524794,0.0452891796025653
,,,,19.835069444444443,0.0,0.7614613230859114,0.0766154470864123,0.7820215436987098,0.7665420623013245,0.0466079354789336
,,,,19.84592013888889,0.0,0.7904888181464486,0.0792112405247719,0.7797999828117316,0.7921268467702823,0.0469759804111213
,,,,19.85677083333333,0.0,0.8062387903758366,0.0805435055678996,0.8038425209699087,0.8110071832236047,0.0479128503324486
,,,,19.86762152777778,0.0,0.8132694418090427,0.0811518736358389,0.8188972151743816,0.8187256301720962,0.0493146186203202
,,,,19.87847222222222,0.0,0.8305915655144074,0.082664236846276,0.8312707419837009,0.8359077398748733,0.0496542215855185
,,,,19.889322916666664,0.0,0.8422939738665319,0.0847234748769568,0.8418149477140154,0.8458451413290046,0.0508307095795945
,,,,19.90017361111111,0.0,0.857677991639618,0.0858920408345725,0.8605464336638549,0.8558125026492432,0.0516216057791455
,,,,19.911024305555557,0.0,0.8714321146643826,0.0875622024281254,0.8783315917197528,0.8673528023734597,0.051836837607197
,,,,19.921875,0.0,0.8802036489192693,0.0882845122182848,0.8880429359904939,0.8804959113975217,0.0527162116723485
,,,,19.932725694444443,0.0,0.8853432222374852,0.0893154956448554,0.8990177751575588,0.9026071374378558,0.0540463669252042
,,,,19.94357638888889,0.0,0.8980340611948799,0.0896774878187788,0.9040969499106328,0.9076779973342732,0.0542288381852098
,,,,19.95442708333333,0.0,0.9109927745823372,0.0913220716487426,0.9175111358909436,0.9121082828916892,0.0547817875273256
,,,,19.96527777777778,0.0,0.9272526743858708,0.0916031337084288,0.9267089740805512,0.917762537645186,0.0553432287712811
,,,,19.97612847222222,0.0,0.9340424754495924,0.0936511706286759,0.9284261419864824,0.9307151574382276,0.0559807189022975
,,,,19.986979166666664,0.0,0.933228937737374,0.0945623137065567,0.9345643222622182,0.9443239445810564,0.0568259413470994
,,,,19.99782986111111,0.0,0.963737587697286,0.0948798287763399,0.9436922501283186,0.95480908329769,0.0571125804292456
,,,,20.008680555555557,0.0,0.9515034540696764,0.0964743965401664,0.9600490721470766,0.9557149055262602,0.0576037910700182
,,,,20.01953125,0.0,0.958046191038776,0.0959501798342036,0.9653079197969712,0.9659973396860392,0.0576674551819532
,,,,20.030381944444443,0.0,0.9641208976237676,0.0970333095342671,0.9697498989259848,0.974665454443991,0.0585598986793238
,,,,20.04123263888889,0.0,0.9812442945032368,0.0974793719239872,0.976828585639135,0.9749207383886308,0.058713882668952
,,,,20.05208333333333,0.0,0.974250492522188,0.0977839611258892,0.9822329913465766,0.9761138721302752,0.0590754839032677
,,,,20.06293402777778,0.0,0.9780275824260194,0.0991685505070564,0.9882772319977984,0.9896285722440455,0.0591140748135987
,,,,20.07378472222222,0.0,0.9922895913310984,0.0990705998508399,0.9818116526149464,0.9869650900079836,0.0589876369098487
,,,,20.084635416666664,0.0,0.989478816558934,0.0990075546244801,0.9905765528638234,0.9949101552578308,0.0594662661438725
,,,,20.09548611111111,0.0,0.992718185169085,0.1002085510349394,1.0022041683172462,0.9895522185826386,0.0597012596321312
,,,,20.106336805555557,0.0,1.0066450685983497,0.0987187369151184,1.001733131228424,0.9988168786143216,0.0599982848862664
,,,,20.1171875,0.0,1.0040452333739522,0.0998628857766103,0.9979295378386768,1.0038591041962188,0.0599013458139317
,,,,20.128038194444443,0.0,0.9971261977537458,0.0994816561055808,1.003434852902329,0.9970490255978588,0.0601053708694093
,,,,20.13888888888889,0.0,0.9983004467241672,0.0999759547392544,1.0020837536706575,0.9985981356935476,0.0597986820937305
,,,,20.14973958333333,0.0,1.0015585733133283,0.0997873164656493,1.0090479279376523,1.0000604132515274,0.0601687484231581
,,,,20.16059027777778,0.0,0.9917549228069776,0.0994106138916528,1.0073776822934624,0.9965262768063736,0.0599382316354627
,,,,20.17144097222222,0.0,0.9938127416038792,0.1001181392930186,0.996817337600828,1.0003746784129883,0.0599555478477788
,,,,20.182291666666664,0.0,0.9969131447015548,0.0992759645131437,0.999750743926998,1.0007353382658477,0.0597345638233996
,,,,20.19314236111111,0.0,0.9963341954487436,0.0998182399572512,0.9926042498535326,0.9938186214509492,0.0597834714731674
,,,,20.203993055555557,0.0,0.9943040770971748,0.0983046975661694,0.9877701904992292,0.9932278949890224,0.0590383224027154
,,,,20.21484375,0.0,0.9840113957717334,0.0982104610356044,0.9894465404809358,0.985790656791364,0.0587107698071487
,,,,20.225694444444443,0.0,0.9873984614439516,0.0973878623810104,0.979476800144481,0.9855249736159628,0.0593185852929875
,,,,20.23654513888889,0.0,0.9798019954798308,0.0979860301833331,0.9830835902147894,0.97688848577513,0.0587488305488105
,,,,20.24739583333333,0.0,0.9605315246564118,0.0972474557113706,0.971812653879746,0.970160565321156,0.058115261524544
,,,,20.25824652777778,0.0,0.9675069402602416,0.096271743716393,0.9614758623113816,0.9689413374113433,0.0577778372859768
,,,,20.26909722222222,0.0,0.9489354137837022,0.0958435716169457,0.9553733779090344,0.9548513747763948,0.0575647203139829
,,,,20.279947916666664,0.0,0.9501046270321364,0.0949491186190024,0.951389126272135,0.9475353139841568,0.056429733147273
,,,,20.29079861111111,0.0,0.9373582431550006,0.0943190314722731,0.9431829826634228,0.941091441824948,0.0567071487595464
,,,,20.301649305555557,0.0,0.9334060388229156,0.09304616291197,0.936801401084949,0.9339181331661306,0.0556804599900509
,,,,20.3125,0.0,0.9262017396011112,0.0928622139413556,0.9285658901858233,0.9164849208040032,0.0552735246620345
,,,,20.323350694444443,0.0,0.9129451203459498,0.0915855334269952,0.9122629819578496,0.9285128339025244,0.0550777869722837
,,,,20.33420138888889,0.0,0.9067827705115392,0.0905258317118454,0.9053180277926692,0.9095430299767288,0.0542123545981661
,,,,20.34505208333333,0.0,0.8847788506410248,0.0891618088715324,0.8998749992576445,0.896190814862684,0.0533824444141675
,,,,20.35590277777778,0.0,0.895933944253053,0.0878486191809488,0.8776416772325786,0.8854526046432929,0.0526898715051288
,,,,20.36675347222222,0.0,0.8723572903779578,0.0871859752756007,0.8762054912301557,0.8698458833423578,0.0519929111427951
,,,,20.377604166666664,0.0,0.8549796593620536,0.0861371915046799,0.8592980923696155,0.8495287613149112,0.0514621887578631
,,,,20.38845486111111,0.0,0.8316323107166795,0.0839989782896773,0.8500080077112929,0.8388773286525343,0.0505444145417254
,,,,20.399305555555557,0.0,0.837584900847105,0.0834483275063588,0.8379165742572496,0.8222891489795544,0.0502370411124496
,,,,20.41015625,0.0,0.814974470584747,0.0814555851339786,0.8217776029529621,0.8145287766998285,0.0484342863372687
,,,,20.421006944444443,0.0,0.8029468029930692,0.0809049986827093,0.8070878179287242,0.8097071221331552,0.0484897844427826
,,,,20.43185763888889,0.0,0.7860640413844631,0.0781016365080425,0.7827849197328642,0.7782294263027202,0.047149273767848
,,,,20.44270833333333,0.0,0.7635837234604,0.077086133744624,0.7728757790833262,0.7775543353896013,0.0463666611544244
,,,,20.45355902777778,0.0,0.7577218593697485,0.0758106257895407,0.7588850543458586,0.7546436611856581,0.0459179017047897
,,,,20.46440972222222,0.0,0.7472216533422475,0.0735990521564554,0.7353287539119227,0.7409341828955993,0.0443267821490183
,,,,20.475260416666664,0.0,0.7219815055544424,0.0716720653788284,0.727579828525282,0.724570599254603,0.0434025125058391
,,,,20.48611111111111,0.0,0.7034383757064769,0.07056532469956,0.7041523142597755,0.7069703422221386,0.0423902385774838
,,,,20.496961805555557,0.0,0.6981318144452643,0.0693564103887374,0.6879941163453874,0.6940958560148676,0.0416081274026812
,,,,20.5078125,0.0,0.6709721967568715,0.0670651354858434,0.6593424245401088,0.6759043718693781,0.0401065516957537
,,,,20.518663194444443,0.0,0.6468695114270817,0.0653925141736142,0.6560908160898253,0.6469397203701185,0.0391077065317241
,,,,20.52951388888889,0.0,0.6468588915789419,0.0635545452561169,0.6287462942926841,0.632868569591372,0.0383479348804008
,,,,20.54036458333333,0.0,0.6197002306748883,0.061760112664544,0.6144210491304898,0.6217409192369064,0.037079512576621
,,,,20.55121527777778,0.0,0.595608503201047,0.0600871599466648,0.5889250215299511,0.5986043038739951,0.035487444965897
,,,,20.56206597222222,0.0,0.5768837918280353,0.0576601051514421,0.5767633974870806,0.5687606113586582,0.0345387416521497
,,,,20.572916666666664,0.0,0.5618559755173685,0.0548397578433722,0.5595782010469704,0.5570603996791702,0.0330356412191184
,,,,20.58376736111111,0.0,0.5373586174343437,0.0530089095035066,0.5328120537267715,0.5318214874725103,0.0323235673301734
,,,,20.594618055555557,0.0,0.5143260936574184,0.0521930753021855,0.5207336247612855,0.5173623870284788,0.0307391774644335
,,,,20.60546875,0.0,0.4988534449900238,0.0496512675679711,0.4882912403936807,0.4874405687532785,0.0299404859157209
,,,,20.616319444444443,0.0,0.4681208319117079,0.0466571970733072,0.4711669537338909,0.4733923823722959,0.0283375232632196
,,,,20.62717013888889,0.0,0.4531219271450103,0.0459408672238621,0.443976538859686,0.4431394346687117,0.0267658288974581
,,,,20.63802083333333,0.0,0.4318892513608962,0.0429397168241302,0.4297728949885502,0.4292746213577693,0.0257255494959781
,,,,20.64887152777778,0.0,0.4024956513570918,0.0400541085121118,0.4030164901018723,0.4050112149371333,0.0237536993192603
,,,,20.65972222222222,0.0,0.3854233445255438,0.0385080030319349,0.3841198549672564,0.3827727395464619,0.0229479034294336
,,,,20.670572916666664,0.0,0.3461062651238402,0.0367046421986708,0.354715680792637,0.3600220713520132,0.0212585564516332
,,,,20.68142361111111,0.0,0.3459756140829682,0.034015541535609,0.3456555437240157,0.3336365948271014,0.0201683290018547
,,,,20.692274305555557,0.0,0.3222783710182597,0.0315135633634709,0.3100238025153854,0.3068473353486365,0.019062878582196
,,,,20.703125,0.0,0.2968273999437941,0.0290074680110079,0.2894982228078784,0.2895533822449786,0.0178775013480837
,,,,20.713975694444443,0.0,0.2641216006676867,0.0261779302454038,0.2654975876672404,0.2693178908989711,0.0157620375803668
,,,,20.72482638888889,0.0,0.2380981801563253,0.0235106343011831,0.2434343783197759,0.252144490671455,0.0143884897218167
,,,,20.73567708333333,0.0,0.2237696565498893,0.0219602240757641,0.2267201008249205,0.2215316112811808,0.0127832070418797
,,,,20.74652777777778,0.0,0.1923328394736758,0.019138195609641,0.1953154725899263,0.1906740429811448,0.0115364371923038
,,,,20.75737847222222,0.0,0.1686695290386154,0.0177640589916401,0.1706960731844224,0.1672205379118538,0.0098381550582031
,,,,20.768229166666664,0.0,0.148183280148512,0.0141621271110489,0.1462933696055729,0.1550576175786561,0.0085582246867307
,,,,20.77907986111111,0.0,0.1294302714458678,0.0127338954074229,0.1337807296258765,0.1120064196307994,0.0069809786583969
,,,,20.789930555555557,0.0,0.0998222929968622,0.0104126413898145,0.0926414971383312,0.09580713571371,0.0063083891799333
,,,,20.80078125,0.0,0.0770786841213893,0.0074346413037984,0.0753521508652963,0.0722409432362866,0.0039750274708556
,,,,20.811631944444443,0.0,0.0448583963990093,0.0055672684293555,0.0525423779654869,0.0636184088846518,0.0030664547690602
,,,,20.82248263888889,0.0,0.0299507851919671,0.0020457730398286,0.0211630448241363,0.0237537433506897,0.0013402269772708
,,,,20.83333333333333,0.0,0.0015990591876726,0.0001648607323529,0.0014609194012381,-0.0015091076446254,2.049058114364775e-05
,,,,20.84418402777778,-0.0,-0.02717579689498,-0.0018868139036892,-0.034128009523686,-0.034463439383658,-0.0014413941632713
,,,,20.85503472222222,-0.0,-0.0588764103088359,-0.0049811211374035,-0.0463001672314144,-0.0412007086283221,-0.0026093419650537
,,,,20.865885416666664,-0.0,-0.0741894478975498,-0.0082561460346584,-0.0805982352571304,-0.0785900160127973,-0.0047620010871245
,,,,20.87673611111111,-0.0,-0.0882827880204392,-0.0101750976913193,-0.1023824382394321,-0.1056443202539787,-0.0052525234398707
,,,,20.887586805555557,-0.0,-0.126599245487954,-0.012479606470299,-0.1211579259588662,-0.1280163003513835,-0.0070065290614578
,,,,20.8984375,-0.0,-0.1474641829872968,-0.0145371007869572,-0.143416173839976,-0.1459855909195382,-0.009231804434284
,,,,20.909288194444443,-0.0,-0.1732143205079832,-0.0174681816693715,-0.1681702252680089,-0.1726337825869931,-0.0099238874127541
,,,,20.92013888888889,-0.0,-0.1966517803656303,-0.0190630189696835,-0.1929502490384368,-0.2012824037525515,-0.0113566379497105
,,,,20.93098958333333,-0.0,-0.2205155163389159,-0.0213513794333867,-0.2230997240170119,-0.2234258990691304,-0.0128488441242752
,,,,20.94184027777778,-0.0,-0.2444693909525356,-0.0245171797080984,-0.2448711837701098,-0.2530304521278577,-0.0142846916308388
,,,,20.95269097222222,-0.0,-0.2657709337690822,-0.026453499618437,-0.2681025199684726,-0.2669553317215531,-0.0160877164403897
,,,,20.963541666666664,-0.0,-0.2923434552010332,-0.0280238230001153,-0.2987118914881671,-0.2961235889414864,-0.0177513761864015
,,,,20.97439236111111,-0.0,-0.3201670578279273,-0.0311348119038762,-0.3215459848917657,-0.3160215612461539,-0.0189845618636022
,,,,20.985243055555557,-0.0,-0.3321130668787604,-0.0337181722049658,-0.3434599560735347,-0.3352176967123615,-0.0200516523821562
,,,,20.99609375,-0.0,-0.3536501591268337,-0.0359785662534189,-0.3647869155282738,-0.3668707283746226,-0.0214093931573815
,,,,21.006944444444443,-0.0,-0.3906923349155173,-0.0392042262443926,-0.379889599364913,-0.3826386837640415,-0.0227547454552145
,,,,21.01779513888889,-0.0,-0.3953127710617519,-0.0409052948567171,-0.4076782588828607,-0.4035200884908809,-0.0242673635402882
,,,,21.02864583333333,-0.0,-0.4339152291735477,-0.0425382521468802,-0.4269082245690571,-0.4326237148841517,-0.0260758956039564
,,,,21.03949652777778,-0.0,-0.4513894523376821,-0.0456105970431013,-0.442733396978627,-0.4373590605666312,-0.0269333031535498
,,,,21.05034722222222,-0.0,-0.4782724160732973,-0.0464056264180985,-0.4658850851180463,-0.4710823293076314,-0.028999387185551
,,,,21.061197916666664,-0.0,-0.4978738188471411,-0.0504540185843466,-0.488818454432985,-0.5041371271240724,-0.0293683294857732
,,,,21.07204861111111,-0.0,-0.5037649731651603,-0.0514847272967906,-0.5121647626835586,-0.518434398515715,-0.0304828840769475
,,,,21.082899305555557,-0.0,-0.5191702444620024,-0.0540622566697027,-0.5296823238587173,-0.5447531809710788,-0.0321372270567207
,,,,21.09375,-0.0,-0.5550731688338214,-0.055233094803301,-0.5649937869076499,-0.5598995055278273,-0.03368635676433
,,,,21.104600694444443,-0.0,-0.5634823772365121,-0.0571465894410697,-0.5695344412300475,-0.5803699014347089,-0.035128531657726
,,,,21.11545138888889,-0.0,-0.590962737179767,-0.0592875883019176,-0.5904529993913213,-0.5919731745191696,-0.0353214554701858
,,,,21.12630208333333,-0.0,-0.6160430501778692,-0.0611087084409348,-0.6140041734888236,-0.6151852315944139,-0.037007506237087
,,,,21.13715277777778,-0.0,-0.6413089202566806,-0.0633790073085395,-0.6385879735645213,-0.6390539591685076,-0.0377116149028335
,,,,21.14800347222222,-0.0,-0.6581154349078453,-0.0650385560031777,-0.6564154754806933,-0.6487012616692761,-0.0393955019025743
,,,,21.158854166666664,-0.0,-0.6709126230776902,-0.0678661764596326,-0.678118628958234,-0.6632229958412923,-0.0403896784847167
,,,,21.16970486111111,-0.0,-0.6830007591737345,-0.0686922946683092,-0.6776034793149752,-0.6837321724398371,-0.0415911444054029
,,,,21.180555555555557,-0.0,-0.70284022056844,-0.0708064845880083,-0.7124206653458235,-0.7049174624912902,-0.0431143356771739
,,,,21.19140625,-0.0,-0.7270759234766511,-0.0724949309729442,-0.7181603676868561,-0.7227502453535755,-0.0432145421862279
,,,,21.202256944444443,-0.0,-0.7502580204915965,-0.0739759352436461,-0.735421554121594,-0.7434802243201571,-0.0443946216064352
,,,,21.21310763888889,-0.0,-0.7547291770238631,-0.0744558044091584,-0.7566116029535197,-0.763638827230971,-0.0458408133815127
,,,,21.22395833333333,-0.0,-0.7700624462949387,-0.0774714777779364,-0.7712065704179929,-0.772110231574635,-0.0465475843694064
,,,,21.23480902777778,-0.0,-0.7953993604419932,-0.0782808173367465,-0.7849919369483199,-0.7989799450953486,-0.0471946379715355
,,,,21.24565972222222,-0.0,-0.8065314577380561,-0.0803055809019323,-0.8028244211422118,-0.8093882372098099,-0.0481251044092215
,,,,21.256510416666664,-0.0,-0.8136523406969813,-0.0815219561436602,-0.813343093391735,-0.8150759985886491,-0.049000567578581
,,,,21.26736111111111,-0.0,-0.8345089734049856,-0.0833463391263506,-0.8313200530895769,-0.8188566837747373,-0.0498017838554842
,,,,21.278211805555557,-0.0,-0.8462373870274046,-0.0848112288436226,-0.8428970934368856,-0.8508429613495097,-0.0506065828950502
,,,,21.2890625,-0.0,-0.8606522332559533,-0.085311255284931,-0.8519555016629182,-0.8466535821431678,-0.0520643884269722
,,,,21.299913194444443,-0.0,-0.8653834019147114,-0.086731928699178,-0.8702212374222241,-0.8690368888810192,-0.0521471960361139
,,,,21.31076388888889,-0.0,-0.8776672551736291,-0.088286514844833,-0.8803738893531118,-0.8852865483126683,-0.0535564284409618
,,,,21.32161458333333,-0.0,-0.8999680179745707,-0.0895914298351945,-0.901647820948968,-0.8872840169791416,-0.0535819381176688
,,,,21.33246527777778,-0.0,-0.9167249944467336,-0.0913950522176752,-0.9099833063327596,-0.9079697427403784,-0.0537602154100056
,,,,21.34331597222222,-0.0,-0.9212993305287192,-0.091807674693,-0.911258674311408,-0.9168722007571072,-0.0550147806918261
,,,,21.354166666666664,-0.0,-0.9269673751575138,-0.0920640536179627,-0.9287828249656708,-0.9219931262455632,-0.0555965488039306
,,,,21.36501736111111,-0.0,-0.9373510177404332,-0.0936794311790046,-0.937348109476518,-0.9304028362080616,-0.0559590590370776
,,,,21.375868055555557,-0.0,-0.9329956086433426,-0.0941829992239745,-0.9356609747692448,-0.9381728582787592,-0.056477973965046
,,,,21.38671875,-0.0,-0.9413119713374444,-0.0955046894318137,-0.9522152777630428,-0.9539795351809548,-0.0564190482733631
,,,,21.397569444444443,-0.0,-0.9594993595645654,-0.0953780285298996,-0.9514859731347896,-0.9686752539722286,-0.0574685849230982
,,,,21.40842013888889,-0.0,-0.9555393177952566,-0.0967296570179241,-0.96690121516501,-0.9716830137980866,-0.0575591947446555
,,,,21.41927083333333,-0.0,-0.9685976437938744,-0.0973333925865913,-0.970616877526095,-0.9796665496077932,-0.058634306532896
,,,,21.43012152777778,-0.0,-0.9800570832862024,-0.0968508868958056,-0.973197322803446,-0.9776082320110622,-0.0582469502270036
,,,,21.44097222222222,-0.0,-0.9800090257820055,-0.0983347156789204,-0.987412609250904,-0.988604607686523,-0.0586620579654891
,,,,21.451822916666664,-0.0,-0.98820769844996,-0.0989051577835508,-0.9788527865775756,-0.9933653890238728,-0.0592884038344428
,,,,21.46267361111111,-0.0,-0.990662791997761,-0.0994404650393087,-0.9886625272901232,-0.9856032361712964,-0.0594902340381545
,,,,21.473524305555557,-0.0,-0.99186404406631,-0.0991651120900067,-0.994942066318344,-0.9909062562988488,-0.0592937635290668
,,,,21.484375,-0.0,-0.999637968388718,-0.0986130997585264,-1.0038020330350186,-0.9974684553302378,-0.0593617335343321
,,,,21.495225694444443,-0.0,-0.9925097146287843,-0.0998195827070748,-1.0041159140145202,-0.9938916136706192,-0.0598081955901657
,,,,21.50607638888889,-0.0,-0.9987509273770075,-0.0993260917128418,-0.998176886078338,-0.9959297386879904,-0.0602410446423939
,,,,21.51692708333333,-0.0,-0.9905008960253266,-0.1001017056502567,-0.993691958989279,-1.0001559874897314,-0.0603631381120872
,,,,21.52777777777778,-0.0,-0.9944505278441216,-0.1004710723680486,-1.001787896539659,-0.993407708571496,-0.0595297629931604
,,,,21.53862847222222,-0.0,-1.002680900836031,-0.0997393529414577,-0.9982032063874346,-0.9964743206616776,-0.0598510656718766
,,,,21.549479166666664,-0.0,-0.9998346151114452,-0.100474424334792,-0.994768852578628,-1.003402299944635,-0.0598160262628553
,,,,21.56032986111111,-0.0,-1.0051152521972155,-0.1001840142332359,-1.001943229079976,-0.9989845662584744,-0.0598244665164538
,,,,21.571180555555557,-0.0,-0.9955512431733696,-0.0996265534482795,-0.994531498824306,-0.9986278739716884,-0.0589969344673744
,,,,21.58203125,-0.0,-0.9922330644171646,-0.0986588055040214,-0.9869991293941952,-0.9880650071492176,-0.0601201876127062
,,,,21.592881944444443,-0.0,-0.9853780278025496,-0.0989909846533362,-0.9871576860434196,-0.9911002361235376,-0.0596880447849249
,,,,21.60373263888889,-0.0,-0.9901955072250236,-0.0988932025982719,-0.9937160268321232,-0.984052145454107,-0.0593568923399769
,,,,21.61458333333333,-0.0,-0.972346211154142,-0.0970386649893654,-0.9774914688073676,-0.98523764281582,-0.0591174360660713
,,,,21.62543402777778,-0.0,-0.978270348948002,-0.0956211155932566,-0.9793740508285026,-0.962526506768751,-0.0581923813487594
,,,,21.63628472222222,-0.0,-0.9627498125734596,-0.096331424913726,-0.9670020553853907,-0.969109215107865,-0.0585153442544723
,,,,21.647135416666664,-0.0,-0.966951872609404,-0.0971692219431842,-0.9633581156649268,-0.959694034811618,-0.0570992483072784
,,,,21.65798611111111,-0.0,-0.9603139690873704,-0.0952011738335278,-0.958826712507428,-0.9540411789965676,-0.0577157135680362
,,,,21.668836805555557,-0.0,-0.952827259091032,-0.0948314940388331,-0.953599058801374,-0.9566224983877464,-0.0564508812693853
,,,,21.6796875,-0.0,-0.9381810721706872,-0.0947659584359513,-0.9482437377101464,-0.939587753332316,-0.0561475041641136
,,,,21.690538194444443,-0.0,-0.9239949001667872,-0.0932728221036975,-0.9313256700816596,-0.928234164271064,-0.0560714572455862
,,,,21.70138888888889,-0.0,-0.9308842079156228,-0.0933570996565743,-0.9216284895409336,-0.9209423016284872,-0.0550170194473705
,,,,21.71223958333333,-0.9152757219143028,-0.9118019191890574,-0.091490637450891,-0.9192573972167172,-0.9145196104166944,-0.0548100528411539
,,,,21.72309027777778,-0.9001987064012529,-0.902749976990308,-0.0915086053394305,-0.9074124108949544,-0.8981102676195322,-0.0539230550116619
,,,,21.73394097222222,-0.8905245159162202,-0.9038271868856284,-0.0892324836377049,-0.8972031970064116,-0.9003801270316433,-0.0540189967056772
,,,,21.744791666666664,-0.875939463901837,-0.8871149317077984,-0.0880753579618828,-0.8747012312566199,-0.8906880504218809,-0.0529238835011903
,,,,21.75564236111111,-0.8623888610357113,-0.8620418592587455,-0.0869552320055826,-0.8660273919256943,-0.8664206241874284,-0.0518009361451553
,,,,21.766493055555557,-0.8503930591573333,-0.8643769479078821,-0.0862749053412725,-0.851849952210042,-0.8672694748606622,-0.0514762409785585
,,,,21.77734375,-0.826573045764303,-0.8401311699775837,-0.0848241372786826,-0.8479160824664943,-0.8481060641189226,-0.0508177367492849
,,,,21.788194444444443,-0.8333933156679568,-0.8259032673872896,-0.0831487108977017,-0.8265632100041743,-0.8253610405467262,-0.0496756246358749
,,,,21.79904513888889,-0.8177154319635802,-0.8117091242064591,-0.0809878601258911,-0.8126973430490048,-0.814340585922393,-0.0485535530964812
,,,,21.80989583333333,-0.8085808921079766,-0.8023701908616165,-0.0791165074359196,-0.7955826683334257,-0.798329703754854,-0.0483919474686418
,,,,21.82074652777778,-0.7935043138999348,-0.7890315820539673,-0.0793746472415742,-0.7952150561360221,-0.7936227519166843,-0.0472067668293482
,,,,21.83159722222222,-0.7735308609558775,-0.7757386503261591,-0.0777443408464682,-0.7717971261292425,-0.7667748713751873,-0.0460485201802307
,,,,21.842447916666664,-0.7484233407405696,-0.7570543526667504,-0.0753233568687114,-0.7577923311162351,-0.7605966260227287,-0.0451460904010689
,,,,21.85329861111111,-0.7439253227227688,-0.7415953457948431,-0.0738681276650761,-0.7399775859245507,-0.7456855664343309,-0.0441734194686291
,,,,21.864149305555557,-0.7208091361513067,-0.7282151838051428,-0.0726008661634272,-0.7221620065197096,-0.7177727778141014,-0.0431663671114886
,,,,21.875,-0.7083213376284918,-0.7041639918642987,-0.070178942740072,-0.7051497183334985,-0.7158424856785607,-0.04180356016444
,,,,21.885850694444443,-0.6899175569557477,-0.6869231238960286,-0.0688626146592837,-0.6890008040570634,-0.6774607746343548,-0.0415831058239085
,,,,21.89670138888889,-0.6687239178568218,-0.661365703708616,-0.0671502946678985,-0.6709632871617512,-0.6686053187597556,-0.0402346775488543
,,,,21.90755208333333,-0.6512400228534426,-0.6585767375083449,-0.0650840809513114,-0.6512749784118972,-0.6524718555161587,-0.0389072195820513
,,,,21.91840277777778,-0.6308244976969571,-0.6336472526097787,-0.0633795646741899,-0.6299433986048774,-0.6315986021510787,-0.037871737992688
,,,,21.92925347222222,-0.6106816002325244,-0.6121085945848131,-0.0615827352765822,-0.6152202657123275,-0.6167525322391723,-0.0368868178340752
,,,,21.940104166666664,-0.6014232646952161,-0.5937009049360005,-0.0595937678229794,-0.598135547320207,-0.5978725754510562,-0.0357087130571777
,,,,21.95095486111111,-0.5681473700163209,-0.5712033288054731,-0.0568896481596297,-0.5807948474152134,-0.5801853773536261,-0.0348465711721447
,,,,21.961805555555557,-0.5494459242163842,-0.5612529859683107,-0.0557782075910546,-0.5581364495558546,-0.5542310644816528,-0.0332413989523214
,,,,21.97265625,-0.5279694162849947,-0.5356527088997783,-0.0532383527051521,-0.527751995744461,-0.5348147314699608,-0.031779794988712
,,,,21.983506944444443,-0.5086783601940585,-0.5138313068492019,-0.0519674508821026,-0.5142459660545964,-0.518534800632202,-0.0310997981431431
,,,,21.99435763888889,-0.5005543031732684,-0.4929041506979525,-0.04971712071053,-0.4846965398940924,-0.492024521808533,-0.0295492009654254
,,,,22.00520833333333,-0.4691850350990214,-0.4630962420905002,-0.0469667740874183,-0.4658229318194208,-0.4734103613806523,-0.0277942471483026
,,,,22.01605902777778,-0.4472558955725925,-0.4468869360152143,-0.0449026024395184,-0.4485446387991522,-0.4605797883254215,-0.0270738726380965
,,,,22.02690972222222,-0.4298902604337818,-0.4241439183583168,-0.0418465425536269,-0.4360640870151279,-0.4235190002771107,-0.0255156249030777
,,,,22.037760416666664,-0.40777258936949,-0.4112290230421306,-0.0407506271600225,-0.3988569821881597,-0.4015808864018044,-0.0247783684074149
,,,,22.04861111111111,-0.3776686430649414,-0.3862605510881601,-0.038390876851432,-0.3781963206088641,-0.3736060063205284,-0.0228824431332446
,,,,22.059461805555557,-0.3646485971006698,-0.3606421377938429,-0.0361951884766616,-0.3552736174608433,-0.3622218185345882,-0.0218055924291782
,,,,22.0703125,-0.3379055299961409,-0.3400369342349346,-0.0344195617522054,-0.3327420772129629,-0.3332282689134531,-0.020201889350066
,,,,22.081163194444443,-0.3101917680382446,-0.3114707218550799,-0.0310582540729692,-0.3106211048038981,-0.3083768862934209,-0.0187163351970807
,,,,22.09201388888889,-0.2922578180493859,-0.2985487307145421,-0.028789479395272,-0.2978338281286369,-0.2872530363665834,-0.0175750178920389
,,,,22.10286458333333,-0.2665648061304997,-0.2608986089392319,-0.0262479998204713,-0.2621719558241044,-0.2664026183964568,-0.0159028952588602
,,,,22.11371527777778,-0.2355461018290141,-0.2497521670900985,-0.0245709147062041,-0.2466112962231185,-0.2433228804861102,-0.0144487677171174
,,,,22.12456597222222,-0.2185746402594016,-0.2220369604861063,-0.0226765607719353,-0.2226635363391437,-0.2124900175095686,-0.0132363476255418
,,,,22.135416666666664,-0.1927637954474654,-0.2008794958418714,-0.0210281639117982,-0.1953950039495525,-0.1935756734431428,-0.0112589738802984
,,,,22.14626736111111,-0.1550102434217283,-0.170301130211738,-0.0178889136918669,-0.1725588398999033,-0.1768788727261666,-0.0106590462356967
,,,,22.157118055555557,-0.1516829522581486,-0.1504727683917255,-0.0150518863075808,-0.1524624141006521,-0.1396559819403683,-0.0087002926283226
,,,,22.16796875,-0.1268557833921291,-0.1318583383576788,-0.0124964900442315,-0.1254900845769936,-0.123378525449042,-0.007324898499529
,,,,22.178819444444443,-0.0987756105517656,-0.0963717832051577,-0.0093252876239694,-0.0944589802794654,-0.1029815110658586,-0.0063036161131268
,,,,22.18967013888889,-0.0679328388810799,-0.0787930155205376,-0.0074543839557476,-0.0633847965762035,-0.0635141714788231,-0.0042243454452126
,,,,22.20052083333333,-0.0413462197104851,-0.0500453649913003,-0.0043380072216391,-0.064896492658972,-0.0451474903478559,-0.0027011862545021
,,,,22.21137152777778,-0.0227968376975288,-0.0265365866318264,-0.0024708178931931,-0.019344765493835,-0.0281721131981318,-0.0010753900428559
,,,,22.22222222222222,-0.0022199600208574,-0.010185784513199,-0.0001966450966887,0.0035394799698974,0.0031470950603548,0.0002333155873385
,,,,22.233072916666664,0.0244242651663757,0.0203415351823903,0.0024531394658726,0.0283349865368276,0.0281860168137,0.0016826773552104
,,,,22.24392361111111,0.0465378575724941,0.051071756528839,0.0051952693002732,0.0455816272145559,0.0512318118926727,0.0025872243448801
,,,,22.254774305555557,0.0810384920358001,0.0661130525899663,0.0064069145633237,0.0763524665163508,0.0689363425950372,0.0041341648924663
,,,,22.265625,0.0982296551748918,0.1017306026608904,0.0097672010600645,0.0995720534906897,0.101260061070608,0.0061646720480169
,,,,22.276475694444443,0.1279225593521657,0.1118955889708767,0.0120794754495738,0.1281725736634738,0.1159448627185997,0.0076697845089935
,,,,22.28732638888889,0.1491127815283288,0.1417331474925366,0.0155255732488367,0.1398045194850539,0.1408737016393364,0.0088273697596861
,,,,22.29817708333333,0.1703337073583747,0.1694613214171049,0.0174320814133479,0.1755355971690572,0.1691585796060711,0.0099551932061446
,,,,22.30902777777778,0.1883763694640462,0.199605629564608,0.0195025800085279,0.1963761168729967,0.2013569247502599,0.012133627593774
,,,,22.31987847222222,0.2124693291857627,0.2160963474252127,0.0215808405946675,0.2104708028309531,0.2306036060439079,0.0134106543265319
,,,,22.330729166666664,0.2415329887659904,0.2435793078045008,0.0242887456940615,0.2456228708141081,0.2379010390781182,0.0146110352767565
,,,,22.34157986111111,0.2615853422878281,0.2620865217908597,0.0272567479103084,0.277243292654772,0.2772888755329063,0.0164846314475213
,,,,22.352430555555557,0.2959877366956808,0.2931730751665168,0.0292556253906199,0.2893041379364119,0.2847977544619666,0.0173603890797792
,,,,22.36328125,0.3028577037720896,0.3119126544284621,0.0312533433113565,0.3071778681850359,0.3018333129703033,0.0183726694187467
,,,,22.374131944444443,0.3372577080501492,0.3296046704541142,0.0341135656318201,0.3339829930075083,0.3331153724169055,0.0202324324815139
,,,,22.38498263888889,0.3599384585771211,0.3677101856239468,0.0357402339698744,0.3624821405141786,0.3573716294899665,0.0214770043381588
,,,,22.39583333333333,0.3786862913110663,0.3801982112642625,0.038511664479338,0.378786310973564,0.3857264008930316,0.0233250142333559
,,,,22.40668402777778,0.4070594489152813,0.4024845204477094,0.0406876219350667,0.4010417456189998,0.3962676778662019,0.024255666416801
,,,,22.41753472222222,0.4209808020924615,0.4282702451129135,0.0422411576819325,0.4284460438224595,0.4251819939756378,0.0255870275955894
,,,,22.428385416666664,0.4567869915262257,0.444117018947444,0.0448506911424685,0.4603100977479976,0.4534485574569611,0.0270978539272489
,,,,22.43923611111111,0.47432206080619,0.4722858821388035,0.0465380707520747,0.472611563838255,0.4724072175066641,0.028070916797369
,,,,22.450086805555557,0.486447356895492,0.4952325416907455,0.0490639159451358,0.4871585785065896,0.4903886972683732,0.0290007772993461
,,,,22.4609375,0.5230083914568241,0.5153601843655004,0.0517002134323049,0.5161489356404089,0.5113997348221129,0.0308270122668922
,,,,22.471788194444443,0.5331514194717611,0.5366369629330024,0.0537222297475578,0.539089689492131,0.5268815827735127,0.0317456642918666
,,,,22.48263888888889,0.5633805208296502,0.5583653675448534,0.0549921450230884,0.5566830490993199,0.5608346467085796,0.0334633973413723
,,,,22.49348958333333,0.5689413929148972,0.5737232804854535,0.057985929654113,0.5845730594671906,0.5775038316988114,0.0345482035161157
,,,,22.50434027777778,0.5876755049353782,0.5920917877440711,0.0603560490551546,0.5957814030184059,0.5922589760486449,0.0361215066363674
,,,,22.51519097222222,0.6135833175787698,0.6053088249696013,0.0617303339632111,0.608466849440861,0.6174310636149543,0.0369925053930939
,,,,22.526041666666664,0.6386608811024567,0.634818597184637,0.0639663656873316,0.6326492411285349,0.626368910046911,0.0385801039105454
,,,,22.53689236111111,0.6503005200344515,0.6568850001288806,0.0644850419313685,0.6556743550506661,0.6453154988940277,0.0389189709236764
,,,,22.547743055555557,0.6691195082578411,0.6687736129345597,0.0672049247563812,0.6642507399073482,0.6727314872599681,0.0401450734423082
,,,,22.55859375,0.6903411244839764,0.6990859635535205,0.0685237038101094,0.6873768117550253,0.6919732962838165,0.0414187625942805
,,,,22.569444444444443,0.7094680391485612,0.7055957020805871,0.0701641439089361,0.7033477401711378,0.7123342611583673,0.0426134244147974
,,,,22.58029513888889,0.7251448908190814,0.715762026559695,0.0719663450379307,0.7286752093562805,0.7233075973059214,0.0429819853685184
,,,,22.59114583333333,0.7408248871742528,0.7288417330298291,0.0743364101708249,0.7324256545585796,0.7326179604017441,0.04416271650112
,,,,22.60199652777778,0.7582752728396782,0.7544882238715133,0.0766019184990356,0.7606710171424709,0.7599602424467479,0.0454596504607549
,,,,22.61284722222222,0.7704199789226042,0.7757873680886319,0.0773581320052724,0.7742947257741629,0.7701831447598444,0.0466984093664177
,,,,22.623697916666664,0.7859223253887602,0.794027403834484,0.0793702237883152,0.7901651956820103,0.7914925034017518,0.0475035493581914
,,,,22.63454861111111,0.8019986294628455,0.8002522301848324,0.0804931018422876,0.7994189908835099,0.8037523182132968,0.0481800794540724
,,,,22.645399305555557,0.8137058873885745,0.8134792369974227,0.0811463005858482,0.8117338644916879,0.8147531599951648,0.0489582230858616
,,,,22.65625,0.8243105320127974,0.823380743110156,0.0824984507821881,0.828743742741254,0.8409055978531973,0.049867993122406
,,,,22.667100694444443,0.8320431004316704,0.8365603651110788,0.0840594670109121,0.8411787583102661,0.8471833403424792,0.0506970273611822
,,,,22.67795138888889,0.8523459911648066,0.8611451804693013,0.0862470971542095,0.8593577610159799,0.8644493040596806,0.051257705211151
,,,,22.68880208333333,0.873788413607038,0.8724094175716781,0.0865370170588215,0.8663343115762733,0.8690297584330744,0.0521453207678508
,,,,22.69965277777778,0.8802241582362583,0.8830524007461111,0.0880751181637635,0.8764513243385142,0.8824010857598362,0.0529239700942394
,,,,22.71050347222222,0.8891621805532071,0.8974766422614107,0.0897842485927019,0.8897882119663001,0.8946917742240781,0.0537222075389402
,,,,22.721354166666664,0.9042749469739796,0.897160081801032,0.0904276368635865,0.9024084396293528,0.9015454060195104,0.0545392325654223
,,,,22.73220486111111,0.9150452813910134,0.9153723828265838,0.0914833542708208,0.9145483709703396,0.9106390377423772,0.054486688820016
,,,,22.743055555555557,0.9219137529320134,0.925945092871668,0.0920678333942489,0.9237436101774478,0.9263215147746742,0.0553324330542369
,,,,22.75390625,0.9350361326360218,0.9343776958277792,0.0925765498333762,0.9244503831110168,0.9354943208648792,0.0563069620523456
,,,,22.764756944444443,0.9441429393721578,0.942108626201491,0.0942108718100871,0.9363523699569476,0.9465438479845562,0.0563289455980611
,,,,22.77560763888889,0.9529129488764913,0.9523833446137002,0.0947038206174473,0.9533111851931864,0.9440468718242984,0.0565621904676716
,,,,22.78645833333333,0.9598038430885508,0.9625375099896928,0.0956856679511077,0.952235435143624,0.9488873877278834,0.0570030246215477
,,,,22.79730902777778,0.9624521100533274,0.960429473192126,0.0967007999038457,0.9715682764760666,0.970225486731827,0.057478581908915
,,,,22.80815972222222,0.9641041319165556,0.9661208828332633,0.0968287707509283,0.9753135419657708,0.9658339866079838,0.0585460992066575
,,,,22.819010416666664,0.9697760072918414,0.9616781929358076,0.0977280545863071,0.9833316568621008,0.9775136833769532,0.0582255192626008
,,,,22.82986111111111,0.977294508014126,0.9852599724049268,0.0986971848340801,0.9765675373669545,0.9884047817470252,0.0587675652796831
,,,,22.840711805555557,0.9823339290535188,0.982102840301208,0.0985392422739172,0.9919783463487074,0.990080944237296,0.0594603244366443
,,,,22.8515625,0.991965040333348,0.9876793646733638,0.0993578371525878,0.9967988956135452,0.9949203374849196,0.0592370704704553
,,,,22.862413194444443,0.9913290411444514,0.9935170206928,0.1000274841070312,0.9950648055491232,0.9968259892357014,0.0597097705922033
,,,,22.87326388888889,0.9927996117372904,0.9952247878324908,0.0992141701406513,0.9982203626405972,0.9910733778388288,0.0597578289745113
,,,,22.88411458333333,0.9946989356826076,0.997835216338502,0.0996776603882181,0.9967558641299542,1.003721307943983,0.0597758983277595
,,,,22.89496527777778,0.990419439816359,0.990799047816663,0.1000919635886595,1.0016241043775178,0.9945216175691136,0.0595231192023974
,,,,22.90581597222222,0.997133949469698,0.9953608528572632,0.1003779646029034,0.9986915581212094,1.0024050381580216,0.059787556496827
,,,,22.916666666666664,0.9928352129748554,1.0066137616459745,0.1005334784801614,0.9983284069077192,1.0023154397764007,0.0599652969196074
,,,,22.92751736111111,0.998921353259966,0.9988094085676504,0.1004729431755801,1.0018013606795586,0.997279167463888,0.0605141636135973
,,,,22.938368055555557,0.9997093933972336,0.9943894850815816,0.0991945880370242,1.0007065507365738,0.9968481550706886,0.0595018670098361
,,,,22.94921875,1.002952790444149,0.996237192088392,0.0997158221094617,1.002403907380413,1.0038624419778583,0.0598598260483129
,,,,22.960069444444443,0.9919704094346607,1.0019415672782033,0.0993100766315892,0.9950736603224476,0.9938990745458958,0.0593046575600877
,,,,22.97092013888889,0.9937604867705812,1.000971232126678,0.0990306482016849,0.9980677971322012,0.9948193286170076,0.0596396759818054
,,,,22.98177083333333,0.993252798460422,0.993053051203484,0.0975951462555425,0.9768462245629224,1.0032409065406611,0.0592559944213389
,,,,22.99262152777778,0.9856873735116998,0.9780515502812258,0.0985851783220602,0.9851082674543712,0.9827758111648416,0.0593406668471473
,,,,23.00347222222222,0.9832443382552832,0.9695715127249512,0.097924862981565,0.9749969463372852,0.98445388131937,0.0590098592445296
,,,,23.014322916666664,0.9766769125010756,0.9634037365063712,0.0966131605685986,0.9766572758127808,0.9739584629056324,0.0587285650729465
,,,,23.02517361111111,0.9752222431626204,0.9738422570863594,0.0969171914210757,0.9617963789802983,0.973468643415111,0.0578935356583977
,,,,23.036024305555557,0.9674485315224854,0.964758188407856,0.0963888091633418,0.958178996453742,0.96796837602318,0.0578906381142487
,,,,23.046875,0.9626200245449098,0.9630779352825838,0.0957105832473675,0.954876179036338,0.9500574141225854,0.0576774304173555
,,,,23.057725694444443,0.9549057730557446,0.9486827131072968,0.095062211556652,0.9482306524325624,0.945206449661958,0.0575216630956875
,,,,23.06857638888889,0.9376475176621372,0.940201501219588,0.0941120065114695,0.9347217435103404,0.9411804831425272,0.0562288934721389
,,,,23.07942708333333,0.934386454545027,0.937778661470601,0.0937735052210538,0.9298041925661746,0.937658872341872,0.0563007476744813
,,,,23.09027777777778,0.9197527299038528,0.9301195540712556,0.0922736262163009,0.9182155665912398,0.9358554881134656,0.0550331933802769
,,,,23.10112847222222,0.9245394687594956,0.9096749539975326,0.0913137904554192,0.9192856091613606,0.9073901902495723,0.054621735435113
,,,,23.111979166666664,0.9027341390246724,0.9051206316802088,0.0902675095154369,0.9036491532776032,0.904859994672733,0.0543509603970904
,,,,23.12282986111111,0.889405141735933,0.8963281022747608,0.0887486950019662,0.8976869283820085,0.8949989960916614,0.0537184487072742
,,,,23.133680555555557,0.8835086982087201,0.8819140202681944,0.0878275565662487,0.8857717745917928,0.8735849705058654,0.053256268118351
,,,,23.14453125,0.8673052834018632,0.869764772066383,0.0864714742176447,0.8730667785386813,0.8712739715475688,0.0520513280608491
,,,,23.155381944444443,0.8631053441582083,0.8597247838742816,0.085912454566804,0.8549630485630184,0.8559060329305536,0.0514952826416087
,,,,23.16623263888889,0.8463434413512027,0.8463745429180721,0.0844836635051132,0.8481722323711304,0.853775003941691,0.0506969332442737
,,,,23.17708333333333,0.8219697487771719,0.8345150949960968,0.0832917989499276,0.8345257147831533,0.8325131050898369,0.0499908303095612
,,,,23.18793402777778,0.8217751918842402,0.8157563462746412,0.0816890492020838,0.8134322753882011,0.8136041663758068,0.0484887922479874
,,,,23.19878472222222,0.8023917501710593,0.801228080608171,0.0799101224149831,0.8049788253597504,0.8088903356905695,0.0479370936301173
,,,,23.209635416666664,0.7932518392815063,0.7846243893594417,0.0791129413190045,0.7858715553385827,0.7905356526155947,0.0466761516079187
,,,,23.22048611111111,0.7630798079256049,0.7792154950094199,0.0763719232259123,0.7725977905051136,0.7739013487983117,0.0464701584153913
,,,,23.231336805555557,0.7507110276681014,0.7465616278160753,0.076294319626598,0.7585460483463539,0.7577248849157805,0.0459118394765353
,,,,23.2421875,0.746637601037393,0.7441398861134524,0.0734147164780842,0.7355014838060107,0.7352442784256785,0.0444016498704141
,,,,23.253038194444443,0.7213924980119802,0.718754958103515,0.0712892916492293,0.7300715951562884,0.7234361978254814,0.0436566100253396
,,,,23.26388888888889,0.7138729492223567,0.7076195967289449,0.0708457288817687,0.7084198400547668,0.7113379520980003,0.0429464214391816
,,,,23.27473958333333,0.6960792557353446,0.6892730726005063,0.0688068049826215,0.690391764054507,0.6936926656899218,0.0411943250143831
,,,,23.28559027777778,0.6727748865670571,0.6670605374200821,0.0665829722868323,0.6667647654334626,0.6752760863194083,0.0404356114151488
,,,,23.29644097222222,0.6567126445375887,0.6535021554062085,0.0655687765028914,0.6630198025967498,0.6484238142181366,0.039146028037368
,,,,23.307291666666664,0.6346223817553884,0.6381105313635145,0.0630876866535609,0.6337958849544396,0.6297551115642795,0.0378812217929108
,,,,23.31814236111111,0.613123124069853,0.6124977058018667,0.0620073969779873,0.619693613101212,0.6105781686354222,0.0375766314112479
,,,,23.328993055555557,0.5943600248377133,0.5955378206633727,0.0587255168925137,0.5899535701437684,0.600830404409927,0.036355834527601
,,,,23.33984375,0.5774147375988451,0.5781881969763252,0.0576222025165197,0.5731067693692024,0.5809232571455907,0.0344527475555797
,,,,23.350694444444443,0.5528693827243599,0.5627133570460894,0.0555885119991089,0.5452425789699828,0.5606738906221598,0.0332982867227974
,,,,23.36154513888889,0.541630296972421,0.5357787216778465,0.0539919567928905,0.5313297928955575,0.5407048875775596,0.0319657955226319
,,,,23.37239583333333,0.5212238557761244,0.5182861042994661,0.0518563417820246,0.5138164562043492,0.5131862003321592,0.030516718832934
,,,,23.38324652777778,0.4900297998518413,0.492971850466157,0.0495157825202236,0.4984274466713722,0.492956698435153,0.0296120652927889
,,,,23.39409722222222,0.4647429434318325,0.4720282569164958,0.0471506820906663,0.4611029376608725,0.4760006054340589,0.0278172097418245
,,,,23.404947916666664,0.4408698086898174,0.450760947196777,0.0450822201320506,0.4577803403426217,0.4477782327947701,0.0266415747130879
,,,,23.41579861111111,0.426091426909348,0.4308227264124679,0.0419708892749177,0.4332281153238316,0.4214170895452229,0.0255433256800175
,,,,23.426649305555557,0.4011701701364182,0.4020852236163293,0.0399961913616497,0.4030074849112515,0.4010808752405571,0.0242815139713433
,,,,23.4375,0.3852344593100585,0.3884137945767524,0.0386938610590575,0.3841854379056642,0.3882825984423021,0.0225838340269813
,,,,23.448350694444443,0.3638814757839118,0.3580518727408319,0.0361389534763724,0.3559018643912718,0.3635036175564939,0.0214415666059331
,,,,23.45920138888889,0.3345991828010339,0.3387566733466463,0.0334474225701159,0.3356809320525489,0.3389096644684738,0.0200613712718452
,,,,23.47005208333333,0.3167803573557765,0.3187539239639739,0.030659920204152,0.3145488619417461,0.3143688018542565,0.0186059296540367
,,,,23.48090277777778,0.2964455904643824,0.2957097896700727,0.0292688483767099,0.2847784525159164,0.2944505502698389,0.0175667358778428
,,,,23.49175347222222,0.2741849230420774,0.256804579031867,0.0262585949137026,0.2775159161143485,0.2691307003084004,0.0153645870617259
,,,,23.502604166666664,0.2399970613263996,0.2376656450576294,0.0241957452185355,0.2396723307906453,0.2416798121833394,0.0149229050851662
,,,,23.51345486111111,0.2240809494046296,0.2240594574232444,0.0219944572226785,0.2176972645017807,0.218401658535969,0.0129731543314064
,,,,23.524305555555557,0.1945045729035454,0.1898660514974193,0.0191273798021528,0.2004870757113152,0.2007483757829604,0.0119438710718741
,,,,23.53515625,0.1748733966339026,0.1736606512247124,0.0159640433721228,0.1709257707248377,0.1665349485962007,0.0099501416172914
,,,,23.546006944444443,0.1564396962656537,0.1468851894162395,0.014017014789296,0.1465210737358842,0.1512636101966591,0.0090984079746918
,,,,23.55685763888889,0.1227247184880793,0.1231843582591907,0.012308417408488,0.1238957570957416,0.1249694250355607,0.0077725225684818
,,,,23.56770833333333,0.0985525284431508,0.0996096298323884,0.0099280788172723,0.0961091450200737,0.0950971954409643,0.0059086897906737
,,,,23.57855902777778,0.0742760316431949,0.0655358199457977,0.0077938099486145,0.0814285371667597,0.0713382229410095,0.0043407581946807
,,,,23.58940972222222,0.0492377193902598,0.0563487273015939,0.0041233336717683,0.0457892021216622,0.0494819889738919,0.0029380935449672
,,,,23.600260416666664,0.0262891357981234,0.0250739719266344,0.0033631660480482,0.0228811173844673,0.0284270881349947,0.0015826989511264
,,,,23.61111111111111,0.0043785395002103,-0.0039313115363137,-0.000532048920151,0.0060767225322585,0.0053200820457844,-9.327636614728618e-05
,,,,23.621961805555557,-0.0184184433672863,-0.0290111827317426,-0.0023194679067132,-0.0340592853046921,-0.0202764608810962,-0.0017727351735056
,,,,23.6328125,-0.0415819089052368,-0.0536556537635394,-0.0044272776089164,-0.049612658290429,-0.0516374359728928,-0.0026180975133338
,,,,23.643663194444443,-0.0750982452031359,-0.0798379805259277,-0.0073155603013623,-0.0729737518590522,-0.0756682915153783,-0.0041735599210878
,,,,23.65451388888889,-0.1024224419742109,-0.103080453789852,-0.0095809932161601,-0.1006884202070495,-0.0984922720906613,-0.0054381339370721
,,,,23.66536458333333,-0.1233088044825414,-0.1242282485725665,-0.0125653299024659,-0.1240234817999387,-0.115663729050858,-0.0077550331456245
,,,,23.67621527777778,-0.1475744431794901,-0.1472347733593905,-0.014674246474021,-0.1498964861708854,-0.1469332762921229,-0.0090531490204197
,,,,23.68706597222222,-0.1840114421823511,-0.1743780378764826,-0.0166620114091423,-0.1667771665921331,-0.1673359230922829,-0.0096975994972644
,,,,23.697916666666664,-0.2002322377553645,-0.1988964308676746,-0.018939533850931,-0.1966164348633713,-0.1874427088994034,-0.0116585487437657
,,,,23.70876736111111,-0.2216641149733973,-0.2208560424048229,-0.0218525163151026,-0.2081649985233812,-0.227434361326691,-0.0131173607760661
,,,,23.719618055555557,-0.2425908537474444,-0.2341749426023021,-0.0242685473301582,-0.2436863640351593,-0.236170078140962,-0.0142876853411262
,,,,23.73046875,-0.2596648438079041,-0.2652154687393909,-0.0270832021479252,-0.270824667051924,-0.2721671191621354,-0.0162353882638733
,,,,23.741319444444443,-0.2896669516619129,-0.2882082771517951,-0.0297194695543699,-0.2874308865915097,-0.2899980713207682,-0.017252497169979
,,,,23.75217013888889,-0.3047507670238957,-0.3121211592466567,-0.0315659588574209,-0.309729611698188,-0.3209044880801435,-0.018359288052086
,,,,23.76302083333333,-0.3329316899460695,-0.3477450572000619,-0.0342355046047414,-0.3447871273614742,-0.3349765537529208,-0.0202956434246571
,,,,23.77387152777778,-0.3659697123039808,-0.3604953366112524,-0.0360404810373869,-0.3535591811618096,-0.3696268710921632,-0.0216763869534623
,,,,23.78472222222222,-0.3793684753467305,-0.3800781677941952,-0.0381520374232921,-0.3786189893399418,-0.3783141469573005,-0.0226135262598873
,,,,23.795572916666664,-0.4145981119070863,-0.4102762245408038,-0.0408759834346618,-0.4060946340708672,-0.405168934639704,-0.0242895132548546
,,,,23.80642361111111,-0.4273771027068133,-0.4263974248365307,-0.0432777948218945,-0.432227363137777,-0.4282440935740639,-0.0262186461396788
,,,,23.817274305555557,-0.4550160462690922,-0.4544199927263091,-0.0454094039628884,-0.4630098326364886,-0.451472114076235,-0.0269906621324459
,,,,23.828125,-0.4779634533254445,-0.4698837527698676,-0.0470016148400358,-0.4720189661416237,-0.4738912931170029,-0.0284450452664501
,,,,23.838975694444443,-0.4962884081948593,-0.493449461192153,-0.0496079936897098,-0.4857708979832142,-0.4906548211075301,-0.0296231989209285
,,,,23.84982638888889,-0.5122973635072391,-0.5167183331178731,-0.0509371185790488,-0.5080329568481436,-0.5111308618174054,-0.031096516910154
,,,,23.86067708333333,-0.5464481703915443,-0.5323439313985692,-0.0536959575633886,-0.5361694906275429,-0.5313004316402308,-0.0324801702765479
,,,,23.87152777777778,-0.5565410518618972,-0.5669365844764539,-0.0554488366337467,-0.5540384325568682,-0.55324825160407,-0.033798669544589
,,,,23.88237847222222,-0.571243469116741,-0.5710321909542335,-0.0576567942392418,-0.5710667225177233,-0.5714063022966038,-0.0344011805887869
,,,,23.893229166666664,-0.5910747980402425,-0.5855553884582898,-0.0588550623596507,-0.5926464174278814,-0.6003253603139874,-0.0355546480569172
,,,,23.90407986111111,-0.6096838990510051,-0.6182012731421708,-0.0610512728007764,-0.6098921808531198,-0.6181907162362347,-0.0368766482080025
,,,,23.914930555555557,-0.6312383855392412,-0.6318619644544831,-0.0635107596845771,-0.6280956994192818,-0.6387525496162133,-0.0382421162365907
,,,,23.92578125,-0.6489748089840933,-0.6476419743260275,-0.0645523350310226,-0.6619215833685392,-0.6543257233828139,-0.0392642089489124
,,,,23.936631944444443,-0.672482202247139,-0.6792822905684871,-0.0674806831821834,-0.6748090999510655,-0.66563496162937,-0.0406928913396278
,,,,23.94748263888889,-0.6983900922666865,-0.695928866924639,-0.0684757647825805,-0.6912371970463297,-0.6933574849888141,-0.0412290905369417
,,,,23.95833333333333,-0.700317116212795,-0.7050772699323462,-0.0701700103133589,-0.7076531972625127,-0.7156426080010312,-0.0426033273546032
,,,,23.96918402777778,-0.7230334885570249,-0.7238175126468808,-0.0729030847785408,-0.7267131486005343,-0.7373125002152994,-0.0437779440218563
,,,,23.98003472222222,-0.7426067330120123,-0.7375523859341441,-0.0751572908836084,-0.7483230951010172,-0.7414966036905982,-0.044255515844274
,,,,23.990885416666664,-0.762942211052667,-0.7598784545043274,-0.0754882468662694,-0.7513577382457437,-0.7616733299634217,-0.0452033661426846
,,,,24.00173611111111,-0.7768399860688772,-0.773746394027261,-0.0767263158161326,-0.7717275062896737,-0.7761811798932496,-0.0464900008999083
,,,,24.012586805555557,-0.7883234875149646,-0.7893058861052064,-0.0779221996522566,-0.79262371260574,-0.7840270227712232,-0.0475108039302475
,,,,24.0234375,-0.803997249775548,-0.8020792627920433,-0.0811352962522333,-0.8063882903662227,-0.8046707722041252,-0.0484958851790972
,,,,24.034288194444443,-0.8165314104851203,-0.8081393938951315,-0.0813737875487936,-0.8218548698659345,-0.815607077807264,-0.0487813715008389
,,,,24.04513888888889,-0.8265351257309537,-0.828157149369842,-0.082789877727813,-0.831242237634994,-0.8384010309463816,-0.0499244046572131
,,,,24.05598958333333,-0.834840696318894,-0.8456415887895858,-0.0851519800351657,-0.8381580683654538,-0.8438477166320331,-0.0508085422354663
,,,,24.06684027777778,-0.869235299370649,-0.8632684539016539,-0.0860296554957212,-0.8645674147202665,-0.8686467843553359,-0.0509462844381075
,,,,24.07769097222222,-0.8720270581142426,-0.8731313862310827,-0.08715742570135,-0.872976979820135,-0.8695354621327921,-0.0522726683705189
,,,,24.088541666666664,-0.8834625373697441,-0.8823515710957769,-0.0884793703168775,-0.881101737106527,-0.8789109341700638,-0.0533183266524767
,,,,24.09939236111111,-0.8907441693589214,-0.8952251256915738,-0.0893420993376325,-0.8887859385424035,-0.8928606789309818,-0.0539722015058972
,,,,24.110243055555557,-0.8971725206322534,-0.9008974699845818,-0.0905818092178479,-0.9106127642277948,-0.9082277105913268,-0.0540564648915032
,,,,24.12109375,-0.9125384615453148,-0.9146620725477616,-0.091804963337335,-0.917527070521596,-0.9211891875833742,-0.0549526925772319
,,,,24.131944444444443,-0.932469497725749,-0.9347319283307228,-0.0918220127977602,-0.9247119085946336,-0.924671294718602,-0.055765383252428
,,,,24.14279513888889,-0.9310890494836582,-0.9290724727822977,-0.0940857708001994,-0.936251856517902,-0.9324706329406148,-0.0558516043450517
,,,,24.15364583333333,-0.9385644604020602,-0.9412261392763264,-0.0940259548209408,-0.940005316265854,-0.9384094967186382,-0.0564356974578236
,,,,24.16449652777778,-0.9501819923384824,-0.9432641620356694,-0.0947280407777278,-0.9391664873041276,-0.9606581585805748,-0.0570035620014298
,,,,24.17534722222222,-0.9514990742301392,-0.9643894248290328,-0.0959327614990573,-0.961638442720349,-0.9612293236278944,-0.0574353696025356
,,,,24.186197916666664,-0.9678696192581971,-0.9669313517043916,-0.0971269326477953,-0.9590034022453005,-0.959150243683618,-0.0574382958228842
,,,,24.19704861111111,-0.9783314997234144,-0.968713392508278,-0.096656892112585,-0.9766992153295468,-0.9729242984929836,-0.0585600846006253
,,,,24.207899305555557,-0.9779678385952014,-0.9778079152431128,-0.0965073580195751,-0.980368459761461,-0.9787042056154448,-0.0584962560772334
,,,,24.21875,-0.9856577075331148,-0.9840458227157785,-0.0985039754254358,-0.9836791190608573,-0.9752772447635152,-0.0582309564903699
,,,,24.229600694444443,-0.9826579969967656,-0.99443191095299,-0.0990759080393557,-0.9768610333890712,-0.9822435917347548,-0.0590135450180756
,,,,24.24045138888889,-0.9869070243368544,-0.9906370477064784,-0.0978052276761372,-0.9948654386178336,-0.9869894846948358,-0.0593269756303737
,,,,24.25130208333333,-0.987071200911126,-0.9828076542358244,-0.0991969575320177,-0.9861478476961808,-0.991060841329283,-0.0596587028618538
,,,,24.26215277777778,-0.9912263790756636,-0.9921280215460097,-0.0997195162812706,-0.996761306077202,-0.9918397096265508,-0.0603686258037331
,,,,24.27300347222222,-1.0005606001851377,-0.9971397708930544,-0.0998777437295731,-0.9992981476587756,-0.9975520333944978,-0.0604537037512754
,,,,24.283854166666664,-0.993516683705814,-0.9955718058462878,-0.0993970552671043,-0.9995166159299564,-0.9962627621431576,-0.0597213757763428
,,,,24.29470486111111,-1.004910767238678,-0.9884331790611258,-0.0992177114235602,-0.9944238764550666,-1.003810220395959,-0.0599296006643748
,,,,24.305555555555557,-1.0004659161142413,-0.99486343027852,-0.100521114378231,-1.0000204004590805,-1.00439286324596,-0.0606410174027567
,,,,24.31640625,-0.9987807562487252,-1.000838433223489,-0.1005777281099921,-1.0083500639316931,-0.9988003702074224,-0.0602059152296729
,,,,24.327256944444443,-0.9941791214066809,-1.0080736780725703,-0.1002550070100057,-0.9869946167055892,-0.9940160068051171,-0.0598147508080258
,,,,24.33810763888889,-1.0030575823040777,-0.9956453551781482,-0.1001452810899337,-0.991796441915555,-0.996979897307559,-0.0602015213154998
,,,,24.34895833333333,-0.9964618371420676,-0.9956051933945754,-0.099789498432323,-0.995293378062396,-0.9947955228338348,-0.0599483920107428
,,,,24.35980902777778,-1.0038699570555658,-0.9873191728492376,-0.0994169869769585,-0.9952631947462562,-0.9813039602433108,-0.0589078404861586
,,,,24.37065972222222,-0.9965398289186268,-0.979736534999268,-0.0990945298081429,-0.9902958290491228,-0.9961878083800808,-0.0592479037074567
,,,,24.381510416666664,-0.9914523375993898,-0.9783194358814888,-0.0981919775497164,-0.9813439348626308,-0.9821720461835822,-0.0592589097462316
,,,,24.39236111111111,-0.982529916455372,-0.9846667225719696,-0.0984577766849523,-0.9884210869624598,-0.9781702093348305,-0.0589095646181254
,,,,24.403211805555557,-0.9735936531290336,-0.9668666829165056,-0.0970900398190902,-0.9788553204044094,-0.9724441605974596,-0.0581416165045479
,,,,24.4140625,-0.9688453923589008,-0.969242156671668,-0.0974061983582582,-0.9643075711978804,-0.9694665709210212,-0.0578281201336329
,,,,24.424913194444443,-0.9705072185404524,-0.9684305670791112,-0.0964432986931854,-0.9669801016785065,-0.96258431328273,-0.0575847303145624
,,,,24.43576388888889,-0.9570157700768724,-0.9590099818086104,-0.095639129213679,-0.955393095906442,-0.9532221261183188,-0.0579025593657417
,,,,24.44661458333333,-0.9579463206902384,-0.9539023957571214,-0.094475596424313,-0.9492304179467448,-0.9477540256341632,-0.0573085925608123
,,,,24.45746527777778,-0.944905478735196,-0.946870166929258,-0.0942652154154245,-0.9421834530375996,-0.9396209842147124,-0.057165501836666
,,,,24.46831597222222,-0.927535048056746,-0.9261471209847164,-0.0933786106885562,-0.9310136050003373,-0.9313801781747004,-0.0562919421906082
,,,,24.479166666666664,-0.912158785320948,-0.9256909624602424,-0.0924281810649215,-0.9224603195540486,-0.922055905516789,-0.0557895127121653
,,,,24.49001736111111,-0.9189022202875864,-0.9166985832573878,-0.0913492836031446,-0.9059832791236924,-0.9096038291721532,-0.0546476001348301
,,,,24.500868055555557,-0.8999887307229725,-0.9030513686642476,-0.0903910732621325,-0.8992724479768226,-0.8983832551577282,-0.0542794430429854
,,,,24.51171875,-0.8897449407251442,-0.8923539410159371,-0.0902462100374274,-0.889646013629443,-0.8963528529317232,-0.0536982432168461
,,,,24.522569444444443,-0.8788827181412099,-0.8854411812780854,-0.0880781632488557,-0.8879440328903463,-0.8825061340767151,-0.0530194529837232
,,,,24.53342013888889,-0.86270446247764,-0.8589764347046995,-0.0874676253502214,-0.8750345200240601,-0.8653782342222957,-0.0523086645462027
,,,,24.54427083333333,-0.8543986372866117,-0.8697452614752006,-0.0862403297508885,-0.85368134619166,-0.8621244169235712,-0.0517407004222225
,,,,24.55512152777778,-0.8444933505021921,-0.8465680389074213,-0.0842380652628845,-0.8492027768407484,-0.8481673236473948,-0.0511658230312096
,,,,24.56597222222222,-0.8336090975141935,-0.8319687175725271,-0.0823930216285364,-0.8255273425735035,-0.8256536300514862,-0.0499170162180559
,,,,24.576822916666664,-0.8129547019351151,-0.8171690218367853,-0.0813519742681376,-0.8161220794657946,-0.8259482455226242,-0.049092139423693
,,,,24.58767361111111,-0.8067584063497896,-0.800524090411965,-0.0812271715088509,-0.8008359883078021,-0.803541415059778,-0.0488837281065412
,,,,24.598524305555557,-0.7833088568664477,-0.7882487882952522,-0.0793284742909658,-0.7928607546910217,-0.7905650274290249,-0.046689022830154
,,,,24.609375,-0.7819083565749533,-0.7803347799600037,-0.0778842838500776,-0.7763201200972771,-0.7831162590824419,-0.0463677984648219
,,,,24.620225694444443,-0.7617208862801231,-0.7558402887305071,-0.0762627456158561,-0.7540781594288104,-0.7622669432280073,-0.0454144241519737
,,,,24.63107638888889,-0.7349558788422431,-0.7442528756428289,-0.0738384973504623,-0.7352892936445077,-0.743652206754438,-0.0444098671373823
,,,,24.64192708333333,-0.727519229629396,-0.7198504951829312,-0.0724884651537044,-0.7245650176076747,-0.7237842170929584,-0.0436845526670123
,,,,24.65277777777778,-0.7094000956839103,-0.7049267097347282,-0.0704434662868181,-0.7029166313792233,-0.7097707413145231,-0.042146137424465
,,,,24.66362847222222,-0.6928389044915156,-0.682426652823769,-0.0690822134869914,-0.6883324758993469,-0.690343963327805,-0.0417346861451366
,,,,24.674479166666664,-0.6665741093816826,-0.6675590119232466,-0.0675874026485456,-0.6760359616736763,-0.6702769734205029,-0.0401432603990169
,,,,24.68532986111111,-0.6590906259534848,-0.6517017314899191,-0.0657752778222304,-0.642456608324159,-0.6508146507444235,-0.0394063946976588
,,,,24.696180555555557,-0.6392792700181279,-0.6383926648688513,-0.0641526397447096,-0.6326807180378312,-0.641988129274621,-0.0381721835125988
,,,,24.70703125,-0.619507512305573,-0.6206326054272975,-0.061887169999633,-0.6221469751619428,-0.6141605020297028,-0.0368337380615124
,,,,24.717881944444443,-0.5925949086523996,-0.5949278700396654,-0.059631382101309,-0.5933541738921604,-0.5954586638796696,-0.0355301321562197
,,,,24.72873263888889,-0.5732706868906329,-0.5783567950649753,-0.0573956431330052,-0.5757176062919658,-0.5770306511481732,-0.0345408760937237
,,,,24.73958333333333,-0.5544568263498041,-0.5585742462913938,-0.0554470790123256,-0.5560331100901222,-0.5584419013889893,-0.033253393731931
,,,,24.75043402777778,-0.5395114757226088,-0.5289697587819464,-0.0534859599000928,-0.5376840826139427,-0.5400637831023172,-0.031482608548478
,,,,24.76128472222222,-0.5182526126966066,-0.5197615924405289,-0.051712797070631,-0.5204415516864396,-0.5215306573411398,-0.0304141801199744
,,,,24.772135416666664,-0.4987910429263379,-0.4907535955938938,-0.0495280005731383,-0.4971602147341857,-0.4916163277557643,-0.0293257228428984
,,,,24.78298611111111,-0.4742577458917152,-0.4636432495604122,-0.0473335268934267,-0.4701668627164479,-0.4748072078573884,-0.0285684639138126
,,,,24.793836805555557,-0.4509657799158524,-0.454437006924525,-0.0442294917764959,-0.4408615511481602,-0.4570852945421541,-0.0267831474699188
,,,,24.8046875,-0.4255390931112109,-0.4379533559796009,-0.0423053561130436,-0.4379028751744614,-0.4304293322552454,-0.0258106857379935
,,,,24.815538194444443,-0.4029734271369486,-0.4060801975226291,-0.040399928318836,-0.4032997487707379,-0.4062620293063305,-0.0242227569283355
,,,,24.82638888888889,-0.3770456888029782,-0.3740127859629473,-0.0385646763076469,-0.3870843784118436,-0.3841790747938657,-0.0224802410413071
,,,,24.83723958333333,-0.3561802864821314,-0.355639735823579,-0.0356792148780413,-0.3616275969352977,-0.3570354893452843,-0.0218900191635899
,,,,24.84809027777778,-0.3324718308224657,-0.3390151251709408,-0.3363624878409226,-0.3319752412566166,-0.3434914994067561,-0.0197603515891514
,,,,24.85894097222222,-0.3122223428755036,-0.3138505610625728,-0.3132831598103685,-0.32057613218921,-0.3155997555548014,-0.0188490012517371
,,,,24.869791666666664,-0.2951741212220842,-0.2792401869786868,-0.2959306482709086,-0.2860897979864335,-0.289452461374894,-0.0178383650928725
,,,,24.88064236111111,-0.272157217250132,-0.2712072024266536,-0.2666924487826723,-0.2680205761026918,-0.2678892250837943,-0.0159506506039327
,,,,24.891493055555557,-0.2456900456125947,-0.2423398429573082,-0.2494923758814557,-0.2445620636648139,-0.2407155574163319,-0.0147005110898714
,,,,24.90234375,-0.212317806994154,-0.2229488763357143,-0.2209700765614567,-0.2228903980613725,-0.2182066827947569,-0.013239447599527
,,,,24.913194444444443,-0.187170468732679,-0.1864191383912252,-0.1979604275389458,-0.1986206437304448,-0.2037538749977237,-0.0120048594078174
,,,,24.92404513888889,-0.1788840024007116,-0.17233806400623,-0.176462623163461,-0.1766686413128179,-0.1762584749906165,-0.0105181808963874
,,,,24.93489583333333,-0.1473219200017381,-0.1462872220182388,-0.1481121830538214,-0.1446430896160494,-0.1480126461746588,-0.0087277570090395
,,,,24.94574652777778,-0.1219201438187934,-0.110812843555433,-0.1221436784800479,-0.1262607243522157,-0.1335815304213843,-0.0073582112993906
,,,,24.95659722222222,-0.1051024759676969,-0.1012830359324369,-0.095510532137803,-0.1081362581976624,-0.1009233138224618,-0.0057235191983472
,,,,24.967447916666664,-0.0720083314635958,-0.0742594430319382,-0.0707429636452175,-0.0723858202558661,-0.0712560218407981,-0.0041804801983201
,,,,24.97829861111111,-0.0551737702585163,-0.0475518345535691,-0.0517343698441628,-0.0535311208247913,-0.0448302258447266,-0.002974544265285
,,,,24.989149305555557,-0.0168981673205081,-0.0219708402418281,-0.0249672103569017,-0.0264403126358187,-0.0243340179473163,-0.001192895781234
,,,,25.0,-0.0066928128301704,-0.0010112629317611,0.0044351945170249,-0.0003917171463108,-0.0024244139053599,0.0002236518394047
,,,,25.010850694444443,0.0258253645955457,0.0235068068530282,0.0355413053476736,0.0172000684905996,0.0176534575261409,0.0013053528852917
,,,,25.02170138888889,0.0453860888476882,0.0470539790728705,0.0497967767078626,0.046850169680576,0.0454799879764597,0.0031468896669486
,,,,25.03255208333333,0.0680277289534945,0.0806613968956923,0.072219568783819,0.0793400648786741,0.07342429948053,0.004521224486486
,,,,25.04340277777778,0.10674495638325,0.0936502106429998,0.0949474810434824,0.0956164988514377,0.1003113677859267,0.006333037758932
,,,,25.05425347222222,0.1250938712912435,0.125920707101023,0.1229518057341442,0.1273965780341195,0.1218705052021667,0.0073038674868044
,,,,25.065104166666664,0.1404438331840246,0.1479580553840452,0.1478129944931733,0.1415936290044291,0.1468473653115138,0.0087144231421644
,,,,25.07595486111111,0.1592535466919194,0.1752014883230499,0.1707120606043805,0.1679175530988342,0.1715174006166319,0.0101823904501104
,,,,25.086805555555557,0.1960358900641268,0.1901517719780827,0.1973714079169168,0.1934293898992727,0.2064131204629747,0.0118902889008305
,,,,25.09765625,0.2151214795674459,0.22389515568741,0.2247857415835886,0.2105957912166567,0.2171088636347868,0.0130727424299004
,,,,25.108506944444443,0.2455342646147757,0.2405345543742858,0.2463616031313907,0.2428303146504166,0.234052081476037,0.0146179484188978
,,,,25.11935763888889,0.2745459336146009,0.2727028390878334,0.2697945599246981,0.2672889348113099,0.259555552212607,0.0158547329579306
,,,,25.13020833333333,0.289440893003013,0.2873267109671331,0.2941145949874218,0.294871413111258,0.2875945139187303,0.0175543837280128
,,,,25.14105902777778,0.31551278806885,0.3128031718014775,0.3037589966473126,0.3121609510194429,0.3161127104158256,0.0188762209567539
,,,,25.15190972222222,0.3415593482069184,0.3421757855858351,0.3372555610284591,0.3330587523602374,0.3432457237046227,0.020576982935754
,,,,25.162760416666664,0.3573866948453864,0.3573744889936651,0.3616041297848029,0.3529861832037311,0.361361693391549,0.0216896314787534
,,,,25.17361111111111,0.3921440971006313,0.3778274389560102,0.3804788166003351,0.3799559823324127,0.3806562014340978,0.0228882280158999
,,,,25.184461805555557,0.4012460599481236,0.4128434474615338,0.4083962812475715,0.4012193626310143,0.4040508390710307,0.0238220993649979
,,,,25.1953125,0.4319530384226172,0.4282914507831756,0.4257558055675446,0.4316109583463733,0.4262941539930451,0.0256610086382094
,,,,25.206163194444443,0.4485887634688832,0.4527468987932272,0.4531088791286722,0.4490958019878386,0.4516333171974457,0.0270788508369401
,,,,25.21701388888889,0.4743481613959125,0.4623630555742998,0.474603390519626,0.4693358867347298,0.4776389654835902,0.028030575899179
,,,,25.22786458333333,0.4884081284622801,0.490805580926987,0.4882522574590973,0.4933350919243079,0.4908442460611816,0.0295539434888582
,,,,25.23871527777778,0.5224902486968812,0.5119707638678326,0.5244981990756644,0.5136488837423814,0.5147396123016672,0.0302944709955567
,,,,25.24956597222222,0.5428139340499506,0.5326036276280592,0.5382608170339027,0.5284559340658816,0.53365245616004,0.031646116859557
,,,,25.260416666666664,0.5507200233731366,0.5504710473819173,0.5545163266716464,0.5552813633927329,0.5612407935730196,0.0335387784747448
,,,,25.27126736111111,0.5738016792005097,0.5787842663465439,0.5710068539215952,0.581312976369034,0.5813851639623998,0.0344796706776244
,,,,25.282118055555557,0.588601317423615,0.6005073586939383,0.5892755557197201,0.5966106563218515,0.5946834654439949,0.0360292046596145
,,,,25.29296875,0.6153220318272072,0.6194760893444077,0.6208439526931747,0.6101817373358972,0.6178100966457483,0.036466469216844
,,,,25.303819444444443,0.6243833340939495,0.6390180595799281,0.6315483418259026,0.6282018216852514,0.6366854486505339,0.0378636056930399
,,,,25.31467013888889,0.6485934528646409,0.6465054290877801,0.6494761231541485,0.6573855956372443,0.6563675316104032,0.0389190789629436
,,,,25.32552083333333,0.6647759780084395,0.6703252912603953,0.6694708054619561,0.6666216855656819,0.6690692179420965,0.040376466472299
,,,,25.33637152777778,0.686897630016469,0.6851978417264698,0.6746354537942421,0.6864171775755575,0.6857976341657727,0.0407541805550046
,,,,25.34722222222222,0.7112275362251488,0.7066101358033272,0.7131408785027419,0.7068471810380779,0.703134301977629,0.0423516987452463
,,,,25.358072916666664,0.7262024592980214,0.716118962811529,0.7285013848805125,0.7251014046423707,0.7285918887063791,0.0430452559324301
,,,,25.36892361111111,0.7375689463858692,0.7389391962592552,0.7385967279659754,0.742850771648768,0.7413065418274527,0.0445902935900536
,,,,25.379774305555557,0.7535946126352858,0.7503523276029131,0.7617315590425542,0.759083151933172,0.7604571859023219,0.0454555902654274
,,,,25.390625,0.771070224368588,0.780904096878655,0.7719401685424083,0.7770913182662532,0.7712867853548628,0.0468714222646505
,,,,25.401475694444443,0.7829034288503359,0.7945247510774983,0.785282777447674,0.7919593158603034,0.7831858553511187,0.0477382687395972
,,,,25.41232638888889,0.8064991564835565,0.801135567355544,0.8042102344487618,0.7950224425690061,0.798438843869919,0.0482313257595464
,,,,25.42317708333333,0.8251691548412388,0.8256062634206154,0.8171532162246771,0.8175281763854644,0.8257061763515571,0.0493441099820771
,,,,25.43402777777778,0.8305365745727042,0.8293120477265159,0.8470853441717223,0.8358076726646088,0.8372884462539012,0.0505435008664746
,,,,25.44487847222222,0.851007163394343,0.8515203130942104,0.8476161101301806,0.8440915527297896,0.8411320076258516,0.0504252756712394
,,,,25.455729166666664,0.8549361218175136,0.863682248600544,0.8646107566160047,0.8519769888270063,0.8638745838205933,0.0515895490436138
,,,,25.46657986111111,0.8721393634558738,0.8709834999259779,0.8694143614872221,0.8752027370195007,0.8711027501541667,0.0524909221842451
,,,,25.477430555555557,0.8805492111482807,0.8818764603536202,0.8878798862384706,0.8788200075868414,0.8810995415445679,0.0522544235372798
,,,,25.48828125,0.8931369138181442,0.8800388635408036,0.8881803175498695,0.8886519904424139,0.889334180596117,0.0534114940797309
,,,,25.499131944444443,0.90936187835535,0.9057448889564323,0.8987241557942183,0.9148594839953486,0.9080997376297316,0.0544694681576536
,,,,25.50998263888889,0.91581745738341,0.9105695805817472,0.9185617298265728,0.9122543923376246,0.9063735464624628,0.0554965048542239
,,,,25.52083333333333,0.9227948529212798,0.9215046607343266,0.9178501647678656,0.9226740646872624,0.92739148328811,0.0556389270102442
,,,,25.53168402777778,0.9355174082867134,0.9340721323537676,0.9375466916700714,0.93708523078688,0.9404247678131842,0.0561404040870444
,,,,25.54253472222222,0.9419274491884702,0.9357588989422247,0.9387095960614764,0.94431664688762,0.9418001955295152,0.0563928156583149
,,,,25.553385416666664,0.9490991083253564,0.9519317686386076,0.9535270778941368,0.9532478941842076,0.9479993679528148,0.0568275171916916
,,,,25.56423611111111,0.9583320635730032,0.964204426864026,0.9552812997763268,0.9550763839440836,0.9474623021628747,0.0576301270088707
,,,,25.575086805555557,0.9646550333152912,0.9665103171061272,0.956235142688253,0.9577439797785484,0.9706483236173372,0.057757813948139
,,,,25.5859375,0.9703078541492712,0.966501266143751,0.9678632104623,0.9635182564072664,0.9705507657340388,0.0589278972002283
,,,,25.596788194444443,0.9753567831127904,0.974801576689542,0.9746514649289932,0.9781344469983718,0.9798261061606852,0.0582777910435851
,,,,25.60763888888889,0.9809491343562904,0.9855457251416606,0.9814531472250936,0.9771990055741072,0.9852339960146866,0.0587354004276495
,,,,25.61848958333333,0.986489662813525,0.9765469191671504,0.9828080953255536,0.985478786792017,0.972962418235752,0.0591313381055995
,,,,25.62934027777778,0.9907398075959168,0.9774844780186368,0.9819724387798628,0.9763742283734368,0.9815580438024972,0.0593051969153871
,,,,25.64019097222222,0.9946905156681196,0.98942193268179,0.9973101550136888,0.9995585902824892,0.99098623068459,0.0596236527687199
,,,,25.651041666666664,0.9976137502706104,0.9897089409944976,0.9923304250503412,0.9951503269321332,0.9869255787324288,0.0601389047172186
,,,,25.66189236111111,0.9874814180356956,0.9974734694462584,0.9927371595154632,0.9981942951199442,1.0002345130415098,0.0598978768124486
,,,,25.672743055555557,0.9915702311798348,0.9950852377769996,1.0048283446551245,0.9951867173508074,0.994680554340326,0.0596324489729195
,,,,25.68359375,1.005010536118162,0.9965935611996992,0.991176743118764,0.9976864778181442,0.9919504605413588,0.0596756869991919
,,,,25.694444444444443,1.0086156196842475,1.005938378321085,0.9972937583534224,0.9968693545366768,0.9884168950974848,0.059655587961147
,,,,25.70529513888889,1.0002415858878673,0.9965322201884624,0.9916816134645772,0.999455678913587,0.997789885510153,0.0599538008916486
,,,,25.71614583333333,0.995417412872074,0.9964206124039344,0.994472205147764,1.0005330053721333,0.9951533823318,0.0601383794317271
,,,,25.72699652777778,0.9912835620278264,0.9998393712960526,0.9966785901032492,1.000691784659232,0.9937553905905442,0.059935245081742
,,,,25.73784722222222,0.9955841848854232,0.9982855727725238,0.9980029076336148,0.9984116332462516,0.9950272897930696,0.059718046360584
,,,,25.748697916666664,0.9770846013421935,0.9875985969746168,0.9933224372007404,0.9933580344322528,0.9878470286394238,0.0596188666690543
,,,,25.75954861111111,0.9902117815908478,0.9810107911392968,0.988762844348012,0.9894110859461888,0.9880209583105852,0.0589943193355872
,,,,25.770399305555557,0.9889049049954638,0.9869447603255616,0.97953245740214,0.979827488662102,0.9820015607998878,0.0593978637478123
,,,,25.78125,0.9768110135392624,0.979227791558278,0.9740611872731612,0.983724530165747,0.9834073094379446,0.0588189415291859
,,,,25.792100694444443,0.9716564541668636,0.975133170104267,0.9757065428126668,0.9747721517548392,0.9831890834611344,0.0581590498655356
,,,,25.80295138888889,0.9619414331203818,0.9639600202712508,0.969309554074955,0.9621588834452824,0.9704459284408912,0.0583112480658787
,,,,25.81380208333333,0.9691730721645834,0.9666309538096922,0.9699344042711452,0.9604354916614404,0.9641537101425036,0.0575759257009874
,,,,25.82465277777778,0.9565538696928918,0.9539530218235672,0.958638485605187,0.9620215726560092,0.96300397633422,0.0573540275841675
,,,,25.83550347222222,0.947768186840105,0.9506957336159196,0.9397062340583228,0.9491005353238876,0.9498170168602492,0.0569574378219102
,,,,25.846354166666664,0.9328846117671896,0.9450929065501384,0.944667681686552,0.947748895232316,0.942686651726004,0.0567103163895893
,,,,25.85720486111111,0.9298821824275512,0.9402884975854856,0.9284044449723944,0.930680789919152,0.930566103487018,0.0560505096283917
,,,,25.868055555555557,0.9301755993698484,0.9179614929985928,0.9134438052760456,0.9297454344207766,0.922287915206418,0.0554886266489297
,,,,25.87890625,0.9100849655515708,0.916375105255757,0.9094613283126698,0.9056827205818718,0.9124937778809522,0.0543683332306442
,,,,25.889756944444443,0.8925361285512904,0.9029156969368932,0.8989296745818014,0.901057179611392,0.9061312679004756,0.0542695758668872
,,,,25.90060763888889,0.8925211941208319,0.8856263038325349,0.9000363218557931,0.8897081497742555,0.8917777003428011,0.0532178936003127
,,,,25.91145833333333,0.8808886065784992,0.8912418884562017,0.8854977751928609,0.8785857975034556,0.8707632497744188,0.0533318801433293
,,,,25.92230902777778,0.8671775764737776,0.8729085093957011,0.8647713663210622,0.8678037651040196,0.8702058628108483,0.0522873658535999
,,,,25.93315972222222,0.8617104282365537,0.8619988676744205,0.8726961855469062,0.8557386951251227,0.8534367955393488,0.0516274233057462
,,,,25.944010416666664,0.8533771124095387,0.8499653657642307,0.834388049488084,0.8345624355252198,0.836685715683528,0.0503244316998922
,,,,25.95486111111111,0.8302770726774881,0.826470780759455,0.8338416760978372,0.835035979048446,0.8306690141733425,0.0500713718859805
,,,,25.965711805555557,0.815666082570788,0.8147848279237025,0.829622781327712,0.8179090554886045,0.8216468686440357,0.0490576450771087
,,,,25.9765625,0.7991928946102073,0.8026118078915666,0.8022590421675838,0.8000207799668023,0.8005462466744294,0.0483692948470142
,,,,25.987413194444443,0.7927259098191352,0.7849572784149047,0.7853273660527832,0.7872221100714573,0.7810843589968046,0.0474816696197175
,,,,25.99826388888889,0.7703477600054277,0.7766173010771337,0.7724202794718061,0.7722875734933087,0.7708451063807589,0.046467520150075
,,,,26.00911458333333,0.7530969337789176,0.7578331543767824,0.7618931257409436,0.7507125622190276,0.7645043902137257,0.7473414731202859
,,,,26.01996527777778,0.7461583105616119,0.7387643931983727,0.7360975460676401,0.7449068258257339,0.7435814745697097,0.7410586245993366
,,,,26.03081597222222,0.7236776252001399,0.7178849493595292,0.7298479110474555,0.7260960915760083,0.7194293001358956,0.7166159446063135
,,,,26.041666666666664,0.7050678507178368,0.7032291053612881,0.7130777361469276,0.7059565502158622,0.7002059946424545,0.7064613969151665
,,,,26.05251736111111,0.6929360226626948,0.694189294079334,0.6938732603434132,0.69058578240566,0.6809070305948141,0.6866181317261828
,,,,26.063368055555557,0.6690926557902184,0.6657557369281425,0.681099583538285,0.6679894180572595,0.6733736765967169,0.6781108050539548
,,,,26.07421875,0.6548077556739258,0.6543033659501618,0.6516266625011728,0.6558621483195511,0.6582129376996643,0.654404741124667
,,,,26.085069444444443,0.6419864496308052,0.6340667743034015,0.6324941381169863,0.6364687206716201,0.6357492014089958,0.6303475592576214
,,,,26.09592013888889,0.6085958442124414,0.619134658489741,0.6217966205849194,0.6118037359290269,0.6149335296929377,0.6137989374383904
,,,,26.10677083333333,0.5951901505021814,0.5917420237240807,0.6013434785618218,0.6000804041961257,0.6048183152138782,0.5883996930578638
,,,,26.11762152777778,0.5748743693005186,0.576741339305032,0.5687567390857974,0.5794220047494609,0.5707300008076908,0.5786007693768495
,,,,26.12847222222222,0.5507766294113122,0.5580798194452528,0.5456464095631972,0.5605987389034708,0.5566690218197738,0.558571402334159
,,,,26.139322916666664,0.5339936697422027,0.5347739690161548,0.5307426536376891,0.5277482609439577,0.5325264403743089,0.5350565729496712
,,,,26.15017361111111,0.5153152677859559,0.518942228500538,0.5138212543895176,0.5057816208723412,0.5179413993557684,0.5180565442433055
,,,,26.161024305555557,0.4926180155848726,0.497863198054346,0.4968852347062446,0.4913591041684507,0.4974625158909889,0.4963097962251721
,,,,26.171875,0.4865130015521494,0.4694315499119385,0.473363811184162,0.4749651499000649,0.4712076072803968,0.470803503039907
,,,,26.182725694444443,0.4580409851732848,0.4446659294606033,0.4424511249890102,0.4477444843709842,0.4477213649977671,0.4510611859510846
,,,,26.19357638888889,0.4315693183472724,0.4257125910714999,0.4226953754232983,0.4277930248103649,0.4225159876795641,0.4237051426094396
,,,,26.20442708333333,0.412615123694201,0.4122618629649521,0.405549760963878,0.4027483790959462,0.4030152526836317,0.4005510814509031
,,,,26.21527777777778,0.3796349827240962,0.3865882929125535,0.3779668098542858,0.39140685244779,0.3864111536506417,0.3796447643792997
,,,,26.22612847222222,0.3615635797316869,0.3669673732173908,0.3601262860895678,0.3629622203568622,0.3656296217090049,0.363397236658388
,,,,26.236979166666664,0.3332624740748161,0.3355543496281832,0.3328272148807948,0.3385680862613585,0.3437798197755525,0.3391244010658345
,,,,26.24782986111111,0.3153525981371999,0.3242895036578908,0.3122960172410564,0.3132766458659777,0.3117206846005205,0.3210555761205633
,,,,26.258680555555557,0.2978414902956608,0.2939745763379218,0.2939593032976795,0.2881114897290246,0.2896660280323945,0.2965126588344878
,,,,26.26953125,0.2668368360822912,0.2745923364115025,0.2709256388700539,0.2675608348555678,0.2687472300930796,0.2578401217108419
,,,,26.280381944444443,0.2421155508681571,0.2427703593202029,0.2453517425644748,0.2405742517303171,0.2437372616148121,0.2432451000115615
,,,,26.29123263888889,0.2184468651613142,0.2275829564715733,0.2115595117548943,0.2181453432312867,0.2256893390217083,0.2161324298842974
,,,,26.30208333333333,0.1940589338405994,0.1887723061312488,0.1982054112880793,0.1874464103445052,0.1884900226164458,0.1865032851481505
,,,,26.31293402777778,0.1720178255451527,0.1673114570872703,0.1710803053071976,0.1689967614109377,0.1795531585724916,0.1720651169842117
,,,,26.32378472222222,0.1461802788126386,0.1386308571353656,0.1430436589304766,0.1486591720746801,0.149260263921818,0.1521752050548999
,,,,26.334635416666664,0.1233276912055221,0.1252918900596428,0.1260089090578776,0.1279658435795288,0.122792706767105,0.1175741768729132
,,,,26.34548611111111,0.100567253827444,0.1048328803673681,0.0962770279439997,0.0969020865765475,0.0915196619369246,0.1004889452888946
,,,,26.356336805555557,0.0658945043284333,0.0655958011439259,0.0635257232154437,0.0808984298557292,0.0672505777885885,0.0756891805274514
,,,,26.3671875,0.051667558184547,0.0528406186806013,0.0473660237435071,0.0467625108793832,0.0483709542646525,0.0566357432105086
,,,,26.378038194444443,0.0294814101054914,0.0212929480677856,0.0355778567569418,0.0246932057862442,0.027906291657903,0.0156866975762033
,,,,26.38888888888889,0.0064806062554743,-5.263430029537989e-05,0.0020105756944551,-0.0004695274295751,-0.0047091808558209,-0.0011716739785758
,,,,26.39973958333333,-0.0255292178001917,-0.0209582839562627,-0.0217694518329657,-0.0254352248894291,-0.0181164208265397,-0.0230230346496639
,,,,26.41059027777778,-0.0518822440187662,-0.0472788973820876,-0.0509087360350793,-0.0417424074483051,-0.0519611127816086,-0.0452542114802562
,,,,26.42144097222222,-0.087252470211947,-0.0784802568053434,-0.0756151420506661,-0.0793750564927924,-0.0799376970446218,-0.0649386449531435
,,,,26.432291666666664,-0.0997577782389665,-0.1063383759333976,-0.0930181414247547,-0.0972192833020975,-0.0937948186187359,-0.0964165100478007
,,,,26.44314236111111,-0.1160787480114257,-0.1222699291580922,-0.1225831937671147,-0.127528323231204,-0.1246786877332974,-0.1256327072858627
,,,,26.453993055555557,-0.1437724917787136,-0.143632916121494,-0.1485164601310626,-0.1407704104294454,-0.1402956481318974,-0.1517874322851331
,,,,26.46484375,-0.1745374820622307,-0.1723174468029629,-0.1724814356428095,-0.1745727790616099,-0.1714471674570229,-0.1667378199083393
,,,,26.475694444444443,-0.1903340598861685,-0.1879639759291416,-0.1923775516750029,-0.1955252302174898,-0.186736363136913,-0.1923059495285645
,,,,26.48654513888889,-0.2197816138924559,-0.2135744837544398,-0.2139431885007176,-0.2176742620792417,-0.2105421883166855,-0.215638027783289
,,,,26.49739583333333,-0.240274146664405,-0.2381603469601795,-0.2457876344497757,-0.2426935304185762,-0.2462909992966836,-0.2452959829101053
,,,,26.50824652777778,-0.2691492353096899,-0.2690356173653679,-0.2697246938127981,-0.2708323565807712,-0.2635928310965805,-0.2656630883323977
,,,,26.51909722222222,-0.298537242737335,-0.2929489960765981,-0.2863985448733162,-0.291282679984597,-0.286610045978006,-0.2892683838927506
,,,,26.529947916666664,-0.3106297964272142,-0.3188012097374939,-0.3031493677119855,-0.3194071621195549,-0.3233169280438443,-0.3106196859506771
,,,,26.54079861111111,-0.3444169097737985,-0.3341301663937034,-0.3268823996980443,-0.3359137084732034,-0.3323129927536598,-0.3335689715179259
,,,,26.551649305555557,-0.3660923876255801,-0.3557047410368665,-0.3592039816263483,-0.3602863039766801,-0.3551979673196547,-0.3598423100498822
,,,,26.5625,-0.3943772872389908,-0.3811844219727769,-0.3822320785766313,-0.386073703888893,-0.3824911464318553,-0.3855727290614228
,,,,26.573350694444443,-0.4031169985924507,-0.4032970309495383,-0.3978296103617479,-0.3976237236855832,-0.4019330609674524,-0.4039587723589632
,,,,26.58420138888889,-0.4273364759346355,-0.4288311219421483,-0.4374150406030415,-0.4388649433359055,-0.4275366195782347,-0.429737016499286
,,,,26.59505208333333,-0.4469227013998298,-0.4578368642165211,-0.44704528942924,-0.4537542769398032,-0.4539378479313053,-0.4450049807596583
,,,,26.60590277777778,-0.474255318744035,-0.4683787890862937,-0.4708130447070784,-0.4621662921813621,-0.473904312137896,-0.4654914685207065
,,,,26.61675347222222,-0.4956292286844604,-0.4909335922510455,-0.492888938326607,-0.4991759745851816,-0.4901761577307414,-0.4916966295997753
,,,,26.627604166666664,-0.5159898789859075,-0.514609383502114,-0.5122730417640348,-0.5165113852030406,-0.5184645957834447,-0.5181095464560905
,,,,26.63845486111111,-0.5322495802892978,-0.5238326802253467,-0.5332441325438412,-0.5299444048465222,-0.5368784911089334,-0.5474222593244069
,,,,26.649305555555557,-0.5601504635235844,-0.5545005866944624,-0.5567022192631239,-0.5516913101731008,-0.5563952444819655,-0.5528644125416586
,,,,26.66015625,-0.5781066538014653,-0.5629665256863483,-0.5758379863957136,-0.5706904262700239,-0.5727536048931958,-0.5785721947754098
,,,,26.671006944444443,-0.5966995457738217,-0.5962684704817093,-0.601553714966907,-0.5943183140466167,-0.5937687319874931,-0.5987084488966166
,,,,26.68185763888889,-0.6130107004421611,-0.6142261501343974,-0.6161406766474468,-0.6166282969539756,-0.6103350718458433,-0.6109219676519253
,,,,26.69270833333333,-0.6365095295134052,-0.6298998267178476,-0.6401734831416415,-0.637366338727264,-0.6396800943788268,-0.629638053231835
,,,,26.70355902777778,-0.6543024668047128,-0.6550874613217955,-0.6559823307007974,-0.6606814495284655,-0.6495686702403447,-0.6585044281007164
,,,,26.71440972222222,-0.6707733650150458,-0.6668033708825137,-0.6732542092884056,-0.6670376482734368,-0.6684494634597139,-0.6773253460196412
,,,,26.725260416666664,-0.6753379237126017,-0.6895171170680219,-0.688106071470249,-0.6875765817733479,-0.6920248593182997,-0.6939103103719884
,,,,26.73611111111111,-0.7038394817430262,-0.6988950288044036,-0.7108552010166896,-0.7051146453438683,-0.7041782419164987,-0.6982799502622598
,,,,26.746961805555557,-0.7220220552179333,-0.7203107947005606,-0.7182661585791138,-0.7223879360749322,-0.7228652176522355,-0.7235701577968141
,,,,26.7578125,-0.7371470306860785,-0.7380153533264376,-0.743333578211457,-0.7469890565980488,-0.7414015101264897,-0.7420230867265453
,,,,26.768663194444443,-0.7544086831586752,-0.7520694954033722,-0.7559704995572785,-0.7686562516947709,-0.7547495459334833,-0.7579542112704317
,,,,26.77951388888889,-0.7739887653357873,-0.7762773549706455,-0.7730600629461492,-0.7709062559539441,-0.7819082201048496,-0.7692231122660139
,,,,26.79036458333333,-0.7861117791074099,-0.7918467545551867,-0.7841623457013591,-0.7792501804319285,-0.7862852028463505,-0.7836729968546284
,,,,26.80121527777778,-0.7928973831460334,-0.8030022324998638,-0.8054529284672844,-0.8034609091653456,-0.8064292493417645,-0.8093380070721281
,,,,26.81206597222222,-0.8206298762004879,-0.8189868260905662,-0.8146979204171985,-0.8239392710431434,-0.8256459166192709,-0.8124804153474425
,,,,26.822916666666664,-0.8477456760348705,-0.8271471475383462,-0.8299201422134075,-0.8349944809742419,-0.8197065586000057,-0.8420614928189551
,,,,26.83376736111111,-0.8469607486657142,-0.8477517993067638,-0.8469304027025587,-0.843933971658689,-0.8497008285701732,-0.8446684536275175
,,,,26.844618055555557,-0.855244120668674,-0.8646159881511266,-0.8618737557396774,-0.8576818338019445,-0.850010925087449,-0.8554898234528245
,,,,26.85546875,-0.8722935522808036,-0.876507021675113,-0.870688021299414,-0.8615866090944815,-0.8754513032382386,-0.875076507602515
,,,,26.866319444444443,-0.8782967783514296,-0.8830705411124284,-0.881138669133022,-0.8836307803578201,-0.8753652900264268,-0.8867930727683431
,,,,26.87717013888889,-0.8875115963219155,-0.8912728900010244,-0.8974046107057667,-0.8869217229613306,-0.904445267668621,-0.892702677058333
,,,,26.88802083333333,-0.9029064480354212,-0.90136145242413,-0.8999163265316577,-0.8878539542245966,-0.9136917341103368,-0.9098736382097012
,,,,26.89887152777778,-0.9047455951294334,-0.90742577410885,-0.9222479060274048,-0.9128770553489696,-0.9040226847340368,-0.9108734848467352
,,,,26.90972222222222,-0.921692158102469,-0.9266788977490872,-0.9192128946338488,-0.9247346727191582,-0.9235620496389074,-0.9210236484339324
,,,,26.920572916666664,-0.9398832912688092,-0.9323181738950376,-0.9342292554551744,-0.927172934367949,-0.930966761262237,-0.9316935177408522
,,,,26.93142361111111,-0.946243075856582,-0.9402146891490788,-0.9409582708839828,-0.9387736835977404,-0.9466832222077388,-0.9390405282542532
,,,,26.942274305555557,-0.9523718760014016,-0.9440228101429596,-0.949453612415498,-0.9525572208666968,-0.9545523245256324,-0.9498558595456776
,,,,26.953125,-0.9584119430380704,-0.9578430620268196,-0.9625166645752492,-0.9518990771597424,-0.9535707743529582,-0.9505385382400108
,,,,26.963975694444443,-0.9617028338870912,-0.9618843902979182,-0.9641476756093784,-0.9632362056589444,-0.961972227794834,-0.9665722833701113
,,,,26.97482638888889,-0.9690636750926396,-0.9748337943028432,-0.9694644557608384,-0.961875711657038,-0.9725287905489194,-0.9605135034943966
,,,,26.98567708333333,-0.9773843698181164,-0.9786376661612342,-0.9734533534044264,-0.9721083550767234,-0.9901994232640632,-0.9732425023080378
,,,,26.99652777777778,-0.9807452273619328,-0.9787190229328144,-0.97834380392605,-0.9773548106928748,-0.9807732505881608,-0.981493390925754
,,,,27.00737847222222,-0.9794268273561664,-0.9835476542119076,-0.9889458998173128,-0.9898559763650148,-0.9815555981121225,-0.9869728388277272
,,,,27.018229166666664,-0.9862124757846172,-0.9975970249024356,-0.9855956634497112,-0.9808373140415736,-0.9888290193131208,-0.9937563085224024
,,,,27.02907986111111,-0.989304327702827,-0.9886103846143304,-0.9827398049449044,-0.9952334444522496,-0.995676450912517,-1.0033329876963923
,,,,27.039930555555557,-0.9933382902185312,-0.999233963425046,-0.9914736678372154,-0.9859400244965936,-0.9941916701965732,-1.0018685771128564
,,,,27.05078125,-0.9960711688999896,-0.9994513370092264,-0.9928755491661184,-0.9968016944696764,-0.9995403275250972,-0.9922312645323128
,,,,27.061631944444443,-1.0074986373887629,-1.0044446905515385,-0.9968150775913744,-1.000879639467483,-1.0022282249253132,-0.99589656127045
,,,,27.07248263888889,-1.002666400856781,-1.0104643368277872,-0.9957346213324276,-0.9998902550747544,-0.9950635458067786,-0.9908994984307352
,,,,27.08333333333333,-0.9960003027784448,-0.9992857210923324,-1.0036396497752291,-0.997858836748,-1.0004758756245486,-0.9872480417925976
,,,,27.09418402777778,-0.9951284226254892,-0.9966514360802798,-0.9996967071850928,-0.9995372845441772,-0.9844961441561262,-1.002917214920109
,,,,27.10503472222222,-1.0015093754175393,-0.9981862543938044,-0.994148607866124,-1.0046304422695749,-0.9986972695954062,-0.998903414374029
,,,,27.115885416666664,-0.9951283432103368,-0.9991984838418828,-1.0054668229088983,-1.005644032112293,-0.9956882212554132,-0.9950243320361548
,,,,27.12673611111111,-1.0043876754797785,-0.9986195678715148,-0.9837337979152632,-0.995825018127896,-0.9904702162794876,-0.9973180785869676
,,,,27.137586805555557,-0.983112862149946,-0.9933094001510948,-0.9913924428945784,-0.9914043870761086,-0.9959533224397245,-0.9970339656271676
,,,,27.1484375,-0.989909817753971,-0.9928587303151296,-0.9915563219072958,-0.9983868014485846,-0.97872715780707,-0.9906224352048032
,,,,27.159288194444443,-0.9895896683322676,-0.9907745370215912,-0.9882836681062576,-0.989095761399514,-0.9812016846137134,-0.9809790946734452
,,,,27.17013888888889,-0.9776301520399984,-0.9739749372636368,-0.9832500630562392,-0.9729178385450172,-0.9756665165193558,-0.9777354007910324
,,,,27.18098958333333,-0.9633587601253004,-0.974167957019869,-0.970088376736241,-0.982410987645704,-0.9745692981417858,-0.9739871366925922
,,,,27.19184027777778,-0.9759579904602212,-0.9618662803832292,-0.9741976214820672,-0.9640160057987772,-0.9713502413100892,-0.9699344671643902
,,,,27.20269097222222,-0.9544118779338284,-0.9688697828891232,-0.9600005640743048,-0.954676706002867,-0.9548424503393328,-0.965272472691367
,,,,27.213541666666664,-0.9582401534169092,-0.9527672659980038,-0.943736865148564,-0.963339288350892,-0.9656593683154426,-0.9580119972390028
,,,,27.22439236111111,-0.950294799717565,-0.9513626268423352,-0.9441247531286772,-0.9436982345818976,-0.9496340976167256,-0.9536352364565592
,,,,27.235243055555557,-0.9431439064268146,-0.9434484927401328,-0.941186045528588,-0.9430820382534424,-0.9402722782796012,-0.939009426115472
,,,,27.24609375,-0.9383102356834624,-0.93222244039316,-0.9360438627480964,-0.9420572339737278,-0.9399434132196228,-0.9328666214110598
,,,,27.256944444444443,-0.917963372497614,-0.927163040448369,-0.9171906546578954,-0.9180714312333682,-0.928855700889448,-0.9217981908809156
,,,,27.26779513888889,-0.9141371661950428,-0.9100302844210444,-0.9174291330101718,-0.9075463708556778,-0.916823933631032,-0.909874101567286
,,,,27.27864583333333,-0.9016597016757906,-0.9014531061052692,-0.9007995457315326,-0.9092420612883922,-0.897251714968349,-0.9105347766853764
,,,,27.28949652777778,-0.8971238177228568,-0.9052490190979806,-0.8951093106026825,-0.8976454513040661,-0.8936880235236571,-0.8935017307857076
,,,,27.30034722222222,-0.888332859306021,-0.8761100936199903,-0.8935197041883907,-0.880482556609566,-0.8812356655577449,-0.8885732112298761
,,,,27.311197916666664,-0.867817705816086,-0.8629563989237509,-0.862759659425374,-0.8773047757369021,-0.8720357713585207,-0.8736648519767211
,,,,27.32204861111111,-0.8671240083760533,-0.8706267592865496,-0.8631850965248538,-0.8692843011412007,-0.8552655196103928,-0.8570897770210386
,,,,27.332899305555557,-0.8494332269883637,-0.8492584248928783,-0.8432237442314586,-0.8463898403130576,-0.8466774994979884,-0.8451834722094811
,,,,27.34375,-0.8257715582312775,-0.839739541955759,-0.8255528810070256,-0.8269304358861747,-0.8280267110038707,-0.8321074144790275
,,,,27.354600694444443,-0.8067114085298523,-0.8155609762338113,-0.8135747217038921,-0.8167034635831951,-0.8117395894307503,-0.8173685586859487
,,,,27.36545138888889,-0.8021811632929248,-0.8035552861443973,-0.8072881493640135,-0.8025644035458589,-0.7933302885201363,-0.8063353345221557
,,,,27.37630208333333,-0.7943988466587627,-0.7946760736576177,-0.7839308336654981,-0.784634132295732,-0.7882465788777951,-0.7836807975253272
,,,,27.38715277777778,-0.7630329803013877,-0.7751249139446793,-0.7711384505269216,-0.7732929481001451,-0.7725451564284381,-0.7673083049001918
,,,,27.39800347222222,-0.7580227950459031,-0.7464260316390836,-0.7571053989437535,-0.7554408461143367,-0.7534916214960777,-0.7588145864904657
,,,,27.408854166666664,-0.7461182120600502,-0.7449745461850427,-0.7389471010652187,-0.7426979715918512,-0.7488317895660311,-0.7469500159928135
,,,,27.41970486111111,-0.7208181197880112,-0.7333633049250637,-0.7224817382276191,-0.719890447755312,-0.7230932852381328,-0.7272090521440002
,,,,27.430555555555557,-0.7074548973995843,-0.706102651637343,-0.7044883496923361,-0.6987593896653117,-0.7012556732459361,-0.7069029730262714
,,,,27.44140625,-0.6877430739834632,-0.693648842750742,-0.6947523221575117,-0.6962830259210198,-0.6905380410062214,-0.6964448668390264
,,,,27.452256944444443,-0.6729339062268935,-0.6705270574015154,-0.671986309548305,-0.6739047932351239,-0.6679333391264722,-0.6685120517004979
,,,,27.46310763888889,-0.6570536634212425,-0.6542550033403262,-0.6536905143905776,-0.6489327088478319,-0.6542720646097526,-0.6553004673907733
,,,,27.47395833333333,-0.6384104903942202,-0.6397181166693168,-0.6350041327629916,-0.6309332475183304,-0.6397225003431736,-0.6294260084525147
,,,,27.48480902777778,-0.6141678851484775,-0.6161207222161997,-0.6139107800432874,-0.6074988840560775,-0.6104597145903223,-0.6193766600448916
,,,,27.49565972222222,-0.5951559852454618,-0.6009349566617763,-0.5956411902546924,-0.5990097725122109,-0.5896818124177551,-0.6028728579211733
,,,,27.506510416666664,-0.5799917374382074,-0.5764938541421776,-0.5748221506290594,-0.5756341180687458,-0.5742987325084453,-0.5674462464895623
,,,,27.51736111111111,-0.5550353064222202,-0.5585783704372249,-0.5481901664380002,-0.5605046266575693,-0.5474529996387109,-0.5510599494777161
,,,,27.528211805555557,-0.5328505148020053,-0.536920072275962,-0.5367972295939908,-0.5306137514522875,-0.5360575578475387,-0.5316836173240475
,,,,27.5390625,-0.5168590262318078,-0.5081092457492704,-0.5132597090654291,-0.512797356681343,-0.5121979840059412,-0.5163430010929818
,,,,27.549913194444443,-0.4876253501664068,-0.4953573812291664,-0.4945371358597105,-0.4887180908674357,-0.4885978611790464,-0.4989102854123482
,,,,27.56076388888889,-0.4750540786843091,-0.4692728654018593,-0.4737820750314775,-0.4681606423990345,-0.475251983905379,-0.4709051622977048
,,,,27.57161458333333,-0.4414302100463518,-0.4450894444281285,-0.4493838022321598,-0.4455175358697023,-0.4460356953758513,-0.4489879625556867
,,,,27.58246527777778,-0.4393520477837156,-0.4189272703177126,-0.4320307341070823,-0.4286927530966159,-0.4338729929381111,-0.4294134527740977
,,,,27.59331597222222,-0.4007439948024136,-0.4025949849424029,-0.4023124935307717,-0.4101787816300949,-0.4058700775484364,-0.407757272506453
,,,,27.604166666666664,-0.3874830290681603,-0.3779916156671891,-0.3807424667729666,-0.3836474711239474,-0.3838166181419931,-0.3851920807582856
,,,,27.61501736111111,-0.3697385293672205,-0.370470350059966,-0.3614038692489333,-0.3606746248469321,-0.3568083079396957,-0.3611601855856465
,,,,27.625868055555557,-0.3391691549022157,-0.3451981760882528,-0.3291623340822635,-0.3353633494706112,-0.3351322103054976,-0.3324311443455574
,,,,27.63671875,-0.3103490442332359,-0.3212422451172714,-0.3051858133758113,-0.3216713487242341,-0.3129150326339701,-0.3159981238377688
,,,,27.647569444444443,-0.2861250633388928,-0.2988575366261634,-0.2887358526137629,-0.2927597910133078,-0.2946940849411253,-0.2938198130832632
,,,,27.65842013888889,-0.2682759775992427,-0.2591114176914932,-0.2653554212058026,-0.2678510704016358,-0.2672920410777156,-0.2664856816125462
,,,,27.66927083333333,-0.2429129660171964,-0.2473763131614364,-0.2379730733005474,-0.2314532354533957,-0.2335149708893807,-0.2400423199564443
,,,,27.68012152777778,-0.2189624691052012,-0.2181002792854685,-0.221616176673156,-0.2131334125544972,-0.2196754549680639,-0.2184095550003925
,,,,27.69097222222222,-0.195622226790818,-0.195134514463933,-0.19210964654509,-0.2031690436473925,-0.2065240538983175,-0.1959963267654769
,,,,27.701822916666664,-0.171075191547059,-0.1716348808933365,-0.1747611822942955,-0.165317440991517,-0.1676856717567239,-0.1707873874267095
,,,,27.71267361111111,-0.1472011216002869,-0.1505259452606987,-0.1442927019023104,-0.1532194770429434,-0.1426847720133909,-0.148927041833078
,,,,27.723524305555557,-0.1223111218135897,-0.1242476323501597,-0.119795318430504,-0.1234576101672704,-0.1198715637518321,-0.1322314327304287
,,,,27.734375,-0.0967378960006078,-0.0925980622804822,-0.0963492110969277,-0.0950624080284908,-0.0922797860269079,-0.1004727478321583
,,,,27.745225694444443,-0.0681718852005489,-0.0734220897563036,-0.0836388760202087,-0.0756520642314952,-0.0782459554187276,-0.0730117087636469
,,,,27.75607638888889,-0.0546368913237991,-0.0534609455556078,-0.0468008047710953,-0.0389636912438797,-0.0469188809814625,-0.0505397699157784
,,,,27.76692708333333,-0.0211158854154405,-0.0229529683746568,-0.0196282190437244,-0.0237506703037432,-0.0263336369856499,-0.0230963696139596
