event_id,start_time,asset_name,manual_event_type,timestamps (in ms),Vab,Vbc,Vca,Ia,Ib,Ic
event_0496,2022-06-29,test_0496,placeholder,0.0,0.0023724993491263,0.0032821528954219,0.0011085267505655,-0.0042721854145549,-0.0012323906994718,-0.000374264636416
,,,,0.0108506944444444,0.0225385662650186,0.0225069972335359,0.0294969489593478,0.0236964014321228,0.0177293811687371,0.0296867313135484
,,,,0.0217013888888888,0.0450048434428063,0.0449020202797087,0.0599223145340757,0.0539932982691016,0.0495308265674236,0.051529230141649
,,,,0.0325520833333333,0.0766413875283681,0.0725362105801404,0.0689286284976012,0.0788326760063666,0.0694187722935064,0.072999602363237
,,,,0.0434027777777777,0.0989481923373849,0.0981809717662417,0.1011538371626027,0.1018549603191746,0.0987813991604173,0.102615622355363
,,,,0.0542534722222222,0.121161381884099,0.1265328535529746,0.11398540555579,0.1286885914433216,0.1227211420257903,0.1273976296433069
,,,,0.0651041666666666,0.1564021397263,0.13835807627171,0.1438721883823676,0.145468464760556,0.1449283475035893,0.1517261522002747
,,,,0.0759548611111111,0.1777497428961006,0.1637596174742848,0.1690255617521527,0.1677896301221722,0.1750380306887279,0.1692150010251024
,,,,0.0868055555555555,0.1815607562902149,0.1934786814394117,0.1986707989253219,0.1937124592627134,0.1944358102050435,0.1917344888092156
,,,,0.09765625,0.2175464427159269,0.2170073805971694,0.2230502268957364,0.2203277779536367,0.2247535903914153,0.2202859714921059
,,,,0.1085069444444444,0.247186939174176,0.2467942406475521,0.239145962425597,0.2416225172984944,0.2452801749531077,0.2444330856745765
,,,,0.1193576388888888,0.2685752874988907,0.2725537260881527,0.2710301138898754,0.2658845688466115,0.2617984838390204,0.263736013766805
,,,,0.1302083333333333,0.28636521010539,0.287070936861843,0.2882959613031806,0.2833351606572789,0.2928419946337213,0.2906877389372511
,,,,0.1410590277777777,0.3202824865938045,0.3199436532621537,0.3124801017192131,0.3125523280878779,0.3190837174917743,0.3214518026295025
,,,,0.1519097222222222,0.3306199588282602,0.3295915083620627,0.3281006749751459,0.3357842196940678,0.3320580330433044,0.3322316648581631
,,,,0.1627604166666666,0.3591175288512485,0.3678884979112322,0.3574606702851989,0.3613031454598779,0.3565456635807893,0.3616378601195885
,,,,0.1736111111111111,0.3885612639927632,0.3799305766405363,0.3820585628658763,0.3843676345636511,0.3905012754540389,0.3844093622138105
,,,,0.1844618055555555,0.4039901789863017,0.4182456270544759,0.4050082250846095,0.3974628894479165,0.4085066982231513,0.3985772469231571
,,,,0.1953125,0.4267907734466242,0.4269217541266366,0.4258710946745793,0.4312221787681887,0.4318228196835723,0.4290200393643186
,,,,0.2061631944444444,0.4455803845793678,0.4595842113662755,0.4447155544185433,0.4533526653578146,0.4467183455574093,0.4564794349970588
,,,,0.2170138888888889,0.4685844738929638,0.4646070189549557,0.4653804885688476,0.4717106679662386,0.474740592382102,0.4739965968983892
,,,,0.2278645833333333,0.4970080962414439,0.4919192739188901,0.4944038921360445,0.4949095532102081,0.493998192393432,0.4986933666784955
,,,,0.2387152777777777,0.5135499736678776,0.5146232807199133,0.5054584766888717,0.5149906242807528,0.517498342856347,0.5064257612099125
,,,,0.2495659722222222,0.5388159023220982,0.5358847597197686,0.5250056122366916,0.5322611127396504,0.5412920120230915,0.5367757671433312
,,,,0.2604166666666666,0.564140228909405,0.5577713497576338,0.5565533390880395,0.558794710978425,0.5554955511429398,0.560434209913654
,,,,0.2712673611111111,0.5678285085141659,0.5773065502267838,0.5760675032585398,0.5727497251095894,0.5728274526120171,0.5744312819270557
,,,,0.2821180555555555,0.5998405446430991,0.5950402482782382,0.583515913503724,0.591584124638245,0.6036813460206362,0.6021669693774634
,,,,0.29296875,0.612161063559505,0.6162491508778203,0.6215301611902732,0.613242697430635,0.6313982040085262,0.6178637546896992
,,,,0.3038194444444444,0.6358540368041813,0.6213550403292823,0.6378774139222781,0.6356274603168656,0.6356154343190592,0.632182514054922
,,,,0.3146701388888889,0.6508844553313088,0.6562005108386157,0.654571698946749,0.6524284130067957,0.6602914260083685,0.6509263734395969
,,,,0.3255208333333333,0.6760504022127474,0.6774376796719652,0.6807338777439764,0.6671530507844425,0.6713124231996765,0.6611283196362925
,,,,0.3363715277777778,0.6871328852074806,0.6844440929669965,0.6882051701321797,0.6939756429304909,0.6850636589855111,0.6811890499142504
,,,,0.3472222222222222,0.7081362147078932,0.709026824425791,0.7039363572236664,0.7138645025680049,0.7045239694207953,0.7000073070820535
,,,,0.3580729166666666,0.7262391465291217,0.725658043720898,0.7221743951876104,0.7219024898541698,0.7298069965985824,0.7336629101837391
,,,,0.3689236111111111,0.7389857347841902,0.7362931274195402,0.7413428685647774,0.7302744381358626,0.741240892151333,0.7402333764689424
,,,,0.3797743055555555,0.7574659001365388,0.7577502539298685,0.7489775958088156,0.7556771650917585,0.7514408264598743,0.757016970280782
,,,,0.390625,0.7710799341703547,0.7765375566163598,0.7750111710911356,0.7672242457220185,0.7739818100136974,0.7731620551221678
,,,,0.4014756944444444,0.7896125101215465,0.7848884300213392,0.7848236578943516,0.7909329585501716,0.7810162183771585,0.7896178212914403
,,,,0.4123263888888889,0.8092022701780734,0.7972670325514655,0.7962367816389057,0.7972199929379253,0.7994292712506869,0.8111835195912357
,,,,0.4231770833333333,0.8121194033546711,0.8247867364893989,0.8287638163756226,0.8165672184960447,0.8167052825925769,0.8128182855529625
,,,,0.4340277777777778,0.8316553276776649,0.8440979347733529,0.8327272629237135,0.8364722625156924,0.8293691991850524,0.8235417125911412
,,,,0.4448784722222222,0.8525309748293994,0.8413558786731853,0.8451322645431144,0.8409862626948723,0.8457765592336896,0.8533482538418732
,,,,0.4557291666666666,0.8508186949504346,0.864485661513924,0.8567376388643676,0.8563206819919741,0.8543081829555973,0.8556365487112111
,,,,0.4665798611111111,0.8725210456294641,0.865617326665007,0.8693229105760009,0.8715580787866708,0.8699385590081654,0.8664901635349054
,,,,0.4774305555555555,0.8798382115373874,0.8764729820469312,0.8826458233098121,0.8818101874492428,0.881865518122764,0.8827670038713564
,,,,0.48828125,0.8916089359459405,0.899211343006878,0.8956113549152155,0.8882092974134363,0.8819240520297423,0.8987828727630013
,,,,0.4991319444444444,0.9027116758411944,0.91023735317716,0.9096821312367384,0.900284734907094,0.9063592235217254,0.9012357614698756
,,,,0.5099826388888888,0.9154592833000208,0.9190369455579124,0.9182070367884227,0.9048948139901816,0.9187131860471248,0.9108508400167132
,,,,0.5208333333333333,0.9333401820357964,0.9309121868519202,0.9223252316013464,0.9161110952351172,0.9256317421476752,0.9295155086883958
,,,,0.5316840277777778,0.9345328378936172,0.9319493080143711,0.9300325271184234,0.9265687251244796,0.9291357086229232,0.935311287136898
,,,,0.5425347222222222,0.9379114975869102,0.9450917740644228,0.9447087979302464,0.9463609126765028,0.942978257614745,0.9433799008917524
,,,,0.5533854166666666,0.9489302262082208,0.9450898689045222,0.9432765148339598,0.9469414609280342,0.9500253678736216,0.95355305436543
,,,,0.564236111111111,0.958868467361663,0.9587158296723544,0.9592402790038976,0.9568032764482642,0.958144618756317,0.9590795490119944
,,,,0.5750868055555556,0.9593493088262652,0.9689918138384698,0.9530876794556032,0.9634685326030024,0.9676541783521464,0.9600070647765904
,,,,0.5859375,0.9663264031773444,0.9838912083175232,0.9643175620326948,0.9719780907723072,0.9677671245043632,0.9636253517694552
,,,,0.5967881944444444,0.9771507640307928,0.9772410589268116,0.9665012730286058,0.9741609883727604,0.9762529849156574,0.9792806694031738
,,,,0.6076388888888888,0.9823144902442418,0.9824271407813112,0.9785831294392228,0.9817039529263356,0.9748189202022988,0.9798370226979756
,,,,0.6184895833333333,0.9862131395132504,0.9842081448898572,0.9860232039409956,0.9826627475546656,0.9825842782818964,0.9859344215047828
,,,,0.6293402777777778,0.9872002555232264,0.987512661443694,0.9908142253723332,0.9858327931324576,0.9915412330713478,0.9808895793733114
,,,,0.6401909722222222,1.0002836859706912,0.9935631297272516,0.9961360730334012,0.9850468586649664,0.9916394000119751,0.9993435279608484
,,,,0.6510416666666666,0.999306011768877,0.99234067366267,1.0052041690877518,1.0071330243231695,0.9998117334652298,0.9984211114476906
,,,,0.661892361111111,1.002130689476189,0.9981331844276472,0.9960584606901204,1.004595595306426,0.9954938148157848,0.9976276035998806
,,,,0.6727430555555556,0.9975181353976366,1.0081620737364856,0.9973295136614216,0.9990656001843832,1.000497686217568,0.9995475442832212
,,,,0.68359375,1.0057688180581728,0.9957122393108652,1.0013689587629078,1.0072857325279814,1.0030104518426028,0.9909968575610796
,,,,0.6944444444444444,0.9927090915082728,1.001299992755586,1.0002668781641422,0.9975571575440458,1.0084098986732628,0.9990073010277368
,,,,0.7052951388888888,0.9984485949922453,0.9950069483955526,1.008666737442723,0.9950116571022783,0.999323915916842,1.000113513141918
,,,,0.7161458333333333,0.9995464391882,0.9974780263190643,0.9954619764102904,0.9995778290788766,0.9969474066193932,0.9886606835839136
,,,,0.7269965277777778,1.0007749706690627,1.0007319707349325,1.0013357786835353,0.994407229236299,0.9954200555166264,0.9940773474969254
,,,,0.7378472222222222,1.0000897917216578,0.9955564643209904,0.99429152537293,0.990911168065661,0.9943070773284076,0.9906753594411004
,,,,0.7486979166666666,0.9951721666153276,0.9898637288825874,0.9940543862303062,0.9934220955604915,0.9942796272038954,0.992562691649407
,,,,0.759548611111111,0.9889510220632898,0.996669833642458,0.9898084233395724,0.9902681319201228,0.992355301009528,0.987454382736543
,,,,0.7703993055555556,0.9849321984385978,0.9903101781043382,0.9825422750840712,0.9727235099838656,0.981706167900165,0.9817695856598008
,,,,0.78125,0.9861380127548584,0.977490891950322,0.9754285501486788,0.9798288319983706,0.9850655422205068,0.984858924473854
,,,,0.7921006944444444,0.9790365703921252,0.9738827482543534,0.9813781529755704,0.9775395996982744,0.981458839761108,0.9875244039154084
,,,,0.8029513888888888,0.9712005458052554,0.9732037769341092,0.9659765177099784,0.961501057480883,0.9712452810975102,0.9675453601174848
,,,,0.8138020833333333,0.9655390455455842,0.9590027652421608,0.960559321453569,0.9723985190188928,0.9639393909072178,0.9644670533259144
,,,,0.8246527777777778,0.9620505511606292,0.9574177835072788,0.9494604035337626,0.9527085512773684,0.9543946635497847,0.9565969330906412
,,,,0.8355034722222222,0.9527999928752444,0.946844722519205,0.9472147059584464,0.9510518645491994,0.958579033419091,0.9511401568594958
,,,,0.8463541666666666,0.9501277950297524,0.9426653418636564,0.9409373571356489,0.9401274613956284,0.9480376446835536,0.942540190120809
,,,,0.857204861111111,0.9388141372818796,0.9341918303136654,0.9307905072702484,0.930684116616782,0.929377631928524,0.9318083559673284
,,,,0.8680555555555556,0.9312204451170438,0.926695639036452,0.9283566350998256,0.9209816693962534,0.9216500375586388,0.917757559997775
,,,,0.87890625,0.909749881077662,0.9105493601099456,0.9155722112185456,0.9124041132885626,0.9156672260525084,0.9158283924616925
,,,,0.8897569444444444,0.9065880049108648,0.9009217499694564,0.9107460887337376,0.8981564833979722,0.9029314323095666,0.9036366232577848
,,,,0.9006076388888888,0.9023413427609608,0.8898628979561231,0.8961701946269321,0.8983944595917129,0.8868978930018033,0.8910166207442765
,,,,0.9114583333333331,0.889660878445404,0.8855063864092809,0.8847009402997069,0.8838200478744754,0.876558732651612,0.8797548933261409
,,,,0.9223090277777778,0.866850886986059,0.8768491163767552,0.8770570286470504,0.8669482887677573,0.8675356934706271,0.8547770838236244
,,,,0.9331597222222222,0.8578114081786217,0.8604887763929713,0.8555295615083471,0.8582869851370768,0.8624599284852162,0.8572800534392799
,,,,0.9440104166666666,0.8337057395713864,0.8430272193683841,0.8523307117900863,0.8460556465616009,0.83746430865163,0.8393642698998034
,,,,0.954861111111111,0.8439951764930883,0.8301226418354375,0.8327659506768453,0.8330150853049756,0.8302806328338171,0.8398175882604093
,,,,0.9657118055555556,0.8209605681805612,0.820648333905602,0.8150741307043847,0.8154219637626041,0.815955314194354,0.8231522332650476
,,,,0.9765625,0.8021711585181274,0.8106594577760687,0.8071331940098896,0.7968342086824882,0.7970086523527078,0.7999070198447258
,,,,0.9874131944444444,0.7897478233753236,0.7949026262727883,0.7879321004060403,0.7900772604544242,0.7911852863826522,0.7903926738517228
,,,,0.9982638888888888,0.7795797579346062,0.7736078335518588,0.7753299148862498,0.7656661566101713,0.7833148845943404,0.7707497220980423
,,,,1.0091145833333333,0.7587914474997123,0.7588708157698396,0.7571325046478231,0.7652767397992809,0.76057290313162,0.7505118571011985
,,,,1.0199652777777777,0.7419804922487039,0.7390938184834344,0.7443397292068736,0.7396478058424341,0.7383074323934516,0.736298474973719
,,,,1.030815972222222,0.7161830323950041,0.7269172012934393,0.7218523524371755,0.7308275132710885,0.715704734820261,0.7230511245036455
,,,,1.0416666666666663,0.71149032847241,0.7107481968047001,0.7145622598192001,0.7082621222715139,0.7032896481027008,0.7037164856915665
,,,,1.0525173611111112,0.6815460876715848,0.6894196732557412,0.6872038911272481,0.6850677130756813,0.6877520106137563,0.6840947830750942
,,,,1.0633680555555556,0.6832239460948445,0.6697537893014319,0.6743772010347281,0.6660853996041408,0.6665699311894234,0.6692396967139291
,,,,1.07421875,0.6562932843829017,0.6462994198534372,0.6555320765160884,0.6543679552942231,0.6504025037281145,0.653259086869114
,,,,1.0850694444444444,0.6309848858111381,0.6409184854429526,0.6339495407578422,0.6304939366124048,0.6333134102200703,0.6318716461585501
,,,,1.0959201388888888,0.6203524936151731,0.6178191494927616,0.6163803948478224,0.612976243304758,0.6177787456657373,0.6069092503351637
,,,,1.1067708333333333,0.5912151559687697,0.5906978470233842,0.6017312372070552,0.5988484072909906,0.595865206891827,0.6102945778829142
,,,,1.1176215277777777,0.5773846482578235,0.5734567194066558,0.5696246538192936,0.5807615488175917,0.5721521073816709,0.5829574136115762
,,,,1.128472222222222,0.5505127377584454,0.5555253851847186,0.5530178384785213,0.5509274986225884,0.552717888979219,0.5606611312624789
,,,,1.1393229166666663,0.5367961113724351,0.5383158419601324,0.5402049099340014,0.5379647176326391,0.5290082674377145,0.5282085325525732
,,,,1.1501736111111112,0.5129364524087,0.5033625624182844,0.5165105355116956,0.5019505177561882,0.5149363749675235,0.5108491606409298
,,,,1.1610243055555556,0.4832581610070515,0.5060521208381116,0.4934571372332017,0.4930350177737468,0.497564167566174,0.4896865821049108
,,,,1.171875,0.4761735861242947,0.4749560081346304,0.4708905426667728,0.463210781401726,0.4657513728609016,0.4723212969963362
,,,,1.1827256944444444,0.4437311322223063,0.4393999486761089,0.4548533595814657,0.448249967649027,0.4506918148208418,0.4519208703728251
,,,,1.1935763888888888,0.4357559326102136,0.4324456514712739,0.4336510543909321,0.4190192583784882,0.4198632928858832,0.4230081229743059
,,,,1.2044270833333333,0.4041556969689291,0.4026038914790557,0.4065657543072317,0.4073272229541693,0.3984355467179709,0.4047927081377087
,,,,1.2152777777777777,0.3836873318491302,0.3895744728635588,0.3937000413835054,0.3795683921655379,0.3797634444323273,0.3794647371353554
,,,,1.226128472222222,0.356779936821299,0.352121487093215,0.356144401685184,0.3658246762170197,0.3561157857941444,0.3635471141977278
,,,,1.2369791666666663,0.3389372545609899,0.342649984597316,0.3372943761360579,0.3486572122170017,0.3405373010928441,0.3439040343349213
,,,,1.2478298611111112,0.3084795832780934,0.3126226761634001,0.3104763252021024,0.3161739619104806,0.3128852469073888,0.3166429421604141
,,,,1.2586805555555556,0.2869768145910338,0.2879152213655191,0.2930353315958132,0.2984870003912782,0.294775994502537,0.2905536560155152
,,,,1.26953125,0.2721389787620537,0.275294974343033,0.2684821687343732,0.2684025409013756,0.2806407298599372,0.2686005264960259
,,,,1.2803819444444444,0.2438503208452847,0.2408406201589584,0.2389242013408759,0.2392282631271221,0.2506650612806255,0.2325310726204088
,,,,1.2912326388888888,0.2111226620256671,0.2156688398690869,0.2206036654894095,0.2179347926971449,0.2175453955196377,0.2095970089662606
,,,,1.3020833333333333,0.1984747763328963,0.1911324000997673,0.2053540402963394,0.1910600095087502,0.1969418576155065,0.1948978673034003
,,,,1.3129340277777777,0.1663749537626921,0.169499558131752,0.1713419876915039,0.1845277274159132,0.1706000431427715,0.1660244262902097
,,,,1.323784722222222,0.1446961375649789,0.1495915284755284,0.142848721433985,0.1545535129433726,0.1464707161092159,0.1368531543832776
,,,,1.3346354166666663,0.1248010490896281,0.1307542355479377,0.12787870567868,0.1209105677892328,0.1206400940928369,0.121291798458633
,,,,1.3454861111111112,0.1003764372323181,0.1027183288255221,0.0964647376050827,0.0991933897330819,0.1058349657309112,0.0913854034527151
,,,,1.3563368055555556,0.0796068437980199,0.0721513908573252,0.0741583588937809,0.0749121452678776,0.0743306922777192,0.0784913325403268
,,,,1.3671875,0.0566962478065594,0.0552096886814989,0.0493759856436575,0.0498934538078569,0.0464462613217064,0.0535723693760266
,,,,1.3780381944444444,0.0270512032788287,0.0198714503852495,0.0224268934860684,0.0253778480628577,0.0261085494267856,0.0248007064719457
,,,,1.3888888888888888,-0.001464603350696,-1.01066404036057e-05,-0.0001907336910552,-0.0081429091128884,0.0072380080592481,0.0007945900448329
,,,,1.3997395833333333,-0.0226153521696874,-0.0282962294518994,-0.0191491881095892,-0.0283284536462601,-0.020753826417967,-0.0248273338532453
,,,,1.4105902777777777,-0.0431316875347197,-0.0470157775896243,-0.0546518179363588,-0.053098493046497,-0.046702899541611,-0.0536414999518729
,,,,1.421440972222222,-0.0799670710041375,-0.0778947464231015,-0.0681228096433409,-0.0685904980216672,-0.0755228111452635,-0.0698270310490087
,,,,1.4322916666666663,-0.0971505118430426,-0.0952077755592604,-0.0947060918586779,-0.0939574183797828,-0.0980746361723556,-0.089126423757542
,,,,1.4431423611111112,-0.1279132319615582,-0.11184978825436,-0.120661144449369,-0.1269180421381262,-0.1294659734535947,-0.126907192066015
,,,,1.4539930555555556,-0.1525101823637524,-0.1505143831145859,-0.1495589551540806,-0.1424026592169149,-0.1532004679568743,-0.1494806519698617
,,,,1.46484375,-0.1590017319391159,-0.178954568067038,-0.1731324544824814,-0.17332760921692,-0.1709965337973031,-0.1788824099967258
,,,,1.4756944444444444,-0.1969060871977933,-0.2016639753624356,-0.1924944963793561,-0.1893815653089444,-0.1841054790960238,-0.1947504708783263
,,,,1.4865451388888888,-0.2078170275672431,-0.2211338855577586,-0.2190611462685699,-0.2208230951361506,-0.2197469158606278,-0.2242014877155036
,,,,1.4973958333333333,-0.2425300046070031,-0.2400129030876067,-0.2401612949036184,-0.2431901169991538,-0.2486862648872121,-0.2410994991844284
,,,,1.5082465277777777,-0.2690099477182201,-0.2567380964669641,-0.2558644158364456,-0.2646246451665036,-0.2706910979861269,-0.2658249265000305
,,,,1.519097222222222,-0.29161264355002,-0.2856431865443247,-0.2993040291266799,-0.2896887977855563,-0.2872100220643288,-0.2985141528201375
,,,,1.5299479166666663,-0.3084412780400117,-0.3315258726364956,-0.3187128576876001,-0.301538308974516,-0.3126070397325134,-0.3139654888901847
,,,,1.5407986111111112,-0.3353521923791506,-0.3410116704586887,-0.3358581684131935,-0.3311743182495976,-0.3320134091265336,-0.3244841854360791
,,,,1.5516493055555556,-0.362149136301204,-0.3597327802890622,-0.3612404249808547,-0.3567689589418794,-0.3614441578011054,-0.3507594525322427
,,,,1.5625,-0.3889784053483603,-0.3776423275714745,-0.3872112341076185,-0.3778203636238109,-0.3898156406744421,-0.3822459217952401
,,,,1.5733506944444444,-0.4040850873404552,-0.4012142792123602,-0.4003310826259839,-0.4073705759336119,-0.398999845601761,-0.4040795404513559
,,,,1.5842013888888888,-0.4308270483459072,-0.4225380387522425,-0.4246313533996263,-0.4238281673381939,-0.4215078579143075,-0.4263173463245895
,,,,1.5950520833333333,-0.4443756142814488,-0.4553919413458118,-0.4545821133784902,-0.4413594828294246,-0.4490440066559621,-0.4590733436280847
,,,,1.6059027777777777,-0.4722042393605166,-0.4638243849547781,-0.4644175240962196,-0.4682125148279964,-0.4773651524825944,-0.4728539580067648
,,,,1.616753472222222,-0.4851356062880035,-0.4894605813015356,-0.492483905170861,-0.4989633448271504,-0.4890176548201234,-0.4899835026935189
,,,,1.6276041666666663,-0.5132451287272072,-0.5136375946067073,-0.519416650382125,-0.5170840823275795,-0.5156034757941811,-0.5146728318407547
,,,,1.6384548611111112,-0.5444685880929974,-0.5371008732705965,-0.5333272781100524,-0.5399727134041219,-0.5346449572315274,-0.5283603524843506
,,,,1.6493055555555556,-0.5625203534065902,-0.5558718531307043,-0.5507591501866231,-0.5582641951788518,-0.557725495140017,-0.5545813994525217
,,,,1.66015625,-0.5737976947824448,-0.5771913112177744,-0.5783058470875596,-0.569851515883742,-0.586521513176013,-0.5756809011754985
,,,,1.6710069444444444,-0.6009114619754712,-0.6001922915102277,-0.5897315681091213,-0.5961601434251359,-0.5916160628179511,-0.6079180751799151
,,,,1.6818576388888888,-0.6214842651238626,-0.6175775561815978,-0.6133825956381092,-0.6093071503010157,-0.6239543763807145,-0.6189457614779837
,,,,1.6927083333333333,-0.6329432778712124,-0.6403301559493156,-0.6232745265695452,-0.6375325953752662,-0.6384928757215258,-0.6311215411415655
,,,,1.7035590277777777,-0.6427620057970825,-0.6556605139312336,-0.6491837960358744,-0.6596080295698855,-0.6485727736787928,-0.6596183324321719
,,,,1.714409722222222,-0.6764564395133231,-0.6635174632287515,-0.6681119651813814,-0.6724798340831007,-0.6640052468407669,-0.6740993116419405
,,,,1.7252604166666663,-0.7000767861904592,-0.6902559537484295,-0.6829723882745752,-0.6996578319822717,-0.6947882075890052,-0.6805485128149346
,,,,1.7361111111111112,-0.702269728733882,-0.7092997224430669,-0.7099763678730007,-0.6985174669522802,-0.7026470518862311,-0.7063758014579807
,,,,1.7469618055555556,-0.7188149888474985,-0.7288947011874103,-0.7228738554682905,-0.7254140714144834,-0.7179624432759867,-0.7193239973329407
,,,,1.7578125,-0.7322815420891851,-0.737523348104342,-0.7495119082734225,-0.7400343812082684,-0.7413549570434977,-0.7396650448939333
,,,,1.7686631944444444,-0.7574089995783603,-0.7658809226884992,-0.7585663643956876,-0.7619909071975651,-0.7554523301390945,-0.7611314958157466
,,,,1.7795138888888888,-0.7691819902056194,-0.7789826956649625,-0.7794391887496028,-0.771623733642838,-0.7737602272091585,-0.7789390232060651
,,,,1.7903645833333333,-0.7965745960380494,-0.781570218474728,-0.7894574621819527,-0.7985208616661971,-0.7844379287596797,-0.7932195647915711
,,,,1.8012152777777777,-0.8028993463681728,-0.8033934213546033,-0.8004900500709993,-0.7985504302823973,-0.7998108256288873,-0.7939909680141269
,,,,1.812065972222222,-0.8218997401253726,-0.8118853137332863,-0.8198292280332211,-0.8161981366043523,-0.8083240771311093,-0.8141403400778666
,,,,1.8229166666666663,-0.8278319458312443,-0.8296091116720699,-0.8374535095359762,-0.8412935241711348,-0.8322430600374517,-0.825602446696272
,,,,1.833767361111111,-0.8492743700490425,-0.8354971254070112,-0.8471044576109472,-0.845616724624161,-0.8516977900622924,-0.8454410440653631
,,,,1.844618055555556,-0.8608377201291056,-0.8595819293896608,-0.8665162430721323,-0.8500152058062861,-0.8430575313613096,-0.8618895240424336
,,,,1.85546875,-0.8700908995914697,-0.870356030477458,-0.8675630085742614,-0.8738916319079741,-0.8704799741593786,-0.865132737170677
,,,,1.8663194444444444,-0.888761534682968,-0.888819981967407,-0.8847050406712166,-0.8846763261795725,-0.8857767217813832,-0.8950320450710733
,,,,1.8771701388888888,-0.8879894955355083,-0.8950616023878238,-0.8861822175047903,-0.8897691518416003,-0.8966047314129337,-0.9020069840426777
,,,,1.8880208333333333,-0.8991411086911164,-0.9103769790669294,-0.9022877500404972,-0.9044697724925922,-0.9026107688361724,-0.8963925436082993
,,,,1.8988715277777777,-0.9114707874889832,-0.9140619376594986,-0.9102310056089408,-0.9119145770430752,-0.927921446693848,-0.906756181437094
,,,,1.909722222222222,-0.9308024263324844,-0.923764685969316,-0.9256135633176112,-0.9283453065540856,-0.9161098071294712,-0.9347588210962454
,,,,1.9205729166666663,-0.9359656072178704,-0.9382447105144572,-0.9321503304968234,-0.9343678449567304,-0.9319064426425148,-0.9328634691413156
,,,,1.931423611111111,-0.941000409864576,-0.9460339262438128,-0.9357507172792724,-0.9497559371791212,-0.9406661745909672,-0.9393101014887418
,,,,1.942274305555556,-0.951458149341638,-0.9366991503731096,-0.9448848797340824,-0.9526317714735216,-0.9557581470009404,-0.949367569189
,,,,1.953125,-0.9481312050078334,-0.956892107927918,-0.95671554859256,-0.953676840385651,-0.9496649383171792,-0.9579441272546748
,,,,1.9639756944444444,-0.9703648723439204,-0.9583197039412426,-0.9669734879633652,-0.958775565286464,-0.968240783091632,-0.9658969539530408
,,,,1.9748263888888888,-0.964086155615345,-0.9569437880080024,-0.9760250386450728,-0.9615384055781576,-0.9709888752181596,-0.9660610575602812
,,,,1.9856770833333333,-0.9744595985728606,-0.9709494222434488,-0.9764523507088144,-0.970615044789696,-0.9775248743389692,-0.9764128526870204
,,,,1.9965277777777777,-0.9732787516538456,-0.979803713405548,-0.992634511559888,-0.9762374845361004,-0.9752842174701744,-0.9752721333649932
,,,,2.0073784722222223,-0.9842195171673138,-0.978853638662851,-0.9849209538418944,-0.988521815310761,-0.9839821562993448,-0.9822247914004196
,,,,2.0182291666666665,-0.9907618600371788,-0.9872716997426902,-0.990612831327028,-0.984158757282691,-0.98230864140553,-0.9922966232820226
,,,,2.029079861111111,-0.9918012421313668,-0.9933469707977494,-0.9930651398378528,-1.0021218648787529,-0.9971232813583256,-0.9893163375612264
,,,,2.039930555555556,-1.0036514935866958,-0.9916515456574532,-0.9848360043906552,-0.9909764244757804,-0.9991811372365876,-0.9853476122983283
,,,,2.05078125,-0.9978577871844804,-0.9974553040598404,-1.003533174567049,-0.990963716190782,-0.9960885412379196,-0.9969852901354402
,,,,2.061631944444444,-0.9979130826756344,-1.0030096203346064,-0.9992796546183385,-1.0038619647794826,-1.0049541954652548,-1.001508598553165
,,,,2.072482638888889,-0.995285881707746,-1.0064351374339802,-1.0002965233837289,-0.9996158594690612,-1.0000980584278945,-0.9998893031864302
,,,,2.083333333333333,-0.996021940839074,-1.0049235297529824,-1.0060299071949932,-1.0028235994475148,-1.0004522733171652,-1.008464268786825
,,,,2.0941840277777777,-0.9918140513793002,-0.9998238920958044,-1.0079821070290378,-1.0051681714025695,-0.9997727860349616,-0.9960059513619453
,,,,2.1050347222222223,-1.0056518143597146,-0.9958591528625396,-1.0006837217646352,-1.0037960993218786,-0.9898813741524096,-0.9990327133136584
,,,,2.1158854166666665,-0.9931162718310051,-0.9964503368084796,-1.001703416274285,-1.0013455133440603,-0.9953693733844065,-0.9915404289056248
,,,,2.126736111111111,-1.0019630390737633,-1.005641729894452,-0.994077848385186,-0.9939733701269317,-0.988123503399368,-0.9989321575506412
,,,,2.137586805555556,-0.9937127666473752,-0.9884787547057888,-0.9907477462248132,-0.9884017591434028,-0.9963412871287952,-0.993774474665158
,,,,2.1484375,-0.982454377887228,-0.9916915635956456,-0.9841390857859356,-0.9906104231915792,-0.982266129464702,-0.9826724744688572
,,,,2.159288194444444,-0.9948860619919598,-0.9801657456432306,-0.9849740153172394,-0.9874063654809052,-0.978348894655284,-0.9835968252317392
,,,,2.170138888888889,-0.9860610576875288,-0.970516756511176,-0.9817760793756728,-0.9735117406383152,-0.9732521504341056,-0.9833078216060432
,,,,2.180989583333333,-0.9750112598511208,-0.9778060000533126,-0.974375397087882,-0.9743353450021902,-0.9794424103063812,-0.974287614970508
,,,,2.1918402777777777,-0.968121095144526,-0.9589152056443684,-0.9670605504405044,-0.9606927147347848,-0.96497599263879,-0.972956421211541
,,,,2.2026909722222223,-0.9635107267240942,-0.9635927288466792,-0.9624927543886604,-0.9638006716106507,-0.9658218675404564,-0.9617960711090052
,,,,2.2135416666666665,-0.9491806971873424,-0.9611707393032052,-0.9559336894927868,-0.963616152251248,-0.94858290807574,-0.9595746402930696
,,,,2.224392361111111,-0.9426831916360604,-0.9528867461472572,-0.943541139553688,-0.947647114488236,-0.94834092864964,-0.949064578494658
,,,,2.235243055555556,-0.9396513637010075,-0.941305970801102,-0.9545634256761868,-0.9465529284799252,-0.9448637018618362,-0.9497389781310674
,,,,2.24609375,-0.937652749953042,-0.9334023441927252,-0.9327076077123778,-0.9333302287074337,-0.9271164489742968,-0.930864872795851
,,,,2.256944444444444,-0.92664217053966,-0.9283242330277088,-0.9282112135689472,-0.921791838757422,-0.9379776285468844,-0.9281040321864262
,,,,2.267795138888889,-0.9112014291528654,-0.9142617690512328,-0.9132653637820848,-0.9147500593126172,-0.9135884453538576,-0.9207639329063808
,,,,2.278645833333333,-0.9076822253313138,-0.904920910200496,-0.9115896133030844,-0.9050757334985208,-0.9079299261736444,-0.9027681380664704
,,,,2.2894965277777777,-0.8963599698978852,-0.8948155423783776,-0.8941345974562587,-0.8905536529301331,-0.8891878129526909,-0.8948835690789709
,,,,2.3003472222222223,-0.8779551599440206,-0.8843164543714399,-0.885986671228806,-0.8733773512065949,-0.8869274618540416,-0.8816432544611038
,,,,2.3111979166666665,-0.8671188680653382,-0.8685545556737961,-0.8748355194165633,-0.8666054580555711,-0.875396949506006,-0.8632584177109753
,,,,2.322048611111111,-0.8584116628667884,-0.8602227979928733,-0.8571803486319056,-0.8585853778394084,-0.8581406327460273,-0.8491633572765203
,,,,2.332899305555556,-0.8530097935466285,-0.8445537327839882,-0.8432373165579654,-0.8529038033987923,-0.8459539320530777,-0.8516394120607983
,,,,2.34375,-0.8278090342244258,-0.832681987387637,-0.8381436794895045,-0.8341054604011504,-0.8346540353108555,-0.8275284748992853
,,,,2.354600694444444,-0.8180741091953553,-0.8205697816658785,-0.820156292952525,-0.8125327001809161,-0.8190967451921726,-0.8181337308298197
,,,,2.365451388888889,-0.8007188983295097,-0.807102917549721,-0.8113198029787287,-0.8051689797045014,-0.7984892338746761,-0.7979973101515062
,,,,2.376302083333333,-0.7910186081470066,-0.790567687865414,-0.7791666817843246,-0.794305634004942,-0.7968172058083086,-0.794204295710144
,,,,2.3871527777777777,-0.7759802555762387,-0.7727263517647741,-0.7715163273014374,-0.7741252585389898,-0.7658152133179039,-0.7739861793377327
,,,,2.3980034722222223,-0.7511622438224317,-0.7588905369788533,-0.7583055961349685,-0.7589670827652545,-0.7555233313950761,-0.7632875212586078
,,,,2.4088541666666665,-0.7450646190263106,-0.7430910623995864,-0.7351791076191198,-0.7389077877210961,-0.739259507186912,-0.7361011447809902
,,,,2.419704861111111,-0.7256505311870237,-0.7211993062162404,-0.7291797665536436,-0.7311651551934795,-0.7152556720970731,-0.7164449985839545
,,,,2.430555555555556,-0.7107263785908797,-0.7018197588042989,-0.6978087796589865,-0.7093474040137676,-0.6989420147168793,-0.7016697096568594
,,,,2.44140625,-0.6905838409739572,-0.6869327579740743,-0.6831614172426518,-0.6950673562418611,-0.6858377866388927,-0.6821433742000488
,,,,2.452256944444444,-0.6699715775759102,-0.6688027525264273,-0.6719677681732896,-0.6665014084495461,-0.6662602132734753,-0.67183134456652
,,,,2.463107638888889,-0.6453082400632135,-0.6562891397324263,-0.6610565920779092,-0.651862041688517,-0.6554955569571648,-0.658182158519618
,,,,2.473958333333333,-0.6265189395414088,-0.6329171555856798,-0.6312541004392904,-0.6337417775915387,-0.635581054071159,-0.6347884303720995
,,,,2.4848090277777777,-0.6108915582731059,-0.61577596025285,-0.6178536337196716,-0.6114957067984722,-0.6187977280004566,-0.6136093886794541
,,,,2.4956597222222223,-0.5972354628720207,-0.5992069012897276,-0.5943964829972622,-0.5974971920958322,-0.5917577414248874,-0.5995247069440975
,,,,2.5065104166666665,-0.572734323123524,-0.5791401998763901,-0.5680600108375123,-0.579946323719746,-0.5770190611494782,-0.5788090927785785
,,,,2.517361111111111,-0.5559879922752328,-0.5636092939429774,-0.5514433713843129,-0.5545864134083408,-0.5518874032675625,-0.5568451363595154
,,,,2.528211805555556,-0.5353405844057685,-0.5443370842461946,-0.53412318777512,-0.537243488147264,-0.5312242223567379,-0.5320912136832693
,,,,2.5390625,-0.5166522963443476,-0.5151204389625987,-0.5149667489058275,-0.5158556284091657,-0.508526939454884,-0.5145654444740105
,,,,2.549913194444444,-0.4943930837004514,-0.496377054600889,-0.4872011260567521,-0.4984233713809981,-0.4897350036836074,-0.4881723504083461
,,,,2.560763888888889,-0.4732352072229283,-0.4628635425110672,-0.4809367502027799,-0.4682506481538004,-0.4773268156934077,-0.473450221208933
,,,,2.571614583333333,-0.4491385397682844,-0.4482287939028186,-0.4486598313241985,-0.4540799525142142,-0.4502015435293547,-0.4515784158314588
,,,,2.5824652777777777,-0.4274510226651798,-0.4256447927692555,-0.4308158605133876,-0.4204744621017617,-0.4273534519685069,-0.4226332805614926
,,,,2.5933159722222223,-0.394245356941338,-0.4144222687687909,-0.4033800950035677,-0.4019173448068455,-0.403342558690183,-0.4093930441559408
,,,,2.6041666666666665,-0.3769513723815431,-0.3798034520707274,-0.3838312788306421,-0.3813969707194578,-0.3810430299998119,-0.3641915210379381
,,,,2.615017361111111,-0.3650099379440237,-0.3588277525422227,-0.35854048584573,-0.3511500280106755,-0.3569291915157054,-0.3537710565078111
,,,,2.625868055555556,-0.3323307100716886,-0.3357158020854467,-0.3391642281681328,-0.3415522267285102,-0.3405036523084728,-0.3370124916545094
,,,,2.63671875,-0.3170454455386026,-0.3090863864866013,-0.3091747436082123,-0.3225266210804616,-0.3248621606659621,-0.3194056455456348
,,,,2.647569444444444,-0.2844606181544327,-0.2932866496842162,-0.2950421006713286,-0.2887849218382888,-0.2922148886304239,-0.2888837745561544
,,,,2.658420138888889,-0.2687900664442236,-0.270991754384688,-0.264047027591121,-0.2678624288699988,-0.261758464994171,-0.2667151001007775
,,,,2.669270833333333,-0.239188248881251,-0.2466790942380813,-0.2430618579992686,-0.2470463791337361,-0.2421112447592796,-0.2415246332939933
,,,,2.6801215277777777,-0.2206674539065705,-0.2168225095847984,-0.2247929371671334,-0.2236109149405913,-0.2301205641038777,-0.2229993788214186
,,,,2.6909722222222223,-0.1944953304504684,-0.1939586376856661,-0.1905867835298217,-0.1850142521998997,-0.1877027513182778,-0.1963420122033109
,,,,2.7018229166666665,-0.1611545988918477,-0.167685668686552,-0.1614615802327616,-0.169247706604797,-0.1703747776171398,-0.1690310713844491
,,,,2.712673611111111,-0.1439820718936039,-0.1486368849029259,-0.1506415064793332,-0.153068616652458,-0.1476966210514674,-0.1418379172409373
,,,,2.723524305555556,-0.1261617556660967,-0.1235949883660975,-0.1138008624474608,-0.119759253428779,-0.1229053263897906,-0.1221712055293121
,,,,2.734375,-0.0987831374945094,-0.0999381191579236,-0.0888522819736952,-0.0930471302372445,-0.0991657088471529,-0.1060756235576344
,,,,2.745225694444444,-0.0657695861854754,-0.0766365403993467,-0.0784205914650419,-0.0774353444429392,-0.0738595612217785,-0.0641421081228428
,,,,2.756076388888889,-0.0518308423426468,-0.0601254041790719,-0.0473656749406713,-0.0482359566203293,-0.0426064712454839,-0.0484816713985882
,,,,2.766927083333333,-0.0300613139656958,-0.0234517005734383,-0.0276295733214522,-0.0147519219550177,-0.018245975785461,-0.0203123244250929
,,,,2.7777777777777777,-0.0011148082190215,-0.0032143741688245,0.0068266160895082,0.0053046944666567,0.0015093706908814,0.0080926630292755
,,,,2.7886284722222223,0.0243387724480864,0.0206047139074076,0.0299417446831487,0.0338301588153873,0.0360180894706839,0.0273996612572213
,,,,2.7994791666666665,0.0477574099768723,0.0530658526316445,0.0467534434822646,0.0513786767632152,0.0557802101458965,0.0553563732525293
,,,,2.810329861111111,0.0708881700465023,0.0823000112986118,0.0692710511086661,0.0720266405043996,0.076505541828541,0.0764140261209985
,,,,2.821180555555556,0.0939587111243133,0.0984355756895605,0.091474081223031,0.0981668513162226,0.0998519721266682,0.0900732917798756
,,,,2.83203125,0.1195553212771826,0.1231460573146848,0.1194762540194286,0.1209188809080645,0.1267649919588097,0.121630743647531
,,,,2.842881944444444,0.156037731362875,0.1445106792151464,0.1442161416461895,0.1390623050652755,0.145688554857475,0.1478112133021107
,,,,2.853732638888889,0.1707929495668604,0.1696604210555997,0.1656823069922074,0.16303870942544,0.1701410751611747,0.1775860079914441
,,,,2.864583333333333,0.1907895654171973,0.1965176692137377,0.1889468387333124,0.2026161196421396,0.1928625386531376,0.1958923835926739
,,,,2.8754340277777777,0.2262355434188336,0.2254211728541709,0.2172032196329049,0.2129069008171458,0.2179571614637362,0.2120121265573911
,,,,2.8862847222222223,0.2389380348761063,0.2431360389065629,0.2471882527997462,0.2408869866555703,0.2398460664511509,0.23593628599438
,,,,2.8971354166666665,0.2663529548384196,0.2665912758716959,0.2651104434986731,0.2769608491972109,0.2620025144857218,0.2655431420311961
,,,,2.907986111111111,0.2908771239450645,0.293371128397682,0.287528157251915,0.2907101744986201,0.2978431771195349,0.2872181895844217
,,,,2.918836805555556,0.3172113060719611,0.3111128087030986,0.3148953878715912,0.3069618512996976,0.3072433508141643,0.3048276658414293
,,,,2.9296875,0.3255946434208043,0.3349761407028206,0.332867583633338,0.3427692420633151,0.345280755981765,0.3366764666846549
,,,,2.940538194444444,0.3666134098036275,0.3636094009296405,0.3546549602643764,0.3620306403468666,0.3566069277176854,0.3628083850586973
,,,,2.951388888888889,0.3853267819593403,0.3838206991680937,0.3835898482718479,0.3755791769199362,0.3798956961931788,0.3826994364627935
,,,,2.962239583333333,0.4030561243670074,0.4101323528826418,0.4068503571301312,0.4085803869327756,0.4071226989585535,0.3978866094672884
,,,,2.9730902777777777,0.4320758321606973,0.431329780706073,0.4349675053120826,0.4204514421911224,0.4313101380128701,0.4257000829494506
,,,,2.9839409722222223,0.4480728850933022,0.4634091079363244,0.4543829881403601,0.4585812246087793,0.4530521766611594,0.4470232144065448
,,,,2.9947916666666665,0.4709666028190204,0.4709874864895577,0.4712705326703001,0.4716287379384889,0.4768969593934691,0.4637318755487556
,,,,3.005642361111111,0.4981979381948297,0.4908061850121067,0.4899883762143649,0.4936716776038609,0.4918534995708392,0.4850709319373651
,,,,3.016493055555556,0.5179513088897055,0.5199885403311139,0.5100933996080352,0.5197565666361327,0.5139831699324845,0.5138120764348089
,,,,3.02734375,0.5246964245819196,0.5283541689477939,0.5283270169513823,0.5329533034082294,0.5265857336309664,0.5364041883158557
,,,,3.038194444444444,0.5609087627552046,0.5569442698069121,0.5512414259467429,0.5571056738783211,0.5608052367389981,0.557189755037662
,,,,3.049045138888889,0.5763763503604228,0.5766579137761039,0.5779282185885475,0.5736608168146267,0.5782490411967801,0.5819449691725332
,,,,3.059895833333333,0.5895701154538306,0.5945619771088945,0.6028393612607236,0.5876732343256151,0.5932766472560175,0.5949038477979577
,,,,3.0707465277777777,0.6049539332759253,0.6167564842461781,0.6104628781493703,0.6180737579188874,0.6080857403063935,0.6185803545028307
,,,,3.0815972222222223,0.6449404853140218,0.6389296453651608,0.6370654371749325,0.6331033744271933,0.6330796640960262,0.6280398062914123
,,,,3.0924479166666665,0.6527238198376043,0.6520902233257507,0.6540846068479123,0.6465722744598809,0.6525640758908352,0.658298294884134
,,,,3.103298611111111,0.6686233705061901,0.6721398225421006,0.6681543650907853,0.6777649281353143,0.6740052124621477,0.6803142895807056
,,,,3.114149305555556,0.698123136351529,0.6942018922375897,0.6921523541364452,0.6861379528628044,0.6913986804308266,0.6892401858833319
,,,,3.125,0.7059447517291126,0.7104424009040377,0.7097399415420923,0.7083697318689766,0.70616944745585,0.7083504740377408
,,,,3.135850694444444,0.7223038706934911,0.7209108838968701,0.7261861077903599,0.7264174120053726,0.7273218351543053,0.7243731009098987
,,,,3.146701388888889,0.7365746852172748,0.7434143150245182,0.738717418439514,0.7392309791588085,0.7457723737270843,0.7377417122866271
,,,,3.157552083333333,0.7617591999071269,0.758748681006186,0.7622396154483233,0.7591832842621404,0.7593361943930604,0.7496784718566166
,,,,3.1684027777777777,0.7690171171116641,0.7690074134193483,0.7740876233714614,0.7681636702442272,0.7688188104494033,0.7628054468298288
,,,,3.1792534722222223,0.7838580166874993,0.7815388845933882,0.7830148396509509,0.7901818211782483,0.7841789987383685,0.7894020612584157
,,,,3.1901041666666665,0.7963366010950071,0.8100453521888159,0.7998851144668485,0.8093530935571932,0.800812149613647,0.8096558914776957
,,,,3.200954861111111,0.823646828669804,0.817322448482422,0.826228083763024,0.8168924170631978,0.8102298973088575,0.8162497366071005
,,,,3.211805555555556,0.8336810435972979,0.8333346876418869,0.8293337311394336,0.8329029913504978,0.8309211468517874,0.8424254550213051
,,,,3.22265625,0.8545869935205406,0.8364028550428845,0.843933311053304,0.8429453978045436,0.8349112204837079,0.8437923217257598
,,,,3.233506944444444,0.8545426455109738,0.8516855154764527,0.8590861133240042,0.8623944179791395,0.8626053838254952,0.861494317172192
,,,,3.244357638888889,0.8696883778073358,0.8632693252044135,0.8601029163166263,0.8630908724234105,0.8734785615978694,0.8666101067929332
,,,,3.255208333333333,0.8772473143134882,0.8714591663040204,0.8817399245836219,0.8806312736968945,0.8765741000227183,0.881972644551004
,,,,3.2660590277777777,0.893743933669434,0.8875686931577081,0.8898674564904273,0.9059194898451628,0.8944202269214155,0.8823780706600434
,,,,3.2769097222222223,0.906787687114698,0.9026088457779996,0.9143446733116392,0.9092744295722582,0.9123332933170588,0.9029127585882492
,,,,3.2877604166666665,0.9134236343959588,0.9161833600521228,0.9190495194497248,0.9038175867996312,0.9152866811674628,0.9135933701856448
,,,,3.298611111111111,0.9164421040178088,0.9177893917207344,0.9262452412354336,0.9213102694967448,0.9175877923115694,0.9299610293225188
,,,,3.309461805555556,0.9326029429597,0.935078744527856,0.937752430213662,0.9360833751998416,0.9313443410825476,0.9315028404574826
,,,,3.3203125,0.9398351752482949,0.9463440219811868,0.9398400245278682,0.938478927072827,0.9397614072870688,0.9382811849444046
,,,,3.331163194444444,0.947014010415238,0.9439349287853736,0.9591426867307764,0.950123396653662,0.9474076484255874,0.9530485638688656
,,,,3.342013888888889,0.961234072772732,0.9604712344445088,0.9508967462035752,0.9493063867676714,0.9602059757086556,0.958657707530985
,,,,3.352864583333333,0.9581084057439968,0.9635410593661854,0.9590042984261524,0.9686877053627482,0.9600791177042198,0.9581138258307618
,,,,3.3637152777777777,0.9652212354215456,0.9778801552332096,0.9768634724931384,0.971085769094694,0.9645549818571248,0.9659422876009508
,,,,3.3745659722222223,0.9827560863300024,0.965658461280734,0.9785369554737468,0.979111092164694,0.9774400428775882,0.9752109090515892
,,,,3.3854166666666665,0.9740587537745496,0.9830612707164442,0.9880063017326126,0.981501840967146,0.9870916953407834,0.9831328541708274
,,,,3.396267361111111,0.9810686663324014,0.984650069487084,0.9872259462540884,0.9898310152652948,0.9841182459314568,0.9831960433728172
,,,,3.407118055555556,0.9905500912088272,0.9788136518318986,0.9915463987880494,0.9903820036433092,0.9839296162695956,0.986639317453444
,,,,3.41796875,0.9998953185206184,0.996817881123642,0.9892830377239084,0.9870804222879356,0.9956922712497952,0.995185393867684
,,,,3.428819444444444,0.9921825493575254,0.9888960743793022,0.9858852241461497,0.9969270145941088,0.9976793336495668,0.9998252568901292
,,,,3.439670138888889,0.9912051636156765,0.997126208149883,1.000529363078985,0.9893206988417114,1.0003610367950462,1.0009534327141238
,,,,3.450520833333333,0.9905023476941548,0.988305131066553,0.9988125527332552,1.0023779470802443,0.9982973410105828,1.0085187164730962
,,,,3.4613715277777777,1.003620333281548,0.9894977305329218,0.9996038973549424,1.007339237399764,1.0052354369269545,1.0008031138093396
,,,,3.4722222222222223,1.0026213774456774,1.007957137995222,0.99861890570485,0.996320208701258,1.0103407624998495,0.991936328115564
,,,,3.4830729166666665,0.997002024956127,1.0093592393328317,1.0066588259903173,0.9976286018263776,0.9973308315308116,1.0050663475973831
,,,,3.493923611111111,1.0049373726664508,0.995526924281206,0.9986910108457616,0.9986190382812888,1.009845847063623,0.9958559056301602
,,,,3.504774305555556,0.9954365705590588,0.9947277216927816,0.9962539193697304,1.0052947191781951,0.9997098864236932,0.9897391132699738
,,,,3.515625,0.993812808353423,0.9962830994934324,0.9892222655309776,0.9944355635340054,0.9978253677751,0.9956884760792452
,,,,3.526475694444444,0.9908386689704306,0.9947654930181532,0.9898301813508772,0.992140917073529,1.0026078694984748,0.9873964516205608
,,,,3.537326388888889,0.993418759299353,0.998630427911022,0.9869789124344636,0.9929910262733168,0.9852834482887716,0.990252018383024
,,,,3.548177083333333,0.9794940332363992,0.987548004389299,0.9849290925477776,0.9855312450034583,0.985634649175646,0.9879016111344288
,,,,3.5590277777777777,0.9741378817717,0.9742964301110124,0.979210606161674,0.975450008944974,0.9793088162114678,0.9770394743805074
,,,,3.569878472222222,0.9713712585537412,0.9702345561501076,0.97634135598541,0.9813697031008785,0.9818205952647472,0.9751977171668508
,,,,3.5807291666666665,0.9798966830456056,0.9737082034851658,0.9768354839323704,0.972566779561439,0.9743373154911796,0.974858530150574
,,,,3.591579861111111,0.9641042058336916,0.96797733159606,0.9626120387248712,0.9602224975251842,0.9663264974756012,0.9592603975627914
,,,,3.602430555555556,0.9558769421255262,0.961269761575428,0.952724768695782,0.9504762831062143,0.9556226657444726,0.9548733177004584
,,,,3.61328125,0.9497759972508976,0.949224818407776,0.9410508924060912,0.9498959054972584,0.9546708147260472,0.943200091856685
,,,,3.624131944444444,0.9332415707566272,0.9410323414572378,0.937557003761807,0.9435771027601644,0.9384522533326752,0.9362981524662404
,,,,3.634982638888889,0.9347118988369688,0.9311826621320956,0.9299748511692316,0.9265621083588998,0.9351909916232642,0.9372464821243714
,,,,3.645833333333333,0.9207546357547824,0.9230590492421208,0.9247575167486652,0.9158814274845516,0.9228978836908344,0.930099033825894
,,,,3.6566840277777777,0.9042444675910304,0.923343716041437,0.9105480845491846,0.9172018568762744,0.9090219724931776,0.9186532449268556
,,,,3.667534722222222,0.8997287515737359,0.9076446659706562,0.9012208525657708,0.8982386368008463,0.9085837318989766,0.9112155067675808
,,,,3.6783854166666665,0.8908141533259264,0.8959677807930453,0.8928887790804267,0.8967871623337547,0.8922585495839881,0.8878104754640569
,,,,3.689236111111111,0.8848055392986155,0.8789709491892694,0.8770960778817626,0.8748405998933713,0.8782779006922296,0.8839426764438045
,,,,3.7000868055555554,0.8785997396656278,0.8682832434745973,0.8709115983729733,0.8682399129879547,0.8714776760103347,0.8665977159132371
,,,,3.7109375,0.8637646458354971,0.852423472385334,0.8609500648393056,0.8540546072644367,0.860045301574109,0.8674695954514638
,,,,3.721788194444444,0.8447585875509444,0.8407763405927099,0.8476773027370074,0.8376059459342374,0.838810802035798,0.8453987376701008
,,,,3.732638888888889,0.8239633838829347,0.8325850166088066,0.827541682248998,0.8323273743981693,0.8306499713934149,0.8418973026376191
,,,,3.743489583333333,0.8053162521380384,0.574250253198661,0.8200871037244254,0.8156597511302743,0.8257985236161159,0.8201481405262805
,,,,3.7543402777777777,0.8005356442652298,0.5669212121396969,0.8054338707186655,0.8048101949082516,0.7988422804601375,0.8001467573330836
,,,,3.765190972222222,0.7914455691168001,0.5487806860419999,0.7875419158424067,0.7806262070276171,0.784358545117666,0.7857924521848529
,,,,3.7760416666666665,0.7812939747413319,0.5356667111765928,0.7766926983803907,0.7690654384155197,0.7830062038520176,0.7739489849550433
,,,,3.786892361111111,0.7653483395387257,0.5278625503858054,0.7495171327778944,0.7635944490156727,0.758746241091645,0.7545387728400204
,,,,3.7977430555555554,0.7390566696083433,0.5155404407154887,0.7356670318148517,0.7459469824420105,0.7346957363753607,0.7360192333560812
,,,,3.80859375,0.7216057036616681,0.5091046605489986,0.7212466315874143,0.7288151718538711,0.73161885417344,0.7265703324024104
,,,,3.819444444444444,0.709359354958026,0.4989943845494367,0.6998085812112267,0.6973277428289801,0.7077553546944759,0.7109402777046363
,,,,3.830295138888889,0.6914821883816868,0.4898518291299413,0.6919908628728356,0.6916194619268452,0.6895629950338154,0.6885828043088515
,,,,3.841145833333333,0.6590215507935113,0.472218450921578,0.6796403543259169,0.672424687038426,0.6658237682482543,0.6684816765205224
,,,,3.8519965277777777,0.6564298249736154,0.4570589239889837,0.6547008177321652,0.6548854509974503,0.6457038597374214,0.6508166323392531
,,,,3.862847222222222,0.6425250207515039,0.4426681295685028,0.6405656175041103,0.6322399564200314,0.6372763118185047,0.6371600116696371
,,,,3.8736979166666665,0.6048397086836469,0.4326774339267657,0.6167089486034122,0.6199138280783174,0.6231113189623391,0.6118994980732384
,,,,3.884548611111111,0.5962739249401432,0.4177436406301595,0.6037193995553956,0.5943379265696059,0.5984486490216513,0.6099601737370868
,,,,3.8953993055555554,0.5722297429335503,0.4063264759968042,0.5800197645345463,0.5745620419968982,0.5713332314074323,0.5685546772236557
,,,,3.90625,0.5680132938471578,0.3879372127192887,0.5470417904057477,0.5540716968478805,0.5569483095870857,0.5559874779209836
,,,,3.917100694444444,0.5469397188032661,0.376778654541785,0.5358291415321946,0.5310724488496625,0.5279774445184968,0.530485467062373
,,,,3.927951388888889,0.518904973322558,0.359141163011317,0.5126771486271203,0.5172344493514864,0.5171940437172499,0.5177412678717547
,,,,3.938802083333333,0.4943709526560057,0.3501238891195801,0.4924629792559331,0.4984451065039622,0.4932481456843127,0.4923045014540561
,,,,3.9496527777777777,0.4761390518523656,0.3254059981426103,0.4687142095831488,0.4699121482170093,0.4762654493707671,0.4684965244260173
,,,,3.960503472222222,0.4518065132838593,0.3160619169888987,0.4474941868319972,0.4414632460956115,0.4435492927116536,0.4380302250165584
,,,,3.9713541666666665,0.4354838708020187,0.3002966993169427,0.4295719017035648,0.4242866551529867,0.4376620432224793,0.4276933763269027
,,,,3.982204861111111,0.4123439668405524,0.2865774290174824,0.4031037137257522,0.4034955009145177,0.4118494974885912,0.4199995184660633
,,,,3.9930555555555554,0.3829464200440758,0.2703243781877859,0.3801165651579264,0.3734886479715655,0.3799717739493897,0.383254956081293
,,,,4.00390625,0.3600816401896344,0.2494398895802591,0.3578674706773042,0.3655828196916158,0.3545542284943601,0.3549550422829852
,,,,4.014756944444445,0.3294897012507138,0.2333349709062226,0.3380867050018056,0.343922303199803,0.3346479203050034,0.3316895842879017
,,,,4.025607638888888,0.3187010012536143,0.2198110703607527,0.3042437169616704,0.3216859297030765,0.3161488248559972,0.3154815950996074
,,,,4.036458333333333,0.2932712471269559,0.2019422365559101,0.2956455742637359,0.2962514200148247,0.2812035231414271,0.2843737407059928
,,,,4.047309027777778,0.257369418492849,0.1928169454949167,0.2752239447541115,0.2636266728886821,0.2607628264672467,0.2704033245178539
,,,,4.058159722222222,0.2481545778084937,0.1707117104402237,0.2489738460310229,0.2450873833888947,0.2420509350826853,0.2502655404371575
,,,,4.069010416666667,0.2220587152768537,0.1556602427080319,0.2219383392161566,0.2190135613758493,0.2161043919623868,0.2213125002132472
,,,,4.079861111111111,0.1968419401733939,0.1371396327533333,0.195766063395735,0.1980298945217821,0.1951718975973478,0.2031225195998234
,,,,4.090711805555555,0.1699787541566281,0.1191126232043249,0.1704316239697645,0.1668269114371417,0.1633622051431655,0.1689146337628532
,,,,4.1015625,0.1506453442480826,0.1046958963236517,0.1494272552872496,0.1504756280985748,0.1563818032078381,0.1545075253470392
,,,,4.112413194444445,0.1285902476076583,0.0833276515390821,0.1138541287634244,0.1257774381618581,0.1138753996384749,0.1156343597362868
,,,,4.123263888888888,0.0949883470381474,0.070399508862434,0.0958233440343758,0.1038930718274896,0.1038136173782762,0.104484300583675
,,,,4.134114583333333,0.0729827282371713,0.0505458534368293,0.0786549135383594,0.0717215885903529,0.0731468047890955,0.0728457806647655
,,,,4.144965277777778,0.0514512191967094,0.0364481045749092,0.055854881542513,0.0485786045097446,0.0552821316905626,0.0476426836778402
,,,,4.155815972222222,0.0186343706823661,0.0161228497882489,0.0292907434811418,0.0317694823002091,0.0302792153458218,0.0187922546772918
,,,,4.166666666666666,0.0101403813706016,0.0022268353108491,0.002931146093482,-0.0058532180465783,0.0061364468364123,-0.0041789637735468
,,,,4.177517361111111,-0.0234673078831809,-0.0169110909323483,-0.0368513601488681,-0.0257103405284932,-0.0157248176977928,-0.0244475052666311
,,,,4.188368055555555,-0.0509821761921765,-0.0356927237338283,-0.047021083863624,-0.0510897701889182,-0.0531664778375241,-0.0427888895012822
,,,,4.19921875,-0.083384187269953,-0.0531003652480227,-0.0724390053819599,-0.0724128886481687,-0.0729233623121172,-0.0774841840799996
,,,,4.210069444444445,-0.0992376830306383,-0.0700931429605347,-0.0971703906230114,-0.1020819957285292,-0.0990197001091001,-0.0980844979363671
,,,,4.220920138888888,-0.1226229829055797,-0.0836229648322861,-0.1209539759730476,-0.1150511895883505,-0.1219985619103575,-0.1304407009611931
,,,,4.231770833333333,-0.1419483967572594,-0.0984617559773547,-0.1448186630220163,-0.1458598479314212,-0.140001159165639,-0.1551659280744542
,,,,4.242621527777778,-0.1709336293449112,-0.1214136422423892,-0.1688861048033713,-0.1707812099324236,-0.1699618147975237,-0.1742209351522275
,,,,4.253472222222222,-0.1910806998902313,-0.1295645665796468,-0.1888097152701356,-0.1966984051338463,-0.2007172902147029,-0.2005548231622627
,,,,4.264322916666666,-0.2159708740749743,-0.1563668352331549,-0.2216062124348624,-0.2232406527656719,-0.2247635429422868,-0.2202982326581227
,,,,4.275173611111111,-0.242872692674611,-0.1756264512317445,-0.2395493958776575,-0.2390089278227672,-0.2420442690378637,-0.2434901626638319
,,,,4.286024305555555,-0.2626379876018948,-0.1852290057353778,-0.260581359951658,-0.2625118033443756,-0.2701048552921671,-0.2670549973895147
,,,,4.296875,-0.2979950602926114,-0.204005254871336,-0.2890945808417124,-0.2909324153985694,-0.2885058442264316,-0.2957039155795748
,,,,4.307725694444445,-0.3217482957422163,-0.2171279720187232,-0.3083458027734576,-0.322913979481868,-0.3140193609862697,-0.3148255475891389
,,,,4.318576388888888,-0.3317668136660904,-0.2343451270180063,-0.3375010614913939,-0.3361967776778921,-0.33791881321549,-0.3294753109368591
,,,,4.329427083333333,-0.3571562797491029,-0.2482484843445559,-0.3504944078634762,-0.3578664926115593,-0.3658635411473628,-0.3686529372963736
,,,,4.340277777777778,-0.3801271953022585,-0.2681471647452729,-0.3888152651160406,-0.394508937734789,-0.3911034504041485,-0.3812278334191045
,,,,4.351128472222222,-0.4054013284395599,-0.2854899045100998,-0.4065760062034022,-0.4063782428877189,-0.401794552177638,-0.3893315652661394
,,,,4.361979166666666,-0.4207274506674968,-0.3066094171277813,-0.4328936306866562,-0.4327523284539025,-0.429043381437867,-0.4238804569225372
,,,,4.372829861111111,-0.4455204630648196,-0.313266204853679,-0.4594219562133438,-0.4425662400827145,-0.4488751058444906,-0.4464200589392887
,,,,4.383680555555555,-0.4601922771212632,-0.333693196696941,-0.4711532079100629,-0.4680007667104395,-0.4696510351941068,-0.4646340913163866
,,,,4.39453125,-0.493232816449733,-0.3467628542647689,-0.4830723227114615,-0.4920124031157559,-0.4858110557117589,-0.4891994999454215
,,,,4.405381944444445,-0.5158971304638279,-0.3612814164622794,-0.5051294475996522,-0.5070827462541418,-0.5175136972719566,-0.5211861807496835
,,,,4.416232638888888,-0.5292072233262654,-0.3791161433636215,-0.5381285909965541,-0.544311375001059,-0.544288162851854,-0.5353784439192744
,,,,4.427083333333333,-0.5546818873693034,-0.3921418152423105,-0.5541282866608124,-0.5595717882001702,-0.544875340551072,-0.5559316989194862
,,,,4.437934027777778,-0.5736042309993472,-0.4069366567696418,-0.5700444055565281,-0.579342245859795,-0.5773043731931112,-0.5695520540256512
,,,,4.448784722222222,-0.6076398033881691,-0.4103166242166447,-0.604378203782118,-0.5927749722224538,-0.5938299972294377,-0.5956298950042002
,,,,4.459635416666666,-0.6163962470730256,-0.4320613157716315,-0.6158973366185907,-0.6151648460990873,-0.6047096693724094,-0.6160133308389029
,,,,4.470486111111111,-0.6331440880238656,-0.4486194891315055,-0.6386165469780585,-0.6419595264932577,-0.6272472806881181,-0.6377393076641514
,,,,4.481336805555555,-0.6559289179295297,-0.4561292273699444,-0.6630030100175568,-0.6578423900519385,-0.6507940078744069,-0.651592629160643
,,,,4.4921875,-0.6753022779404672,-0.4706398573763403,-0.6696091112145046,-0.6708188887694542,-0.6580539734390868,-0.6753864855539647
,,,,4.503038194444445,-0.6875746566885828,-0.4803920150166375,-0.7000149742629882,-0.6858589062866095,-0.6919678426397315,-0.6756817135138128
,,,,4.513888888888888,-0.7087237078310197,-0.5022173067308919,-0.7041449992771803,-0.7055299754776515,-0.7096652136777152,-0.707313792549218
,,,,4.524739583333333,-0.7264143155089323,-0.5017155949747067,-0.7318501731868164,-0.7182253180775758,-0.7202496398450003,-0.7277444229689116
,,,,4.535590277777778,-0.7414062985177197,-0.5185911493377436,-0.7414473648070534,-0.7372949890141443,-0.7349781661666033,-0.7390301898882797
,,,,4.546440972222222,-0.7611341094672596,-0.5248149929391029,-0.7601812061741376,-0.7635785391236223,-0.7609284018633264,-0.7639415802428534
,,,,4.557291666666666,-0.7704512822180587,-0.5455421955447202,-0.770612534360933,-0.7744180639056364,-0.7717511013939965,-0.7682950925298246
,,,,4.568142361111111,-0.7925879083272992,-0.5566656814963348,-0.7888190849332066,-0.7984862932684272,-0.7845342050353309,-0.7923851143219566
,,,,4.578993055555555,-0.8034890438296125,-0.5691845640518587,-0.7987855175620852,-0.8011529551245876,-0.8084843601984254,-0.7993822382177669
,,,,4.58984375,-0.8166137296250137,-0.5765503643079855,-0.8046546723376559,-0.8129641905722889,-0.8225312650301818,-0.8188248114400688
,,,,4.600694444444445,-0.8332972775968053,-0.5835604390403445,-0.8348562170805901,-0.8303761705376288,-0.8379867524915785,-0.832817947965693
,,,,4.611545138888888,-0.8396384964166335,-0.5908649318555728,-0.8466295083826244,-0.8406011474767078,-0.8423480331680852,-0.839626615649846
,,,,4.622395833333333,-0.85778070870903,-0.60523235442129,-0.8630368633077913,-0.8589766263442227,-0.8558728283513012,-0.8604857252150663
,,,,4.633246527777778,-0.8696363065785959,-0.611428156187792,-0.8758197976325803,-0.8649303641192713,-0.8766878795826583,-0.8735957475961709
,,,,4.644097222222222,-0.8717224078375121,-0.6221376977379783,-0.8809548032166825,-0.8796583293792135,-0.8845279573538548,-0.8828060077452066
,,,,4.654947916666666,-0.8945654604216425,-0.6245998121536388,-0.8916495256050315,-0.8904004538987514,-0.8945066034741027,-0.8953643261209074
,,,,4.665798611111111,-0.9072392711153064,-0.6330348086103926,-0.90443026184057,-0.9118870231083224,-0.9074573515662544,-0.9001074539701623
,,,,4.676649305555555,-0.9159073279561528,-0.6314197435917611,-0.9151304207729524,-0.9059491283480998,-0.9051243099360394,-0.9105873931531698
,,,,4.6875,-0.9263225009363864,-0.6442447609930523,-0.9228577863764764,-0.9246308083988576,-0.9211678983245905,-0.93583263771609
,,,,4.698350694444445,-0.9267687082829776,-0.6485569140309613,-0.9383485355675776,-0.9304975450959054,-0.9358796762504312,-0.9301515097728216
,,,,4.709201388888888,-0.942225275302768,-0.657520660030596,-0.9484343476929792,-0.9262883811225028,-0.9362543803253984,-0.9477999556332491
,,,,4.720052083333333,-0.9411074731589252,-0.6672962122892865,-0.9527890173441218,-0.9471762585013712,-0.9515727459468416,-0.9526749231889317
,,,,4.730902777777778,-0.9601045490878282,-0.6665643510171257,-0.954871483711477,-0.9590113892019262,-0.9669319711572744,-0.9547710993525204
,,,,4.741753472222222,-0.9547128450109192,-0.6737907605400746,-0.963351991081395,-0.9587650859959902,-0.9684422837644564,-0.9703572313282968
,,,,4.752604166666666,-0.9734548865867002,-0.684378416840489,-0.9692958153150916,-0.9721038358705482,-0.9740425726414362,-0.975296237778536
,,,,4.763454861111111,-0.9704940851472994,-0.6827384090202763,-0.9708077368394864,-0.971277245898189,-0.975811399451842,-0.9739468313498202
,,,,4.774305555555555,-0.9830100629854548,-0.6877290366801098,-0.9824705366319232,-0.9854363247938625,-0.9827257698381914,-0.9802456455593124
,,,,4.78515625,-0.9912481002222028,-0.6864696330353969,-0.9846467257238372,-0.9848054416831448,-0.9897494271836592,-0.9798530149335254
,,,,4.796006944444445,-0.9942806848697204,-0.6964535018839819,-0.9884160230683612,-0.9869506962200816,-0.991600746979292,-0.9817243471393016
,,,,4.806857638888888,-0.9910497693308904,-0.7003229425674229,-0.9921451569977068,-0.9929699567063882,-0.9904186162091504,-0.991205614289134
,,,,4.817708333333333,-1.0013929697496626,-0.6982977829420906,-0.998222955649212,-1.002869250307775,-1.002290378814212,-1.0021797509773531
,,,,4.828559027777778,-0.994705219374434,-0.6963494295046666,-1.0056166724212567,-0.9978642093118738,-1.0005210688124524,-0.9987544982575806
,,,,4.839409722222222,-1.0004875401046114,-0.6913838773645317,-1.0009530333454018,-0.9996377666889906,-1.0076451696584126,-0.9921876490197898
,,,,4.850260416666666,-0.9939816957182293,-0.6983474888121214,-0.9970756102022492,-0.9984189849740462,-1.0035453869140631,-0.9940306772929252
,,,,4.861111111111111,-1.00396236043028,-0.6965903392405435,-0.9963093664951927,-0.995916908677334,-0.9966262894332965,-1.0067533726000106
,,,,4.871961805555555,-0.9966836436408408,-0.7014562053641232,-1.0061614315018723,-0.999575558104921,-0.997106548855329,-0.9903135852448728
,,,,4.8828125,-1.0004876894529449,-0.7021680559864177,-0.9939874792250224,-1.0008598347680813,-0.999822155095384,-0.9886466948648012
,,,,4.893663194444445,-1.002923105664191,-0.7045040520452515,-1.0008135809514211,-0.9937666602211968,-0.996954199143905,-0.9967120501610132
,,,,4.904513888888888,-0.996687424209394,-0.6933949047529804,-0.995122726594712,-1.004412634410765,-0.9948407308122624,-1.0022174977235423
,,,,4.915364583333333,-0.9914388476547048,-0.6974306905361283,-0.993564590234432,-1.0036225766788984,-0.9898538280884156,-0.98644254459628
,,,,4.926215277777778,-0.9845045435573097,-0.6897883260867383,-0.9927432204136952,-0.9833051864147182,-0.9878810878521054,-0.9871970781457488
,,,,4.937065972222222,-0.9818351168772802,-0.690828487207914,-0.9888337373881628,-0.9836612527111692,-0.9768375305373106,-0.9833440114535812
,,,,4.947916666666666,-0.9788505918710466,-0.6892739451333082,-0.968345530997622,-0.9862001687015588,-0.982080764559038,-0.975214169639815
,,,,4.958767361111111,-0.9803042651109144,-0.6846508184602353,-0.9699146925979842,-0.968216413776174,-0.9756480636162996,-0.9777670535567152
,,,,4.969618055555555,-0.9690912778250188,-0.6851974420807003,-0.9692443914565064,-0.9720588991212328,-0.9668002914626024,-0.9613589888575376
,,,,4.98046875,-0.9600870849504148,-0.6725035005087587,-0.9674432687696471,-0.957780224411288,-0.9633315962720024,-0.9676701510142752
,,,,4.991319444444445,-0.9561302684685932,-0.6691973891307934,-0.9548096132111106,-0.9606064391976062,-0.954083831374698,-0.9623820726522662
,,,,5.002170138888888,-0.9555954409328964,-0.6656342985479972,-0.9550182975560108,-0.9451221111839552,-0.9500103374135226,-0.9450491238237472
,,,,5.013020833333333,-0.9356992223631512,-0.6641908867768435,-0.9454492512433982,-0.937294976747682,-0.9364863285688304,-0.9392644067209882
,,,,5.023871527777778,-0.92537903312058,-0.6582317376272816,-0.9428643319558946,-0.925480689253726,-0.9378208450892628,-0.9352310684967726
,,,,5.034722222222222,-0.9226030406625252,-0.6411225741668686,-0.9257182403558324,-0.9186729796808616,-0.9261544044989816,-0.9170472014612482
,,,,5.045572916666666,-0.9068622674943524,-0.6385215667922916,-0.916055832000038,-0.9135492858344176,-0.9176594735895712,-0.9109867297070402
,,,,5.056423611111111,-0.9013255161237972,-0.6321251667373162,-0.9111160871515002,-0.908815378375154,-0.901568068548929,-0.9076022972721984
,,,,5.067274305555555,-0.9015944392941913,-0.6190527509310408,-0.9014093063801534,-0.8947771151507788,-0.8893788679512031,-0.8938497134836588
,,,,5.078125,-0.8793606898227418,-0.6136897074452298,-0.8819564383838638,-0.8808257525551991,-0.8795917219433993,-0.885576179782311
,,,,5.088975694444445,-0.8697983747367015,-0.612233762370278,-0.8730648357510198,-0.8680836240901904,-0.8706132035982374,-0.8677928899911094
,,,,5.099826388888888,-0.8555830303848986,-0.6056101384165944,-0.860722391524306,-0.858412458970172,-0.8637125823996793,-0.8649364743629525
,,,,5.110677083333333,-0.8433565694253579,-0.5915932779341417,-0.8385759884882681,-0.8483020105267011,-0.8443938994613602,-0.8484252485863462
,,,,5.121527777777778,-0.8363301040589961,-0.5830034426840063,-0.8284675900835916,-0.8342074261833644,-0.8355628897202831,-0.831584341975333
,,,,5.132378472222222,-0.8199496319043909,-0.5692593025788226,-0.8176959988227528,-0.812442794404099,-0.8119802739512364,-0.8021252734287424
,,,,5.143229166666666,-0.7986672690782762,-0.5608689812432379,-0.8094845772789023,-0.8007570033640498,-0.8125894514152452,-0.8122523494192604
,,,,5.154079861111111,-0.7969548738146907,-0.5493678689024774,-0.7909273806051262,-0.7773753722538503,-0.7873326738157999,-0.7803986522002201
,,,,5.164930555555555,-0.7756541094004556,-0.5381057166027063,-0.7553513845866908,-0.7682442339204765,-0.7816555201410214,-0.768555628673399
,,,,5.17578125,-0.7547346100296547,-0.5251582659137394,-0.7577349154591022,-0.7577550714136387,-0.7600965598459912,-0.753141760652131
,,,,5.186631944444445,-0.7598719625474845,-0.5125316319855787,-0.7310228146254824,-0.7411176860118351,-0.7437294015598831,-0.7438535982576666
,,,,5.197482638888888,-0.7194880122726532,-0.5048029717368614,-0.7292771309843304,-0.7168339497905787,-0.7266052305247651,-0.7345210246878433
,,,,5.208333333333333,-0.6905661956170979,-0.495059235920862,-0.7137842394833234,-0.6978284224445148,-0.7055177215616778,-0.6967770111005015
,,,,5.219184027777778,-0.6946543672879745,-0.4803444931016641,-0.682189242150311,-0.6805955418880771,-0.6952742773725881,-0.6946382084416687
,,,,5.230034722222222,-0.6746038037593685,-0.4709374552343173,-0.679125410813261,-0.6756939575998254,-0.6649041609072448,-0.6669613335845964
,,,,5.240885416666666,-0.6561898392848198,-0.4618105069827822,-0.6451214039528995,-0.6523866379270962,-0.650967932805314,-0.6499151896822557
,,,,5.251736111111111,-0.6349377433512802,-0.4438741335913383,-0.6292942436268084,-0.6313630114054671,-0.6306141312669242,-0.6294099757207824
,,,,5.262586805555555,-0.6225564855105438,-0.4301923497755168,-0.6231404851027487,-0.619042819795836,-0.6152546322099576,-0.6118270948798561
,,,,5.2734375,-0.5913012302943919,-0.4146725971682578,-0.5994113478138487,-0.5956565594554866,-0.5915255836624767,-0.5948710510103906
,,,,5.284288194444445,-0.5699613502798759,-0.4097427341372381,-0.5796453233802727,-0.5720780672034411,-0.5817689453848573,-0.5811697783758594
,,,,5.295138888888888,-0.561905885597255,-0.3906590977782804,-0.5561434548115897,-0.5645406495773265,-0.5564106882418047,-0.5563932946621534
,,,,5.305989583333333,-0.5315035080979947,-0.377703702205186,-0.5347957586147634,-0.542778955001624,-0.5344516082274692,-0.539731974011441
,,,,5.316840277777778,-0.5101383393184349,-0.3609696905296079,-0.5175310076877248,-0.5190768330856594,-0.5128980357866421,-0.5167156250479846
,,,,5.327690972222222,-0.4933817978251063,-0.3477987118971061,-0.4999551537578604,-0.4867722867801099,-0.4992656325345153,-0.4891428274973
,,,,5.338541666666666,-0.4674242664313174,-0.3300581380894774,-0.4690881063779539,-0.4656109415744159,-0.4616867660594687,-0.4766371810526074
,,,,5.349392361111111,-0.4503112087462116,-0.3124657955094596,-0.4535500995244012,-0.4514472843449315,-0.4420932653261524,-0.4562996792019982
,,,,5.360243055555555,-0.41836197051223,-0.3036007727327998,-0.4243702994405898,-0.4223063234073805,-0.430534712370067,-0.4256153987921938
,,,,5.37109375,-0.3988585257577358,-0.2920525463181686,-0.4080948219200783,-0.4030771431242054,-0.407692838495891,-0.4037093499146532
,,,,5.381944444444445,-0.3762264995040582,-0.2746138161279198,-0.3824460319390956,-0.3920773864875338,-0.3800501342577844,-0.3806412186986536
,,,,5.392795138888888,-0.3625324416508693,-0.251711831622633,-0.3659683200739627,-0.3618547727531349,-0.3580724394897876,-0.3585288496776221
,,,,5.403645833333333,-0.3353138700691809,-0.2411852740394894,-0.3358952451444535,-0.338844121103462,-0.3341315253514523,-0.3390717894229978
,,,,5.414496527777778,-0.3158730116403258,-0.2154536485789913,-0.3036443313878384,-0.3096651648138815,-0.3117940561849815,-0.3204570397242695
,,,,5.425347222222222,-0.2853646015873164,-0.2046135010344793,-0.2935900022409028,-0.2911180465784083,-0.2877752029062213,-0.2864999075982046
,,,,5.436197916666666,-0.2631044955621693,-0.1869760446675293,-0.2656428722676491,-0.2694039010025975,-0.2654377132840296,-0.2678139781111487
,,,,5.447048611111111,-0.2477578856858696,-0.1714481677482332,-0.238783030974809,-0.2394702323636686,-0.2431732486817279,-0.2401900419141549
,,,,5.457899305555555,-0.2154999287677733,-0.1515642288396389,-0.2280070545471682,-0.2143829474948975,-0.2237372182275203,-0.2198296907839382
,,,,5.46875,-0.2012369010535874,-0.1374485414287917,-0.1912042406509404,-0.1979606313317377,-0.1942303535304211,-0.2014138779187521
,,,,5.479600694444445,-0.1885640286792547,-0.118756869427739,-0.1718329611218573,-0.1687813875688456,-0.1749327022363615,-0.165433261510471
,,,,5.490451388888888,-0.1436174303743016,-0.1038988435255054,-0.1456553422628252,-0.1490057908130758,-0.1456906979061087,-0.1356300249447673
,,,,5.501302083333333,-0.1204179612384149,-0.0888051568707901,-0.12913675976319,-0.1157125076132267,-0.1181797785830076,-0.1196572256748896
,,,,5.512152777777778,-0.0995879205455823,-0.0702332963136359,-0.0902795909932522,-0.0934900165839756,-0.1038245564935169,-0.0976889961989851
,,,,5.523003472222222,-0.0877897605717591,-0.0520904653883169,-0.0711176386025398,-0.0777784762137805,-0.0671193190493738,-0.0742871778130305
,,,,5.533854166666666,-0.0472190173523438,-0.0303845811641961,-0.0488660600713729,-0.0464038086560691,-0.0484988840900514,-0.0470122591786491
,,,,5.544704861111111,-0.0191932316602487,-0.0186939098077091,-0.022348758439295,-0.0276189737684542,-0.0199273005684914,-0.0227747400126905
,,,,5.555555555555555,-0.004601674681103,0.0038522182542613,-0.0090653611100994,0.0026540041791287,-0.0019050939579387,-0.0070301803870187
,,,,5.56640625,0.0113566548835922,0.0160546060675228,0.0196085642943126,0.0245566366344787,0.0190592836708514,0.0291213645597326
,,,,5.577256944444445,0.0483500579242451,0.0333064868627547,0.0573643244924218,0.0613603849131488,0.0443854682883193,0.0492457275341395
,,,,5.588107638888888,0.0791779340174122,0.0533696118001596,0.0699998973717751,0.0682262810917831,0.0731623755186064,0.0689759074247835
,,,,5.598958333333333,0.1010945008712648,0.076593532469958,0.1035417428693523,0.0954208856720756,0.1006833072720624,0.1052456065963853
,,,,5.609809027777778,0.1252354736534781,0.0911866756453821,0.1173693073438921,0.1264482962337405,0.1267770759719833,0.1225094709340883
,,,,5.620659722222222,0.1541143540190767,0.1022313270857817,0.1466172077792468,0.1401809748053006,0.1459038049734479,0.1514860876876006
,,,,5.631510416666666,0.1691152520652379,0.114799755812804,0.167199401365128,0.1694962380213825,0.1664678085669449,0.1642351934513858
,,,,5.642361111111111,0.1979326802444671,0.1342614820929401,0.1935879441273905,0.1911049174783519,0.1938766368754506,0.192550436230986
,,,,5.653211805555555,0.2179829704653844,0.149554539635862,0.2248391819730878,0.2228335995240298,0.2241549630605085,0.220991674829891
,,,,5.6640625,0.2415194043495427,0.1741475646078999,0.2386352162930202,0.2356735630470635,0.2416487913839788,0.2469016139086128
,,,,5.674913194444445,0.2716159858325426,0.1858079146072523,0.2581482709852205,0.2699780532750204,0.2566423999227427,0.2647189249086665
,,,,5.685763888888888,0.2851867975714248,0.2054995617925755,0.2903138708018546,0.2904067205543576,0.2915702053286589,0.2850586697349186
,,,,5.696614583333333,0.3235649786185649,0.2125388855868317,0.3108198740951716,0.3140440503776915,0.3110219704209767,0.3157722672025138
,,,,5.707465277777778,0.3350295130810076,0.2343237846284943,0.3366121329597446,0.3386070032827348,0.3390541769188178,0.3342134409464771
,,,,5.718315972222222,0.3547008555268055,0.2556016802569644,0.3586420628573587,0.3608871922427328,0.3617029335125862,0.3694320076115919
,,,,5.729166666666666,0.3946044735775911,0.2675794234407477,0.3901637613847128,0.3832414636483766,0.3747359632947208,0.3819770445385538
,,,,5.740017361111111,0.4071182352541672,0.2788963658336273,0.402654070276376,0.4035992466471819,0.410920747324133,0.4152631534251238
,,,,5.750868055555555,0.4201463704804986,0.2983663975969148,0.4293652362648671,0.4264475971142498,0.4260967404042493,0.422094353602844
,,,,5.76171875,0.4510432068263163,0.3168219107269793,0.4485826989842973,0.4554984383608553,0.4466158680850359,0.4508042394042403
,,,,5.772569444444445,0.4653213943243595,0.3247563676068795,0.4739476322281126,0.4820023303077178,0.4763945037018821,0.4712882743874836
,,,,5.783420138888888,0.4777927742581817,0.3502185453980556,0.4849442666318905,0.5047666288708044,0.4850865036534606,0.4945190808955045
,,,,5.794270833333333,0.5075837591275082,0.3603750279419671,0.5203778474469252,0.5088002049495953,0.5207619325618309,0.5051360084682918
,,,,5.805121527777778,0.5367472122915933,0.3704550115666938,0.5337955769551094,0.5286643084715474,0.5337322870633994,0.5234844649314216
,,,,5.815972222222222,0.5468565592743959,0.3934936025722989,0.5662556847150234,0.5560621063434333,0.5538014159289463,0.5550416797850342
,,,,5.826822916666666,0.5730482154997789,0.4101536645663666,0.5669646363969826,0.5755847480035816,0.5807368141908098,0.5710057000542963
,,,,5.837673611111111,0.5859647233801714,0.4173519854326635,0.5921200509313828,0.5965492532363114,0.5990836733763898,0.5840592963577282
,,,,5.848524305555555,0.6148448076095038,0.4279233966253408,0.6172261551637471,0.6175947055429934,0.6186598364499692,0.6207694846562353
,,,,5.859375,0.628213713942581,0.4420486344982134,0.6413531697976418,0.6351589170907755,0.6434492741330845,0.6427962334004019
,,,,5.870225694444445,0.6629658879445526,0.4582686649770995,0.6496120184355335,0.6628751322739503,0.6506321667653719,0.6587186026192765
,,,,5.881076388888888,0.6699676173895657,0.465472231230389,0.6759657699863022,0.6715655511210136,0.6641311916579343,0.6740749519773291
,,,,5.891927083333333,0.6887669867064877,0.4787871971416806,0.6889041240329745,0.685593783480298,0.6965751993175776,0.6907387398705197
,,,,5.902777777777778,0.7081325425178704,0.4933002889216857,0.7085902110348012,0.6971026122554657,0.710298368903716,0.7053064458437385
,,,,5.913628472222222,0.7301740488903944,0.5112047640489106,0.7258998634384372,0.7239771278552758,0.7231087645823887,0.7160227499171887
,,,,5.924479166666666,0.7397459644800904,0.5211347456078868,0.7354632949473416,0.736922758959339,0.7428131213856892,0.7454564893026144
,,,,5.935329861111111,0.7557506937898022,0.5312488021519619,0.7468848905130414,0.7598992510532239,0.761875798823317,0.7540651277258824
,,,,5.946180555555555,0.7723807813381846,0.5451128353286994,0.7674884542367217,0.773936841057282,0.768369479859694,0.77381953830545
,,,,5.95703125,0.7903639489881132,0.54878507370113,0.7886153133306596,0.7896608588572641,0.7862395307007465,0.7912509395723468
,,,,5.967881944444445,0.7999357092591348,0.5643671608793484,0.7939090679914217,0.8045861335319007,0.7956888328977856,0.7978214221554257
,,,,5.978732638888888,0.818647360716398,0.5744462286265553,0.8231103601518542,0.8179627665448521,0.8218753437504249,0.8243459250896416
,,,,5.989583333333333,0.8335970075912933,0.5827360809597246,0.8242305261964508,0.8337548958596231,0.8340373639075259,0.8278759676384352
,,,,6.000434027777778,0.8433438524337573,0.5946997265060545,0.8418272771800217,0.8446880491080685,0.84619039225738,0.8498719130230028
,,,,6.011284722222222,0.8549855241676081,0.6005793606665665,0.8617860345745347,0.858626838874634,0.8513493430449325,0.8547182745923387
,,,,6.022135416666666,0.8715285482024876,0.6086683376231149,0.8645263272050396,0.8775988330318615,0.8716793200412065,0.862798920737047
,,,,6.032986111111111,0.8818708290638549,0.6211611938482581,0.8850121420658167,0.885812540115099,0.8770837421994594,0.8734019525436642
,,,,6.043836805555555,0.8919242981287272,0.6187382753476275,0.8987313184045344,0.8943827266518243,0.8979557243467017,0.8971629126859273
,,,,6.0546875,0.906805138804043,0.6287543824993533,0.9037365356509052,0.9022167324370124,0.9015628837672532,0.9048682812164288
,,,,6.065538194444445,0.9093150516471726,0.6441268626728833,0.9097295120964464,0.9093291014256972,0.912087864475382,0.9129512371004662
,,,,6.076388888888888,0.9188743556206213,0.6472347755040687,0.922488096777372,0.7304143634289995,0.918278114836838,0.9213561451115913
,,,,6.087239583333333,0.944374915879833,0.6467185079545994,0.9366554494805686,0.7418256536007771,0.9391630203050126,0.933729654422385
,,,,6.098090277777778,0.9383203033194256,0.6567807881727113,0.949234456783235,0.751631330616175,0.940660859290222,0.9436673622729528
,,,,6.108940972222222,0.9459481879577306,0.6659748256113373,0.9463542960186488,0.7563067851197243,0.9482471121586749,0.9558917372468873
,,,,6.119791666666666,0.968312458201973,0.6705004778558933,0.9590960399054276,0.762438774511289,0.9481627570823244,0.953362420334658
,,,,6.130642361111111,0.956619361037117,0.6690633417761145,0.9633458865010311,0.7752205321898842,0.9739194058863642,0.9641956269171936
,,,,6.141493055555555,0.966649911671084,0.6799054522780863,0.9639424456881232,0.7782080058100651,0.97273663775993,0.970625074246858
,,,,6.15234375,0.971388403979492,0.6842079556197994,0.9710848762779876,0.786050364969189,0.970690923465629,0.9702195854205696
,,,,6.163194444444445,0.9811380657018084,0.6845517420313819,0.978909203542382,0.7791548305045717,0.973656517669851,0.979504087557064
,,,,6.174045138888888,0.9789118154689228,0.6878678240129964,0.9772399749339036,0.7836799791352544,0.9793733708821,0.9885473851927324
,,,,6.184895833333333,0.9949639454469812,0.7005642970371742,0.9832792980010314,0.7922098994385918,0.9873903247217688,1.001139209332694
,,,,6.195746527777778,0.9860883830740944,0.6917518713342166,0.9965325915406632,0.8000534439846092,0.993818984126864,0.9888807388978412
,,,,6.206597222222222,0.9924225294516054,0.6923002155114052,0.9992440979231746,0.7877186567741941,0.98755088335249,1.0035934080963118
,,,,6.217447916666666,1.003375328896132,0.7006257217080755,0.9940656702390118,0.8008445536624289,1.000277014455785,0.9942085851505564
,,,,6.228298611111111,0.9971057759124252,0.6959495158352008,0.9971477725634098,0.7951780252474325,0.9968985713208324,0.9927952148909368
,,,,6.239149305555555,1.0056146624692,0.6951663583748832,1.0014791600779542,0.7916832805364237,0.9955883452302536,0.996387451832374
,,,,6.25,1.0016160916810957,0.7054935245822032,1.006937338331623,0.8016832445917793,1.0032124940072324,0.992949310902677
,,,,6.260850694444445,1.005346679680143,0.7027219081734187,1.00709212156186,0.8000785737710396,0.9984249031843612,0.9942418003505916
,,,,6.271701388888888,1.0063381607574409,0.6985380534001276,0.9951354206656132,0.8037147180029532,1.001995535903084,0.9904182815170248
,,,,6.282552083333333,1.0046154526313502,0.6981240939833184,0.9967705065615696,0.7998814630330534,0.9939837379452714,0.9875171291704504
,,,,6.293402777777778,0.9896700101004208,0.6984804202591028,0.9945161560179312,0.7939436795421903,0.997415512833292,0.9972252502332696
,,,,6.304253472222222,0.9882828227632984,0.6998965337707823,0.991748164635021,0.7983100764684241,0.9896289508951348,1.0008175003201307
,,,,6.315104166666666,0.9858385986686176,0.6923175766351876,0.9817339555945396,0.7926782062872864,0.9922891570568788,0.9825927132379788
,,,,6.325954861111111,0.985080272949994,0.692900309812347,0.9881406891934188,0.7885842383749307,0.9817687050974436,0.9898809402854034
,,,,6.336805555555555,0.9864211852196284,0.6838441598523122,0.9818223261791732,0.7843397219339471,0.9744738890599436,0.9709844210242988
,,,,6.34765625,0.9704595580106424,0.6847581438208794,0.97910796475635,0.778315129904763,0.976106854487612,0.982303565671999
,,,,6.358506944444445,0.9732589269207288,0.678301064312482,0.9739079804251688,0.7781677492366574,0.9795677294566356,0.9759078401553956
,,,,6.369357638888888,0.9720653027885052,0.6743596135050273,0.9663906732087082,0.7662733630870284,0.9587391010168118,0.958956640040688
,,,,6.380208333333333,0.9484808335890274,0.6682729511397014,0.9521405455442904,0.770771864330947,0.9604187803862791,0.958726752363798
,,,,6.391059027777778,0.9493304634979768,0.6663358604401403,0.9455559029082105,0.7619215594588441,0.9566024447950444,0.9497744891355754
,,,,6.401909722222222,0.9363028840060668,0.6535426347870015,0.9401794231182944,0.7513505883443714,0.9395896702996802,0.9375648403099308
,,,,6.412760416666666,0.9181169682884276,0.6534749794339701,0.9362220926735498,0.741834836912585,0.9337345539276146,0.9321822975527598
,,,,6.423611111111111,0.9242839147476898,0.6454321319956229,0.917956999145252,0.7378845913696441,0.9228029793288584,0.9224337532985194
,,,,6.434461805555555,0.909661790934708,0.6458093840631122,0.9104137292009052,0.735528101399371,0.9149975574944432,0.9100434716232284
,,,,6.4453125,0.9054676148785638,0.634969596327117,0.9062310534630494,0.7291390163281658,0.9043760199638532,0.8986734260048177
,,,,6.456163194444445,0.8990123566198127,0.6260069321390369,0.9032459965527228,0.7193543895831768,0.8928636560028529,0.8985582586397224
,,,,6.467013888888888,0.8854466604053982,0.6150126669525237,0.8715089048100326,0.7106914538984812,0.8850040923830262,0.8834204260472561
,,,,6.477864583333333,0.8698263214924773,0.6026569671983278,0.8685039880463584,0.6917018529941624,0.869404253483322,0.8688754862925696
,,,,6.488715277777778,0.865091316407645,0.5960198769365622,0.8520361969252249,0.6806984075188006,0.8644264021627899,0.851873943720655
,,,,6.499565972222222,0.8529120982663465,0.5888134000623494,0.8462788762689429,0.6755122881500686,0.8414325676818043,0.8538038570456554
,,,,6.510416666666666,0.8354810473922322,0.580208973436251,0.8222550983828383,0.6635150519573749,0.8359402563433271,0.8324975630623028
,,,,6.521267361111111,0.815270590205396,0.5706234572616965,0.8207272897094505,0.6528292507361595,0.8142876726160271,0.8280813776615062
,,,,6.532118055555555,0.8081442459251719,0.5664608238290669,0.7961527942596088,0.6433269150595993,0.8002456593061874,0.7988583819096226
,,,,6.54296875,0.7846234667924155,0.5532227526570263,0.7919611719968972,0.6291923550142666,0.7929523096200617,0.7905549390925258
,,,,6.553819444444445,0.774860626635551,0.5458542988898192,0.7629896210088357,0.6194245453543545,0.7772077505953301,0.773497150860731
,,,,6.564670138888888,0.7481545954830751,0.527945134369804,0.7548254703330992,0.6036435909218894,0.7602431796442598,0.7752946918380282
,,,,6.575520833333333,0.7451799508063519,0.5130953664084543,0.7394642510277466,0.5915148049916846,0.7352275839401466,0.7356797268743221
,,,,6.586371527777778,0.7272153101271981,0.5102118529546645,0.7182796642654999,0.5765648200610091,0.7207358018506735,0.7285741441159644
,,,,6.597222222222222,0.7056326691453314,0.4974002561476035,0.7097538163786508,0.5735798577710337,0.7011462869990556,0.7012195180016547
,,,,6.608072916666666,0.6870846592866994,0.4801310440908777,0.6881979403725853,0.5442675100209063,0.6859564732837831,0.6906807220937656
,,,,6.618923611111111,0.6704197406448209,0.4699710066642961,0.667742031650855,0.5326743026734478,0.6705880220647699,0.6733099519988371
,,,,6.629774305555555,0.6563533383722031,0.456205213897942,0.6508096977175342,0.5251817475314101,0.6431356426434174,0.6601635338002542
,,,,6.640625,0.6381035393446798,0.4471782873787805,0.6370050292092118,0.5087794995164664,0.634690335900834,0.6459125174402195
,,,,6.651475694444445,0.6168964519948995,0.4337475119550942,0.6169741778775315,0.4921110372947564,0.6201184006670428,0.6231300297038131
,,,,6.662326388888888,0.5875979788528563,0.4192068092830542,0.593046668356163,0.4835445420056197,0.5927201641043754,0.595020784214699
,,,,6.673177083333333,0.5811351435976955,0.4046094024927693,0.5788130601082156,0.4637205645637627,0.5769439809656275,0.5678406024044206
,,,,6.684027777777778,0.5614234294865728,0.3903307420618073,0.5578160719456824,0.4338323123186435,0.5544617124394902,0.5540582621332847
,,,,6.694878472222222,0.5283196020244264,0.3764311178919769,0.5255606351021389,0.4306131032030573,0.5351470176714923,0.5457932555789257
,,,,6.705729166666666,0.5213475774963964,0.3645550993714148,0.5184365051455138,0.4064454082348407,0.5130285383924823,0.5095675257399609
,,,,6.716579861111111,0.5013614072218454,0.3447961199178755,0.4906566849535368,0.3965986215037825,0.4849964537190401,0.4984602801010865
,,,,6.727430555555555,0.4669982519622373,0.3321389997901537,0.4699239843687127,0.3798370262067813,0.4755007783643251,0.4683144042486195
,,,,6.73828125,0.4461025154916805,0.3141916926342635,0.4534346849919944,0.3574990635256471,0.4463938178485269,0.4477119190733991
,,,,6.749131944444445,0.4312191915946241,0.3014724674151522,0.4302002653152162,0.344697303804258,0.4224334940356638,0.4267076292594762
,,,,6.759982638888888,0.4046059542185465,0.2815643794864427,0.4060141151632468,0.3264356005529961,0.4002576469012254,0.4020807200259784
,,,,6.770833333333333,0.3839617742185945,0.2729118425462902,0.3991954063590508,0.3056893181281834,0.3884249616021769,0.3843820836295707
,,,,6.781684027777778,0.3644337149711985,0.2586958120205231,0.3732881784296702,0.2887685597398912,0.3579370379791339,0.3611764164112419
,,,,6.792534722222222,0.3343572278041534,0.2324421175132391,0.3434054512849346,0.2706275469675764,0.3370515361969664,0.3337834491674669
,,,,6.803385416666666,0.3186966482106789,0.2167275816589651,0.3084620804772987,0.2549204348032814,0.3158456466402025,0.3073027935689722
,,,,6.814236111111111,0.2983491411787999,0.202169286862554,0.2930893315809032,0.2316272999976345,0.2907208146387344,0.2939522389248423
,,,,6.825086805555555,0.2674562836164486,0.1879265152852362,0.2643769016797472,0.2115325210420045,0.2691346232954623,0.2701328679830708
,,,,6.8359375,0.2407326751867118,0.1715370820079784,0.24977690715305,0.193677000588695,0.2400068358296379,0.2401203931899424
,,,,6.846788194444445,0.2209009962078919,0.1567641389792848,0.2151937618999742,0.1825629184876213,0.2264375322433723,0.2089411717235746
,,,,6.857638888888888,0.1931660704601355,0.1396472459741349,0.1866621535920944,0.1596364119853671,0.1987123220785374,0.1996855751629961
,,,,6.868489583333333,0.1790218193584753,0.1253018886889961,0.1677970995147915,0.1357037265919385,0.1715227206310735,0.1714492342093439
,,,,6.879340277777778,0.152556732730533,0.1019286742254895,0.155002809331724,0.114165891148683,0.1502574274530885,0.1447868757301047
,,,,6.890190972222222,0.1196201928449346,0.0824946461575987,0.1287190690399546,0.1020815003601293,0.1210424806070016,0.1176374063015744
,,,,6.901041666666666,0.1011307803856097,0.068114434470694,0.1031534032381515,0.080101710321017,0.0933032280661875,0.1002148386868284
,,,,6.911892361111111,0.0760424576870237,0.0545264049468053,0.0755460789679935,0.0576949932361092,0.0689854678506089,0.0814902795228014
,,,,6.922743055555555,0.0514785646731548,0.039207551569314,0.0542902259158935,0.0404138452678883,0.0493905369509327,0.0434962512090835
,,,,6.93359375,0.0200585024754685,0.0155634509095535,0.0240441351541879,0.0182274313312708,0.0301848888767925,0.0237475272766101
,,,,6.944444444444445,-0.0025799823603839,-0.0020719637981401,-0.0041837458635028,0.0039895595507619,-0.0061554047737871,-0.0003090990879985
,,,,6.955295138888888,-0.03074575722631,-0.0209805456179381,-0.0287263369659609,-0.0196836873348603,-0.0240188297178241,-0.0170955041857619
,,,,6.966145833333333,-0.0501175182749913,-0.0347657510592472,-0.0411750690428188,-0.0456703973825139,-0.052446284892166,-0.0510417327537148
,,,,6.976996527777778,-0.0670052968065609,-0.0530979643786813,-0.0784110684969181,-0.057237993522108,-0.083898452809396,-0.0734405611310728
,,,,6.987847222222222,-0.100752534453169,-0.0713263872927062,-0.0987903401511011,-0.0791572863656501,-0.1033486914271071,-0.1034545889707179
,,,,6.998697916666666,-0.114731602690812,-0.083287049183733,-0.1189065230801808,-0.1017704403887353,-0.1208729554796632,-0.1191930986100979
,,,,7.009548611111111,-0.146647961604311,-0.1002725824644968,-0.1468227230046986,-0.1159073608547665,-0.1520021794802644,-0.1414239470518925
,,,,7.020399305555555,-0.1734349445753001,-0.118044428447531,-0.1660539006720342,-0.1407166988151555,-0.1717328047058627,-0.1683150453595864
,,,,7.03125,-0.1965070222592898,-0.1316686879403354,-0.1814646095048675,-0.1531289595885183,-0.1957698893799216,-0.2011728016638035
,,,,7.042100694444444,-0.2179505829362504,-0.1512554736818447,-0.2166610568127103,-0.1766247575399775,-0.2231278825101187,-0.2208999342544946
,,,,7.052951388888888,-0.2417834291513154,-0.1680981380192009,-0.2365799131745457,-0.1921984932325552,-0.2463635272896367,-0.2365847688335338
,,,,7.063802083333333,-0.2518852078076921,-0.1872442969379579,-0.2634631441099276,-0.2052187686798613,-0.2661489914531489,-0.2578462366838187
,,,,7.074652777777778,-0.2902294105864458,-0.2036393848031918,-0.2810183421317161,-0.2313092402229265,-0.2825320008562561,-0.2902915807638846
,,,,7.085503472222222,-0.3074211385734121,-0.215852502346786,-0.3132061417721071,-0.2517438343919657,-0.3047634380064909,-0.3073473435328761
,,,,7.096354166666666,-0.3405042969347869,-0.2317344778868137,-0.3408215353187392,-0.2699581045536949,-0.3345374348842598,-0.3337099598460049
,,,,7.107204861111111,-0.3570817974694961,-0.2510487135605435,-0.3684373631172387,-0.2811655853060354,-0.370540394083427,-0.3622571859996836
,,,,7.118055555555555,-0.381517447462469,-0.2735357354077963,-0.3840496638587688,-0.3118298784025429,-0.3790134329252392,-0.3752073476666505
,,,,7.12890625,-0.4048412365297276,-0.2860336580739454,-0.4078638083204843,-0.329651513238624,-0.4034957135413528,-0.4139162996131298
,,,,7.139756944444444,-0.4246120679005992,-0.3014258214913642,-0.4266640133200243,-0.3452214656425197,-0.4345629967066742,-0.4296791405911975
,,,,7.150607638888888,-0.4441083031318579,-0.3199929434870054,-0.4505918454786454,-0.3544295286672126,-0.4521265636147717,-0.461474143099131
,,,,7.161458333333333,-0.4692354119286786,-0.3244859348143685,-0.4693863878406291,-0.3749537908208517,-0.4703488582783767,-0.4755503161537358
,,,,7.172309027777778,-0.4949280832708558,-0.3454766879244921,-0.4911083515940308,-0.3975406291622727,-0.4931271019779099,-0.4940859352102779
,,,,7.183159722222222,-0.5133244098918384,-0.3581940570256457,-0.509627941824512,-0.4022778678528765,-0.5144646019144495,-0.5089244801452174
,,,,7.194010416666666,-0.5378830535553677,-0.3720643288318491,-0.5238755722358001,-0.4318858473265261,-0.5415162855293696,-0.5391181073943886
,,,,7.204861111111111,-0.5570722540565196,-0.3882780528666403,-0.5580261957335648,-0.4371774812379746,-0.5492088823204325,-0.5574462496059022
,,,,7.215711805555555,-0.5689559847921721,-0.4035798980327417,-0.5873940401795877,-0.4597367095384757,-0.5830524885461362,-0.5811542881257569
,,,,7.2265625,-0.6012270389494502,-0.4107980206396005,-0.5905801301629247,-0.4784398364103242,-0.594726896955259,-0.597309215779214
,,,,7.237413194444444,-0.6173357156332977,-0.4327803487101633,-0.6172582940241296,-0.5018035561957988,-0.6191699063532533,-0.61182042505518
,,,,7.248263888888888,-0.6245973278616727,-0.4459438415456611,-0.6299851104604731,-0.5067182719326654,-0.6353499898937321,-0.6321255572871443
,,,,7.259114583333333,-0.6454252539266807,-0.4582949681209056,-0.6621622249970947,-0.5192923104886018,-0.6509874803262877,-0.6590432985562964
,,,,7.269965277777778,-0.6717159848417396,-0.4727984213983094,-0.6625602893833351,-0.5341194835476724,-0.6692347755671068,-0.6624389184315753
,,,,7.280815972222222,-0.688793354814085,-0.4817841382621294,-0.6903178892301177,-0.5550095546761383,-0.6832240275819079,-0.6881863084028761
,,,,7.291666666666666,-0.7111048917348323,-0.4886724819126051,-0.6973879572839087,-0.5701367518797363,-0.707542185238485,-0.7121701740448348
,,,,7.302517361111111,-0.7207256228096515,-0.504755643681007,-0.7249477813389295,-0.5858450124708385,-0.725579501717867,-0.7249112392850642
,,,,7.313368055555555,-0.7438175716337444,-0.5162831416208399,-0.7399947875356172,-0.6009271462288219,-0.733843865930052,-0.7493820055293703
,,,,7.32421875,-0.7663041048707427,-0.5252477347475077,-0.7554688389037124,-0.6046349863548683,-0.7672991163656735,-0.7556263112750117
,,,,7.335069444444444,-0.7762413233770428,-0.5456565709935634,-0.7746643754625873,-0.6178045778180596,-0.7712497304726216,-0.7696071180204428
,,,,7.345920138888888,-0.7914246494262865,-0.5550982088210571,-0.7881060556737366,-0.6297471317890524,-0.7995166456940448,-0.7880674712857088
,,,,7.356770833333333,-0.7981315796658162,-0.5553285472262061,-0.80052267430447,-0.644256789194133,-0.8055534948074986,-0.8059968895657896
,,,,7.367621527777778,-0.8120150914017448,-0.5747944128562266,-0.8166450444858195,-0.6585295845378475,-0.8092656833839545,-0.8147917646282763
,,,,7.378472222222222,-0.8270604863333381,-0.5780010603269263,-0.8367566632286052,-0.6655643668389051,-0.8291899966971005,-0.8256343462342067
,,,,7.389322916666666,-0.8438904136438561,-0.5885838779520562,-0.8422229900107607,-0.6768835822687477,-0.8364956942061819,-0.8430844198992944
,,,,7.400173611111111,-0.8554143754440622,-0.5995313083580086,-0.8542384388747322,-0.6891124782209754,-0.8620253193696014,-0.868318476206976
,,,,7.411024305555555,-0.8672430633693231,-0.6082782449490435,-0.8713096587139963,-0.6923656133440227,-0.8633112100836946,-0.8647276065733973
,,,,7.421875,-0.8797036734678886,-0.6166254171989981,-0.885410601105017,-0.7058804213227603,-0.8809152214120445,-0.8866872029664631
,,,,7.432725694444444,-0.8950385189357662,-0.6245348817372348,-0.8914909044532818,-0.7117947057630541,-0.8980429185491942,-0.8908742412508703
,,,,7.443576388888888,-0.8969985368104268,-0.6305494927275428,-0.9133294301649716,-0.7255081455575484,-0.9089438223216192,-0.9078593297855652
,,,,7.454427083333333,-0.9132458444848454,-0.6403837421286034,-0.9125077003623836,-0.7382492789039506,-0.9174675935702136,-0.9061370347515636
,,,,7.465277777777778,-0.9218759919300644,-0.6466516342233093,-0.9230640725638902,-0.736245044502247,-0.9271900025729164,-0.9298862485628772
,,,,7.476128472222222,-0.9340906243851964,-0.6572909458019761,-0.9304343665558704,-0.7455933478246143,-0.931894598597685,-0.9270345410635809
,,,,7.486979166666666,-0.945228205873579,-0.6536377067696101,-0.9417272063737951,-0.7520924487066275,-0.9509282847363008,-0.9423563177330644
,,,,7.497829861111111,-0.9468876974496268,-0.6705432980213613,-0.9437821041389356,-0.7555027281932016,-0.9490221897306036,-0.95546643655864
,,,,7.508680555555555,-0.9636418027182948,-0.6672229682548729,-0.962198084918056,-0.7690769577382288,-0.9540727302236076,-0.955863027207554
,,,,7.51953125,-0.9607603440946516,-0.6820164804523173,-0.9614792224455712,-0.7659947148584854,-0.9685007689637049,-0.9743793625674638
,,,,7.530381944444444,-0.9712049979497152,-0.6727612244051286,-0.9639570038638312,-0.772208893023971,-0.9713296029492434,-0.9660603792708818
,,,,7.541232638888888,-0.9800536939070968,-0.6834885006193979,-0.9808538405394316,-0.7778085733999816,-0.9687435875262752,-0.983180198081084
,,,,7.552083333333333,-0.9785777416909686,-0.6798072472133714,-0.9802996389918333,-0.77874603812429,-0.9771599362737112,-0.978394125766657
,,,,7.562934027777778,-0.9866192136045846,-0.689717590061389,-0.9841167662615828,-0.7937483453321912,-0.9779113090264752,-0.9795779013604612
,,,,7.573784722222222,-0.9924033051649628,-0.6936920405969953,-0.9840958131270958,-0.7929645901536553,-0.9891538900747564,-0.9901492208862132
,,,,7.584635416666666,-0.9865208792010584,-0.6947671577239946,-0.9918215399405416,-0.7941242512704659,-0.9897783001408006,-0.998477154598295
,,,,7.595486111111111,-0.9949292075240675,-0.6987986648401618,-0.9972869816641158,-0.7900437214977855,-0.9908658219088892,-0.9924497920728436
,,,,7.606336805555555,-0.9944663992433892,-0.6934209848604466,-0.9948145232535112,-0.7948947537432047,-0.9984321248589334,-1.010339865044166
,,,,7.6171875,-1.001240988149012,-0.698535862859173,-1.0051329338158224,-0.8044028645785262,-0.9959108665935528,-0.9940074773891112
,,,,7.628038194444444,-0.9908727133510944,-0.7015324718517416,-0.9944300595963906,-0.8027929154758869,-0.9968841745184404,-1.0071524866294244
,,,,7.638888888888888,-1.0038031316267482,-0.6955205806264473,-1.0069687700982568,-0.7982752891445846,-0.998806950103653,-1.0075611755459135
,,,,7.649739583333333,-1.0031536215700347,-0.7030262473447294,-0.998229828721476,-0.790592427925735,-0.9937458579369728,-0.9990417882605248
,,,,7.660590277777778,-1.0024632938551472,-0.6988111677208659,-1.001049813069212,-0.7996425120800393,-0.9926996364408636,-0.9970140982262438
,,,,7.671440972222222,-0.9992682368560498,-0.6994336798205637,-1.0043722984366188,-0.7958770321333696,-1.000759476530776,-0.9955207166640564
,,,,7.682291666666666,-0.989481728192173,-0.6998965650372471,-1.0000693480030045,-0.7959274185951868,-0.9941347228007484,-0.9905480712654348
,,,,7.693142361111111,-0.9932897485448045,-0.6925574825971841,-0.9854420633326274,-0.8042450896641962,-0.992569149179337,-0.9908189370590398
,,,,7.703993055555555,-0.983449336263397,-0.6939788091614586,-0.9841686240467994,-0.7916622275558254,-0.9925662030266532,-0.9943063174270944
,,,,7.71484375,-0.9908322565837092,-0.6935508670797474,-0.9818898496564832,-0.785109159359635,-0.9926597226687208,-0.9849517122652046
,,,,7.725694444444444,-0.9782729226555466,-0.6855350984313707,-0.9797069569754384,-0.7806486447043768,-0.9741324050914104,-0.9848354063826534
,,,,7.736545138888888,-0.9738738144916466,-0.6866762593150686,-0.9836850894075744,-0.7825413953146055,-0.9754552916776222,-0.975549235060849
,,,,7.747395833333333,-0.96717188780874,-0.6781039004208513,-0.968119292005268,-0.7818203807523197,-0.98224580034942,-0.9764520411001189
,,,,7.758246527777778,-0.959821914027842,-0.6799195807493007,-0.9632335050738848,-0.7676828396378386,-0.963509744937524,-0.9610316134276728
,,,,7.769097222222222,-0.956538320714389,-0.6788242216670143,-0.9398191286632904,-0.7639772027210808,-0.9550596151079028,-0.9631135481831086
,,,,7.779947916666666,-0.9487521719114096,-0.6625327996461485,-0.9391131651572462,-0.7613018490905318,-0.949147398250894,-0.9572680094715196
,,,,7.790798611111111,-0.9404287736869772,-0.6546496597131614,-0.9529216471769614,-0.7523058391934916,-0.9405052581663136,-0.9362009602263992
,,,,7.801649305555555,-0.9251212170781968,-0.6513337116330132,-0.9301325899001528,-0.7496978326429596,-0.9222457315117734,-0.9313321607172912
,,,,7.8125,-0.9280688578147278,-0.6470202236807164,-0.922851582767119,-0.7420244429006859,-0.9232787611732272,-0.928973305613838
,,,,7.823350694444444,-0.90577995413186,-0.6415258130912318,-0.9162016720258336,-0.728370393390092,-0.91964521976171,-0.9128359369267915
,,,,7.834201388888888,-0.9111112868681596,-0.6343840713201833,-0.9040905913351522,-0.7254874991935654,-0.912229475977496,-0.9032380354573804
,,,,7.845052083333333,-0.8886866861935044,-0.6262646284346323,-0.8955726924008679,-0.7082164867095918,-0.8908675715858234,-0.8979703046717081
,,,,7.855902777777778,-0.8819468949807535,-0.611762720270193,-0.8872782782843998,-0.7102967789623181,-0.8813813914279797,-0.883903058078755
,,,,7.866753472222222,-0.8697866549146749,-0.6133382652159896,-0.8688489102102226,-0.7010331025338306,-0.8741729955967736,-0.878652239348012
,,,,7.877604166666666,-0.847527638133868,-0.6081467808486316,-0.859438316063258,-0.6794586465478472,-0.8574210920845589,-0.8585132901700135
,,,,7.888454861111111,-0.8542453610439992,-0.5913009604108602,-0.8432913503332455,-0.6699603626946301,-0.850112710665371,-0.8432925636304253
,,,,7.899305555555555,-0.8278746118691218,-0.5757683918937808,-0.8331389437999941,-0.665697675565614,-0.8351383807506072,-0.8295451116921618
,,,,7.91015625,-0.8273049278481416,-0.5728008726702133,-0.8163247255920536,-0.6548248264634076,-0.8171972545060813,-0.8187340636667055
,,,,7.921006944444444,-0.8031411893261472,-0.5659363646606224,-0.7975263574835624,-0.6462325312894373,-0.3213579891181027,-0.7966591185382663
,,,,7.931857638888888,-0.7926992141131918,-0.54784766729199,-0.7950550429562641,-0.6307330940737648,-0.3167819962986249,-0.7914731587271122
,,,,7.942708333333333,-0.7672732149712063,-0.5390763841884082,-0.7783867098433839,-0.6205845296001465,-0.3112937095656718,-0.7782035590658919
,,,,7.953559027777778,-0.7559048090689446,-0.5304311978597371,-0.7596583990783823,-0.598598473078195,-0.2998296083861285,-0.7453732305487656
,,,,7.964409722222222,-0.7329579859728301,-0.5178715517267702,-0.738019414915299,-0.5944732860451477,-0.2971453465349288,-0.7455037372120641
,,,,7.975260416666666,-0.722858634251915,-0.5118644622099376,-0.7277750929295704,-0.576813169484998,-0.2917291157528675,-0.7305091575832566
,,,,7.986111111111111,-0.6959124621336246,-0.4968119032368361,-0.6985316682198633,-0.567387836400628,-0.2822936339295287,-0.70336828586517
,,,,7.996961805555555,-0.6914322415564562,-0.4816191464505072,-0.6887126426853687,-0.5509063893206182,-0.275665301222298,-0.6937023499154321
,,,,8.0078125,-0.6752457076780422,-0.4708713609136684,-0.6668413515288057,-0.5339975661771875,-0.2677438125170536,-0.6694996821447566
,,,,8.018663194444445,-0.6532890113545315,-0.4573782683075297,-0.6483697765181121,-0.5212553835181252,-0.2619819699692786,-0.6579585409208113
,,,,8.02951388888889,-0.6393670021632016,-0.4439514088839063,-0.636044715253981,-0.5073560777483144,-0.253693862332634,-0.6340682492379364
,,,,8.040364583333334,-0.6236855660092779,-0.4249505385228944,-0.6126456274585926,-0.4908967464861171,-0.2505635986498009,-0.619850413691629
,,,,8.051215277777777,-0.5966691625320379,-0.415956267611395,-0.5896176065783295,-0.4777316678767169,-0.2390478385704393,-0.5890436449775004
,,,,8.062065972222221,-0.5773622453385554,-0.4039159934423338,-0.5786090440209206,-0.4608834898207723,-0.2316729171592461,-0.5818089803951975
,,,,8.072916666666666,-0.5529851516485743,-0.3850577302994319,-0.5569004072268271,-0.4519914978316775,-0.2209524141617793,-0.5505186111654726
,,,,8.08376736111111,-0.5394413606593704,-0.3782478864426002,-0.5272660085164825,-0.4275946926427052,-0.210814650444673,-0.5320727895931221
,,,,8.094618055555555,-0.5111710930519282,-0.3585976202892912,-0.5147188987735304,-0.4143251410171074,-0.2063941930724176,-0.5120879595752076
,,,,8.10546875,-0.4949311131664901,-0.343137874577555,-0.4898385317672804,-0.3953818188712812,-0.1950119801516674,-0.4944276473781933
,,,,8.116319444444445,-0.4619259317510005,-0.3318610930840854,-0.4726891612696897,-0.3717100882884928,-0.1898204011173099,-0.4653491754504465
,,,,8.12717013888889,-0.4544172608812518,-0.3109280883871363,-0.4441030246039174,-0.3646008493900228,-0.1788986506311508,-0.4536703089115054
,,,,8.138020833333334,-0.4248167003734612,-0.3100686744436934,-0.4229329678172511,-0.3501810152460042,-0.1719768194712106,-0.4323858076348381
,,,,8.148871527777777,-0.4016281129091216,-0.2828576123343792,-0.4071208126000225,-0.320928912152622,-0.162101119766528,-0.4098773142303001
,,,,8.159722222222221,-0.3808398689604508,-0.2640420707793587,-0.3825017009517504,-0.3070875378998104,-0.1531314575988144,-0.3918121536784143
,,,,8.170572916666666,-0.3619593473055567,-0.2514458681175796,-0.3637028953477795,-0.2809091588674307,-0.1410514453738764,-0.360351877479353
,,,,8.18142361111111,-0.3282797346529463,-0.234005268685463,-0.3374545069800298,-0.2706166059457567,-0.1328313260413263,-0.3307338199565302
,,,,8.192274305555555,-0.3142178483010012,-0.2197638229779364,-0.320792998810731,-0.2478627468387338,-0.1269394938483956,-0.3112458730817955
,,,,8.203125,-0.281073049601416,-0.2030565943437333,-0.2888364117425871,-0.2336095899545583,-0.1191483224244139,-0.2880870616909781
,,,,8.213975694444445,-0.2718814851936976,-0.1859583128365977,-0.2732882882699625,-0.2119423182571911,-0.1081409369724067,-0.2732671001129528
,,,,8.22482638888889,-0.2404045757766015,-0.1693799075590895,-0.2428829272112267,-0.1992799482269149,-0.0977334940852078,-0.2397817913513738
,,,,8.235677083333334,-0.2133976197016349,-0.1497894711794676,-0.2119107869523721,-0.1755396042765249,-0.087894891773087,-0.2093298825935836
,,,,8.246527777777777,-0.1995259887567927,-0.1341228825846575,-0.2005975776339035,-0.1607809344330716,-0.0774238503870661,-0.1967365818738445
,,,,8.257378472222221,-0.1788153979674811,-0.1201016886525782,-0.1702821300948118,-0.1364757670312014,-0.06907730576302,-0.1724499749831027
,,,,8.268229166666666,-0.1459809407483089,-0.0983648200637725,-0.1513663977691712,-0.1149756917552167,-0.0604682989187128,-0.1480410303677833
,,,,8.27907986111111,-0.126766424100896,-0.086359048188625,-0.123643831014925,-0.0995357864922571,-0.0470468227543786,-0.1173788756657332
,,,,8.289930555555555,-0.0932098351365256,-0.0700751227479214,-0.1006584267126858,-0.0826471832772598,-0.0406484072813472,-0.097556185395709
,,,,8.30078125,-0.0793350260197793,-0.0539310923052385,-0.0800808992139687,-0.058369041518839,-0.031659610726014,-0.0718314318731456
,,,,8.311631944444445,-0.0507588759876992,-0.0371267604347987,-0.0492007606126251,-0.0331790099197557,-0.0207051224306081,-0.0457476649356725
,,,,8.32248263888889,-0.0236894796352386,-0.0148074970491289,-0.0277892731329078,-0.0246750016098882,-0.0099366484114084,-0.0192693120094422
,,,,8.333333333333332,-0.0070095555701038,0.0021323727126036,-0.0009787756449363,0.004576799616668,-0.000296695291611,0.007361433790303
,,,,8.344184027777777,0.0236186623832929,0.0177621588154494,0.0210212601426367,0.0228052169654775,0.0129855003594725,0.0235454643921651
,,,,8.355034722222221,0.0494410748250157,0.0297698091648903,0.0508327820594225,0.0370953656818088,0.0185554695184631,0.0499296199143885
,,,,8.365885416666666,0.0731708503711913,0.04764746052429,0.0769112053044371,0.0556689560747705,0.031175031534218,0.0761646364717159
,,,,8.37673611111111,0.0957516758213381,0.0622267972376065,0.1018482247264682,0.0805292405257817,0.0427852325710045,0.0993103682805734
,,,,8.387586805555555,0.1269821565969189,0.0889653180145179,0.1227125718126264,0.1017385633307039,0.0485515294097264,0.1241231234995062
,,,,8.3984375,0.1460951808300603,0.1089502045046639,0.1528806906717393,0.1131578757036197,0.0577503047850719,0.1432678375970749
,,,,8.409288194444445,0.1693657741932822,0.1183305149141771,0.1650327361787373,0.135764648734286,0.0700239710477296,0.1651499228872697
,,,,8.42013888888889,0.1954183348818176,0.1323852482171954,0.1947543853204147,0.1605611220141402,0.079833967711181,0.1981531352765818
,,,,8.430989583333332,0.2200860804380729,0.1557663083344067,0.2138684674880974,0.1800818303112678,0.0876289880226547,0.223490829278531
,,,,8.441840277777777,0.2389744632216476,0.1735926187257365,0.247439836945271,0.1946865973679462,0.0976935402825673,0.2416293172119986
,,,,8.452690972222221,0.2642303518677967,0.1867237453170162,0.2655663761782352,0.2159048382498054,0.1057098079580296,0.2669427399852864
,,,,8.463541666666666,0.2915364950614845,0.2015236833173211,0.289541226188972,0.2328785973873178,0.1167167340375823,0.2958940795525099
,,,,8.47439236111111,0.3119811679495451,0.221005377704095,0.3094996014487648,0.2563914863035423,0.1276446522371583,0.3120115743271546
,,,,8.485243055555555,0.337777173096896,0.2340380573056007,0.3441523121190465,0.26969901342892,0.1345962496159562,0.3376899861065953
,,,,8.49609375,0.3598803827216253,0.2521866920617401,0.3588516414978816,0.2841815886672704,0.1428840314703157,0.3602927207339833
,,,,8.506944444444445,0.3750259631824671,0.2687812390439986,0.375817042271068,0.3013307450108087,0.1522808120838334,0.3840926004129938
,,,,8.51779513888889,0.4091650395888036,0.2867926742133262,0.4041966298554991,0.331984327142333,0.1642854592826567,0.4022838028536817
,,,,8.528645833333332,0.4272466327473412,0.3045113409415697,0.4254297244935913,0.3395480935665845,0.1720019403125255,0.4303794118489083
,,,,8.539496527777777,0.4421804228864268,0.315721925082418,0.448473725901639,0.3633953610422878,0.179064202641126,0.4445670078479554
,,,,8.550347222222221,0.470880852499708,0.3385097625720163,0.4708601972218352,0.3759203695388701,0.1880813971325879,0.4742163594532848
,,,,8.561197916666666,0.4934839318500294,0.3452336561001252,0.4972155526380677,0.4047053974442203,0.1951249153774902,0.4940611512582227
,,,,8.57204861111111,0.5100818541945839,0.3608254214841125,0.5214044893921448,0.4148644264673104,0.2020528846298905,0.5129009805559641
,,,,8.582899305555555,0.5326024191861031,0.3755746652401587,0.5426480113901039,0.4308629430566619,0.2148529297758515,0.5410038659662116
,,,,8.59375,0.5556878802659577,0.3885107522859376,0.5535553248500745,0.4391805583463132,0.2203936089740002,0.5624722159830243
,,,,8.604600694444445,0.5683290520074809,0.4105223076095442,0.5736060078089408,0.4587110604198516,0.2318974326946538,0.574635848629504
,,,,8.61545138888889,0.6052002883049774,0.415166413329999,0.5980409724027966,0.4753927577960781,0.2417446618012838,0.598668433237986
,,,,8.626302083333332,0.6116947198307152,0.4259325525264966,0.6137545951256088,0.4915438513759835,0.2471748778585946,0.6165335426354573
,,,,8.637152777777777,0.6414300204440002,0.4485247737876506,0.631530285596164,0.5022926157122559,0.2543053468663201,0.6248505337362175
,,,,8.648003472222221,0.6517388097323544,0.4544053830514318,0.6531168599067022,0.5224258087676232,0.2606802348813203,0.6554343028532279
,,,,8.658854166666666,0.6732720875117683,0.4706106969281027,0.6759832533879822,0.5397256836784677,0.2666674067184211,0.6724842631000664
,,,,8.66970486111111,0.6775365430921833,0.4817270852499678,0.6944566272219722,0.5500414287352856,0.2762359610683682,0.6862094801059175
,,,,8.680555555555555,0.7000603943779856,0.4963820023185316,0.7023064668268807,0.5689756183523701,0.2770077921395552,0.7066297255188851
,,,,8.69140625,0.7192616046817383,0.5093119367139163,0.7183965876654654,0.5810543045883807,0.2910173038885476,0.7164226322703166
,,,,8.702256944444445,0.7413672102113379,0.5110874772275101,0.744505094946497,0.5988598960426054,0.2978568146244861,0.748385607690505
,,,,8.71310763888889,0.754513690135758,0.5306988150972517,0.7544663772110207,0.6101631332007131,0.3079798378650908,0.7521837577034116
,,,,8.723958333333332,0.7761441481855897,0.542558952449811,0.7774444340462087,0.614566062187455,0.309101224674671,0.7738522760728472
,,,,8.734809027777777,0.7953872737610606,0.5443498464831606,0.7865701947611308,0.6351075610490674,0.3157134495917805,0.7849303059769688
,,,,8.745659722222221,0.7976785407839596,0.5687059318258574,0.8027990009617832,0.6472182379877947,0.3212043870885637,0.8006197481635144
,,,,8.756510416666666,0.8168676807687552,0.5733628048415632,0.8210954392952207,0.6567824617380877,0.3305808728116592,0.8274703932265745
,,,,8.76736111111111,0.836186202876948,0.5843442975008741,0.8325570988965815,0.6607097185686963,0.3299390368774659,0.8323141702107998
,,,,8.778211805555555,0.8517176135349618,0.5879129564065491,0.8409121599466747,0.6742895566927941,0.3345910715199406,0.8527088506118699
,,,,8.7890625,0.85464136134107,0.5999451378537319,0.8526702182255388,0.683362671951741,0.3424375010979963,0.856024554276783
,,,,8.799913194444445,0.8759083797212395,0.6039087464117178,0.8794421846586863,0.7005980141806357,0.3514942791468503,0.8730643556052485
,,,,8.81076388888889,0.8819890280898447,0.6186748569252822,0.8808257797835244,0.7029536319930587,0.3482679825572803,0.8893319895440883
,,,,8.821614583333332,0.90176754285583,0.625060587011479,0.9000703938129571,0.7198748456349416,0.3586554150185123,0.889896066558669
,,,,8.832465277777777,0.906495868658844,0.6268427386445574,0.8958741568596487,0.7203964110067504,0.3617720997002662,0.8966924017982232
,,,,8.843315972222221,0.9078688956639452,0.6414406868369823,0.9137712754786892,0.7267129917137971,0.3662736532967352,0.9148829000406454
,,,,8.854166666666666,0.926731509827253,0.6447993738718334,0.9256721916804536,0.7366104351430334,0.3732115636960642,0.9204328611622364
,,,,8.86501736111111,0.9377959852143608,0.6552714773032545,0.931091877968242,0.750697572119209,0.3719957845041506,0.9308469254299132
,,,,8.875868055555555,0.9377260445089004,0.6645029448732404,0.9419108665983008,0.7500789286367805,0.3747751709834288,0.9435376080443232
,,,,8.88671875,0.9494082678107112,0.6689063869450541,0.9543820642430624,0.7624114788799448,0.375946413148916,0.9489398757233752
,,,,8.897569444444445,0.960190551633992,0.6674079953144872,0.958784362801634,0.771424575312888,0.3858337840263491,0.961573032204576
,,,,8.90842013888889,0.9619225731026352,0.6704694867284552,0.9610160906864096,0.7719230716402136,0.3835828348931684,0.9671437940080474
,,,,8.919270833333332,0.9673534983860558,0.6792355630298668,0.9699515683084966,0.7759541770310746,0.3918900208933926,0.9743637948183956
,,,,8.930121527777777,0.9799869529788454,0.68461388697956,0.9868301866128896,0.7797408869971676,0.3886657809259191,0.977796176652512
,,,,8.940972222222221,0.9876011199186108,0.6920503492658985,0.9788538439869968,0.778672231931338,0.3913779439266843,0.97918354426941
,,,,8.951822916666666,0.9897282766543916,0.6898667308127288,0.9782896885434536,0.7879152967797314,0.3923075546358758,0.9818253306094574
,,,,8.96267361111111,0.9880629685068768,0.6916173958094671,0.996359034288514,0.7943125042691359,0.3963710623165206,0.9929289995123942
,,,,8.973524305555555,0.9885976904977138,0.6946736291250006,0.9965963323060242,0.7924904987772545,0.3956852500936826,0.9887385455094634
,,,,8.984375,0.9930978330647344,0.6921092745842042,1.008826912518894,0.7920202605189319,0.3952078903286951,0.9921549009424498
,,,,8.995225694444445,0.999415054030056,0.697851184958623,1.0096316190872086,0.7910969536396842,0.4013757822592283,0.9939796684828112
,,,,9.00607638888889,0.9890411950610872,0.7028407283933069,1.0003937508349354,0.8026143644650218,0.3994567373455332,0.9952431011145184
,,,,9.016927083333332,1.0037395804657323,0.6995034550564391,0.9993837635589384,0.8031144416053513,0.4029187905879884,1.0005478578269196
,,,,9.027777777777777,0.9994351492313824,0.6925412388498192,1.000987483526736,0.7997945059704014,0.4012481728129402,0.9889340579076008
,,,,9.03862847222222,0.9961355425093952,0.7012400922998954,0.9928059576552034,0.7981138428387773,0.4020397397700386,0.9989915214445172
,,,,9.049479166666666,1.0033167550217337,0.6986952871044578,0.9957432314944838,0.7909685902349092,0.4006319372580491,0.9930109188731792
,,,,9.06032986111111,0.9903276196414672,0.696643771683493,0.9956953258292696,0.7926599700925661,0.4004530248419582,0.9964144448473886
,,,,9.071180555555555,0.990598566986634,0.6966143141217807,0.9961452402576764,0.7960962860042673,0.3970655379235483,0.9961620565961666
,,,,9.08203125,1.003663569514434,0.6884416905690057,0.9957089643396853,0.7939588145155322,0.3954390384587548,0.9942846420064646
,,,,9.092881944444445,0.9842360507560066,0.6934505466632794,0.9910197720435056,0.794150136827783,0.3956181814625691,0.9812113451387136
,,,,9.10373263888889,0.9841237788830683,0.6939304241595401,0.9864785214810016,0.7886203398787424,0.3931400759099446,0.983005235204191
,,,,9.114583333333332,0.9818653379877234,0.690164738441056,0.9769841465297516,0.7785955210052786,0.3931790650102336,0.969264146774462
,,,,9.125434027777777,0.9687176510366832,0.6865602830904597,0.975263655602449,0.7827773534081574,0.3913470969497095,0.9739290364913706
,,,,9.13628472222222,0.9689332895435684,0.6796811613188743,0.9708986596461816,0.7762899707550752,0.3886891967829555,0.9678528116153872
,,,,9.147135416666666,0.9647331294136626,0.673168639552794,0.962187865109583,0.772762827139756,0.3869927028805475,0.9607214152840244
,,,,9.15798611111111,0.9599151260938492,0.6734817957100921,0.95239811352566,0.7688471148296724,0.3847298183083512,0.9510969306590186
,,,,9.168836805555555,0.9513054591746876,0.664548307915762,0.94911731090662,0.7616521340285902,0.3791606670313375,0.9520710454170273
,,,,9.1796875,0.9415700353824998,0.6601647504845273,0.9395529036004662,0.7596448854740601,0.3795443493473034,0.9429595345182976
,,,,9.190538194444445,0.930653876095342,0.6517716464675569,0.9373617775708448,0.7434083007575981,0.3727665062026996,0.9353261793835966
,,,,9.20138888888889,0.9298940518218902,0.6520366596271124,0.9244688095813978,0.7382027128569435,0.3716455191627538,0.9243266332943124
,,,,9.212239583333332,0.9234773024484044,0.6375178509079161,0.91212188469235,0.7333975689246962,0.3677733664005702,0.9165011247933894
,,,,9.223090277777777,0.8945072417707463,0.6349329732681512,0.9023417381080512,0.7240358096274151,0.3585755303352068,0.8993985906870265
,,,,9.23394097222222,0.8929348107510644,0.6287268237385958,0.8875276007623186,0.713556065849438,0.3566312441237591,0.8893175534945709
,,,,9.244791666666666,0.8846267743885188,0.6127080759245855,0.8770092684271205,0.7076762888733161,0.3549372765177065,0.8909037230161321
,,,,9.25564236111111,0.8705094456916814,0.6093265752348622,0.8812891122934348,0.6977429530231412,0.3487141370322271,0.8672892933758779
,,,,9.266493055555555,0.8543174595432085,0.604461169161081,0.8538763647844507,0.6900222947467115,0.3429265579504156,0.8652176575924079
,,,,9.27734375,0.8450333841733657,0.587474569369572,0.8479663027770135,0.6760999550823477,0.3427796676143066,0.8468304615427696
,,,,9.288194444444445,0.8439827649718947,0.5817893655681635,0.8324128536546934,0.6685261712062351,0.3342070148494712,0.8306084882250279
,,,,9.29904513888889,0.8197399937522043,0.5712676967824394,0.8172891573796577,0.6440427303302316,0.3305008940961207,0.8198005611753334
,,,,9.309895833333332,0.7983258012535183,0.5624351776147615,0.7989627355241683,0.647960169278639,0.323378642142705,0.80893200585995
,,,,9.320746527777777,0.7831788100817381,0.547872311930194,0.7871772693348247,0.6260827208398336,0.3161948204426282,0.7935225412245723
,,,,9.33159722222222,0.7711317062426636,0.5429374269314357,0.7749844613217703,0.6228407716029823,0.3068722287846566,0.7701285948852383
,,,,9.342447916666666,0.7616356231728243,0.5324588638403797,0.7569448585292413,0.5946344265623108,0.3014858236256494,0.7603620820040026
,,,,9.35329861111111,0.734526482233407,0.5145672252308092,0.736289473592478,0.5884171183227409,0.3008526299398698,0.742483502352161
,,,,9.364149305555555,0.7337634143900076,0.5069393448762745,0.7229339176044871,0.5791613838210731,0.288253171484976,0.7263062037802649
,,,,9.375,0.7058945666479146,0.4920488759270748,0.7090561996196064,0.5690420923081339,0.2855921254829064,0.7101227434063632
,,,,9.385850694444445,0.6929582261386972,0.4857249585272141,0.6823879853896448,0.5493947990385446,0.2754055682232345,0.6930253509089965
,,,,9.39670138888889,0.6753799831235258,0.4704424221607315,0.6706524637550788,0.5440552795129799,0.2687487421157323,0.6748880705300612
,,,,9.407552083333332,0.657174745307472,0.4554873722537312,0.657539209984674,0.5187953868142058,0.2587904383967405,0.6626846181015518
,,,,9.418402777777777,0.6320029867811556,0.4416248268538116,0.6367303046331284,0.5136773318304351,0.2533517571191943,0.6309098940319633
,,,,9.42925347222222,0.6212484019182467,0.4356112374721771,0.609693598207844,0.4940884335470694,0.2457944878812716,0.6197097696409751
,,,,9.440104166666666,0.5913390410149153,0.4166469698864661,0.6046920686909237,0.4798152749612289,0.2369288592923352,0.5994718464618802
,,,,9.45095486111111,0.5783847818408443,0.4089020172159617,0.580535067429819,0.4568729103661555,0.2313114909013916,0.5746224174569413
,,,,9.461805555555555,0.5630544700806481,0.3846301118808523,0.5555502657389958,0.4471216214696099,0.2234703130533499,0.5537890586682597
,,,,9.47265625,0.5301834230999599,0.3782579638275936,0.5293610989064111,0.4262700295856752,0.215652126103755,0.5398123504565772
,,,,9.483506944444445,0.5065257588604665,0.3611465102868445,0.5100974905106792,0.4174840745493811,0.2044717959919499,0.5056947518879736
,,,,9.49435763888889,0.4970729768483481,0.3447883344048115,0.4857146768447287,0.3934244157114338,0.1968006117747954,0.5001570983011976
,,,,9.505208333333332,0.4678379084239464,0.3335217031746873,0.4710316568933915,0.3722620911490568,0.1857519831595496,0.4756965096120136
,,,,9.516059027777777,0.4520878753663486,0.321566903281027,0.4504737769929728,0.3647590467277029,0.179322473570691,0.4428378777269178
,,,,9.52690972222222,0.4220885547019374,0.2944135837983016,0.4241857850448888,0.3465098023278714,0.1690299919266376,0.4336469580399787
,,,,9.537760416666666,0.397799766688246,0.291525303547953,0.4077613645156754,0.3267951218935037,0.1705766535955541,0.3994142569925534
,,,,9.54861111111111,0.3758279946480275,0.2759770180262374,0.383795568586387,0.3099874037258654,0.1532698091472115,0.3710408601671021
,,,,9.559461805555555,0.3565484535168287,0.2465366340412024,0.3684722905273763,0.2789405477130408,0.145249372122954,0.3571848474753463
,,,,9.5703125,0.3406057617536864,0.2327464006316286,0.3425433497607095,0.2729823353131815,0.1366295302778852,0.3419414227323705
,,,,9.581163194444445,0.3130139907232627,0.2175626906483503,0.3040678840905424,0.2511249933046174,0.1279711707883972,0.3193562861218007
,,,,9.59201388888889,0.282874152901735,0.2021494261077958,0.2930343521857844,0.2352966095147941,0.1106995618104095,0.2882198059662381
,,,,9.602864583333332,0.269402323926638,0.1788148806414282,0.2678554995193564,0.2134960434244489,0.1056982945760081,0.2703005906705671
,,,,9.613715277777777,0.2448780885197768,0.1689392959759532,0.2442012733203611,0.1970063498080485,0.0990455329633789,0.2462444745612167
,,,,9.62456597222222,0.2195399938900307,0.1556875070837688,0.2257370912950652,0.1769846561095034,0.0869703062458182,0.2066971155212598
,,,,9.635416666666666,0.1918961512957846,0.135890311830325,0.1851360094240166,0.1583955022557172,0.0777297743704115,0.1966775337393932
,,,,9.64626736111111,0.1730325068982093,0.1193567516767105,0.1612904381506756,0.1303613603886517,0.0682087498654385,0.1651645980404086
,,,,9.657118055555555,0.1541337547622819,0.0978557260076215,0.1452238950169898,0.1200616293877991,0.0602526524964409,0.1508925604810352
,,,,9.66796875,0.1256541686255353,0.0886018638054953,0.1175293762414911,0.0944074605565499,0.0508116643490965,0.1216687001902672
,,,,9.678819444444445,0.1017416462339135,0.0646460107286731,0.1017072285724886,0.0804522283620732,0.0376532105495351,0.1033877534546415
,,,,9.68967013888889,0.0809100539188365,0.0516906423147032,0.0819796074038174,0.056865216755429,0.0313097715938588,0.0792743408283972
,,,,9.700520833333332,0.0557619702539049,0.0297123615812262,0.046171905919195,0.0358680257149969,0.0193129370968665,0.053801174277689
,,,,9.711371527777777,0.033953101878834,0.0225952324974571,0.0273791180249074,0.0185701938244061,0.0080197770746258,0.0226204427684698
,,,,9.72222222222222,-0.0001158771741126,-0.0030222980460487,0.0006526319509503,-0.0003141314278418,0.0028470348995677,0.0045410747400615
,,,,9.733072916666666,-0.0219358473586532,-0.0215788888942084,-0.021312791887304,-0.0189114784332861,-0.0088217751500515,-0.0224918256107513
,,,,9.74392361111111,-0.0522236209203596,-0.0348791699963639,-0.0442981942815019,-0.0386442548608911,-0.0206170979976268,-0.0473103764953065
,,,,9.754774305555555,-0.0757380385363167,-0.0523138936175177,-0.0690492436194841,-0.057638680752008,-0.0284294405928424,-0.0730713694648717
,,,,9.765625,-0.098516095320875,-0.0696800370578266,-0.1016581950874239,-0.0741498322006205,-0.0380952827996986,-0.088125587780445
,,,,9.776475694444445,-0.1266582660529202,-0.0846540011290013,-0.1334096305855905,-0.094166140876891,-0.0503880964591473,-0.1220364808244379
,,,,9.78732638888889,-0.1434788022580821,-0.1045967389508016,-0.1405545460516845,-0.11524913539652,-0.0564467109403309,-0.1497755164655775
,,,,9.798177083333332,-0.1672893191182969,-0.1239740243582118,-0.1761715822888653,-0.1306828023610525,-0.0662202049604953,-0.1721127053347354
,,,,9.809027777777777,-0.1983129573535168,-0.1328534293068545,-0.202034937287391,-0.1555002830415761,-0.0822520192591453,-0.1910521259853196
,,,,9.81987847222222,-0.2127192199836143,-0.1584901798712626,-0.2185116871021935,-0.1760180566580392,-0.0853153236436518,-0.2220879204892388
,,,,9.830729166666666,-0.2426424106336521,-0.162058906548767,-0.2505410094947836,-0.1925203181486447,-0.0971604226536789,-0.2357711254194633
,,,,9.84157986111111,-0.2691422308273578,-0.1854275407817343,-0.2734711706189305,-0.2151448090338624,-0.1076996825655263,-0.2703581270556536
,,,,9.852430555555555,-0.2973461027056361,-0.2051357750007584,-0.2907051864270912,-0.2268924391124424,-0.1134488278375849,-0.2844905982413271
,,,,9.86328125,-0.3119512673310974,-0.2201103972601203,-0.313280818260187,-0.2553219872915667,-0.1242278539428672,-0.3146432036669445
,,,,9.874131944444445,-0.3369060690898784,-0.2335534048834117,-0.3365823564878384,-0.2674923226237897,-0.1366924330867222,-0.3319180187883424
,,,,9.88498263888889,-0.3518751320501201,-0.2524347792495554,-0.3555044100369402,-0.2781017413358847,-0.143326498301263,-0.3539508331888496
,,,,9.895833333333332,-0.3838212069943407,-0.2600647746154412,-0.3764610636148153,-0.2990988277945231,-0.1505228937017073,-0.3836726957779923
,,,,9.906684027777777,-0.4000045135527428,-0.2867031797217204,-0.4041965607758185,-0.3265833024439051,-0.1629653353205277,-0.4058414413094982
,,,,9.91753472222222,-0.4272003082401,-0.2950426319041782,-0.431737200852174,-0.3414446519716478,-0.1681415747634834,-0.4256859671661075
,,,,9.928385416666666,-0.4499851213199182,-0.3154467493878651,-0.4460842201610669,-0.3599377939435204,-0.1830430490778089,-0.4472726099331518
,,,,9.93923611111111,-0.4775773124583637,-0.3283607949066507,-0.4698849765434102,-0.3750015087631969,-0.1890718693843757,-0.4585152067899775
,,,,9.950086805555555,-0.4848027471025339,-0.3474128705763665,-0.4885792986318618,-0.3949917313042963,-0.1980051509426318,-0.4881206078615284
,,,,9.9609375,-0.5080398551237295,-0.3590501648552635,-0.5140921678283451,-0.4100514566042887,-0.2038812562057619,-0.508831279405244
,,,,9.971788194444445,-0.5345715323384606,-0.3740745913661369,-0.5290371000392087,-0.4290367787255345,-0.2154567248851572,-0.5469552257134681
,,,,9.98263888888889,-0.5622655317868762,-0.3871945161477745,-0.5543621205003015,-0.4398726375350087,-0.2235995075871691,-0.551015463309928
,,,,9.993489583333332,-0.576781774637306,-0.4017673213492435,-0.573909786522676,-0.4567752191694254,-0.228495783522114,-0.581752668883585
,,,,10.004340277777777,-0.588276596305955,-0.4074460256356893,-0.5946186194551011,-0.4719701330256962,-0.2380640553994262,-0.6002377899626793
,,,,10.01519097222222,-0.6118104217995173,-0.4320462281305467,-0.6217191884275269,-0.4977045924233228,-0.246757932952809,-0.6082004243002872
,,,,10.026041666666666,-0.6322875485305799,-0.4449171702363686,-0.6349565550562601,-0.5084130378007023,-0.2520333580155311,-0.6296577753695788
,,,,10.03689236111111,-0.6379004692964285,-0.4578885215338165,-0.6527408166956519,-0.5177087351958451,-0.2597946519145023,-0.6555302043780207
,,,,10.047743055555555,-0.6714094566982954,-0.4639924543106904,-0.6783381407570848,-0.5400586833001668,-0.2667977260938968,-0.6747743929551957
,,,,10.05859375,-0.6858456010044308,-0.4809931243406513,-0.6833121535375893,-0.5596110789990112,-0.2763866618262633,-0.6884308942403907
,,,,10.069444444444445,-0.7040812791294645,-0.4991095629575555,-0.7098313787060697,-0.5700118597701888,-0.2837740836169998,-0.6976783156746178
,,,,10.08029513888889,-0.7328818848590468,-0.5035576477287826,-0.7234297593952284,-0.5735755623517242,-0.2918329072136353,-0.7243963936198309
,,,,10.091145833333332,-0.7484133303984618,-0.5118089137076165,-0.747493112683192,-0.5927355896636562,-0.2984055125006415,-0.7341916960002315
,,,,10.101996527777777,-0.762513062012048,-0.5306090806758064,-0.7526080617001151,-0.6056403009687501,-0.3005960732283196,-0.7632814984753536
,,,,10.11284722222222,-0.7652902443666761,-0.5444326028060483,-0.7636711263756334,-0.6165863377919302,-0.3113021966974299,-0.7802450927785505
,,,,10.123697916666666,-0.7843869256593042,-0.5538312246904814,-0.7914872793542633,-0.6282362036573567,-0.3161301919358326,-0.7843426711106047
,,,,10.13454861111111,-0.7973371744023907,-0.57370964102253,-0.7966588896209333,-0.6390441647024145,-0.324618940984382,-0.8061626121728841
,,,,10.145399305555555,-0.8232857158710517,-0.5717686588305204,-0.8085120625883205,-0.655097899856323,-0.3261638356262555,-0.8244479881706016
,,,,10.15625,-0.8245214622865976,-0.5859307577816218,-0.8348430301942019,-0.6684469587150464,-0.3324370314840877,-0.8295010984202604
,,,,10.167100694444445,-0.8510495036618227,-0.5850878275332076,-0.8410198554302366,-0.6689608442176548,-0.3388441416151037,-0.8512078334447687
,,,,10.17795138888889,-0.853892799699049,-0.6041420883558624,-0.8533962667366342,-0.6808911212493995,-0.3429485575760793,-0.8576619748785583
,,,,10.188802083333332,-0.8698179109308037,-0.6107791450335478,-0.852458818245384,-0.692545869154648,-0.3509218095500647,-0.8669915009796911
,,,,10.199652777777777,-0.8796030738911873,-0.6197625672281594,-0.8841593706372294,-0.7010275308684628,-0.352640152924607,-0.874200855099522
,,,,10.21050347222222,-0.8966908887256257,-0.6203832944232512,-0.8949231889069287,-0.7128994785458305,-0.3580341983246771,-0.8923059115084183
,,,,10.221354166666666,-0.9067662591178156,-0.6390801633393085,-0.9025244954089102,-0.728845204055303,-0.3620221430740403,-0.9108246149189472
,,,,10.23220486111111,-0.9262297501954492,-0.641296688706118,-0.9064442215096642,-0.7272373512500678,-0.3676260705717752,-0.911135771880265
,,,,10.243055555555555,-0.930623748138624,-0.6450022048247608,-0.9134978050115958,-0.745536545481347,-0.3741942701802707,-0.9245517207373608
,,,,10.25390625,-0.932794999252632,-0.6531418473209959,-0.9254745896095368,-0.7433597561807891,-0.3744921179493853,-0.9409421708986582
,,,,10.264756944444445,-0.9440903595852111,-0.6602564367053999,-0.9493889146410056,-0.7532411630905064,-0.3728173819890946,-0.9444808941778304
,,,,10.27560763888889,-0.9486408531434152,-0.6588881169817051,-0.9533154376146402,-0.7699066267340721,-0.3780299081918191,-0.954533221585849
,,,,10.286458333333332,-0.9679018375278726,-0.6728162633613142,-0.9574949661107596,-0.7756002553973439,-0.383255175666978,-0.9602903190672608
,,,,10.297309027777777,-0.9701048962018402,-0.6734421943684218,-0.9621997100931292,-0.7705677737552822,-0.3851757931362265,-0.963448209690599
,,,,10.30815972222222,-0.9742119530962736,-0.67437159295131,-0.9677749815334004,-0.7770674086080943,-0.3872523145532702,-0.9645149219169552
,,,,10.319010416666666,-0.9748538987642176,-0.6828177020878434,-0.9709325355704757,-0.7793209737528974,-0.3914617755334817,-0.9703872564822764
,,,,10.32986111111111,-0.9830176991745688,-0.6810721599219549,-0.9806811548716754,-0.7886941557455723,-0.3927599742623564,-0.9820049006265006
,,,,10.340711805555555,-0.9847282850878144,-0.6874116164622852,-0.984938474367199,-0.7866429075003178,-0.3923812704323493,-0.9819571512796852
,,,,10.3515625,-0.9879305882245948,-0.6926438118065389,-0.998721306900806,-0.8043640922002819,-0.3984005062500988,-0.989948873948817
,,,,10.362413194444445,-0.9964335552318202,-0.6982808665031417,-0.990545265009884,-0.7946540660641294,-0.3967145526255385,-0.9864078510108234
,,,,10.37326388888889,-1.0054608830489231,-0.697340384796933,-0.990053629295518,-0.7936459018619101,-0.3971076988770089,-0.9974413375570582
,,,,10.384114583333332,-0.9966761042662436,-0.7031600205287833,-1.000631276659375,-0.7975342007097813,-0.3988071211322352,-0.9890652316025528
,,,,10.394965277777777,-0.9960238409022776,-0.7009883185368254,-0.9976215520499764,-0.8056804272690808,-0.3998896032951864,-0.9897023872583474
,,,,10.40581597222222,-0.9923480295171304,-0.702175652826762,-0.9993504644407802,-0.7989119247426061,-0.3993937189620908,-1.0038046148726376
,,,,10.416666666666666,-0.98933819554652,-0.6986920285853436,-0.9946055464310672,-0.7981961847210295,-0.4038450315749649,-0.997650355363347
,,,,10.42751736111111,-1.00323285841848,-0.7006498727782751,-1.0067793182810214,-0.8029162104395544,-0.4005768272654993,-1.000450939536398
,,,,10.438368055555555,-1.000372444916751,-0.6969439177223518,-1.0046036818933184,-0.8065416097558121,-0.3990618458579644,-1.00355181228375
,,,,10.44921875,-1.0038882857035836,-0.6978228223459639,-0.9969731691237496,-0.7902657948004408,-0.4043187135152293,-0.9933243052597138
,,,,10.460069444444445,-0.9959737479455144,-0.6982347811822607,-0.9965159916990896,-0.7959594079869664,-0.4005467139734858,-0.9996343260347456
,,,,10.47092013888889,-1.000026253186853,-0.6971979279846808,-0.9851859868238088,-0.791552036160304,-0.3976092963031699,-0.9945132397828758
,,,,10.481770833333332,-0.9875646152143682,-0.6872287192393208,-0.9984922094282144,-0.7909587856829252,-0.3957168579211953,-0.9862354040359632
,,,,10.492621527777777,-0.9887757566509298,-0.6951031646846345,-0.9887267235601144,-0.7915336479359797,-0.3922524778808731,-0.9877264998291988
,,,,10.50347222222222,-0.9802583819609968,-0.6838285916204281,-0.9834473008809024,-0.7816500754194063,-0.3908727216029352,-0.9814878038770282
,,,,10.514322916666666,-0.984175398353214,-0.6785225129596464,-0.9772756076200796,-0.7798047020548604,-0.3901132054015445,-0.9813057565624864
,,,,10.52517361111111,-0.96231860699049,-0.6796359237071805,-0.9682347284185412,-0.774311185600923,-0.3874995160995991,-0.9708449407046824
,,,,10.536024305555555,-0.9653759458628682,-0.6698313335145718,-0.9657843035293228,-0.7725163909405453,-0.3854842083891594,-0.96914808703982
,,,,10.546875,-0.9525820623431316,-0.668238476955402,-0.959606004265009,-0.7628246252347937,-0.3847130985621511,-0.9580877606841542
,,,,10.557725694444445,-0.9571070180032052,-0.6604978787728932,-0.9556528477612352,-0.7544831865019614,-0.3781654828445331,-0.9533043166984322
,,,,10.56857638888889,-0.9433955556236252,-0.6654114390964655,-0.9404925101754994,-0.7484303868484067,-0.3808331071752017,-0.9347134004712448
,,,,10.579427083333332,-0.9327673384562644,-0.6537753001103443,-0.9339304248420462,-0.7476368768692012,-0.3724678746942259,-0.9326038851925444
,,,,10.590277777777777,-0.9127001595537072,-0.6469968013275504,-0.9213713893936378,-0.7456078105820714,-0.3698182968664611,-0.922934618158789
,,,,10.60112847222222,-0.9096636549528648,-0.6481319315265442,-0.9141681318167504,-0.7352258165136887,-0.3653364209500006,-0.9173511853968954
,,,,10.611979166666666,-0.8970579758870936,-0.630340012152728,-0.9096611411117976,-0.7276809549854427,-0.3607237522096101,-0.9050574150336128
,,,,10.62282986111111,-0.8915542692365986,-0.6230196384300675,-0.8966872677091475,-0.7165848090279185,-0.3552296175478494,-0.8954335839674834
,,,,10.633680555555555,-0.8824605278048243,-0.6154912987066229,-0.8758784997788557,-0.7043535392155715,-0.3485337313062323,-0.880908853480062
,,,,10.64453125,-0.8685432749094072,-0.6130207209390217,-0.3460276250695963,-0.6958613421807756,-0.3465203872486125,-0.8690955966368815
,,,,10.655381944444445,-0.851790693196437,-0.6036257293010504,-0.3421015864006864,-0.6738268477043637,-0.3448128513319387,-0.8556616642185255
,,,,10.66623263888889,-0.8512027274892682,-0.5838887331284548,-0.3360559840718325,-0.6749221226817377,-0.3387359705641973,-0.8411639577701406
,,,,10.677083333333332,-0.83027508810877,-0.5842661137260733,-0.3315112452627183,-0.6665007729924234,-0.3325992148552301,-0.8289834036879792
,,,,10.687934027777777,-0.8201409224964004,-0.5724036113620312,-0.32890385168809,-0.6550704894671001,-0.329083600079971,-0.8211412466462233
,,,,10.69878472222222,-0.8016630774949978,-0.5676360318155108,-0.3243575552368288,-0.6488905234869284,-0.3195268978560864,-0.8110351400294944
,,,,10.709635416666666,-0.7805880695125553,-0.5500940613214159,-0.3126504669539814,-0.6362550507396894,-0.3195414929627446,-0.7841563951136725
,,,,10.72048611111111,-0.7717001914330782,-0.5417893644211256,-0.3082465471442324,-0.616870333782471,-0.3115465093438349,-0.7726559003883904
,,,,10.731336805555555,-0.757680226764993,-0.5337133645722896,-0.2985804450434841,-0.6043352947421273,-0.3017566626780646,-0.7637414703191784
,,,,10.7421875,-0.7411362832647115,-0.520079183943553,-0.2970401063367336,-0.5850138916952102,-0.298303587817694,-0.7352450730110133
,,,,10.753038194444445,-0.7299360902928675,-0.506679593152473,-0.2892307474554408,-0.5814729087557838,-0.2887377641208877,-0.7417793843123835
,,,,10.76388888888889,-0.6997177300725859,-0.492180308346666,-0.2808941046439799,-0.5694833232366396,-0.2836449457933027,-0.7099776266913016
,,,,10.774739583333332,-0.6860035278895875,-0.4824722894438091,-0.2791343715063951,-0.5584212863576685,-0.2775076044779921,-0.6870605380836361
,,,,10.785590277777777,-0.667909318974711,-0.468739388747722,-0.2669976805322657,-0.5364075380453577,-0.2667503268879188,-0.6739848052314501
,,,,10.79644097222222,-0.6525801757778882,-0.4651148059769187,-0.2624394942417813,-0.519137226001409,-0.2638269214854324,-0.655172297408067
,,,,10.807291666666666,-0.6368762759961324,-0.444401511933354,-0.2524097421322658,-0.5070004186689737,-0.2583068924733036,-0.6305196363857366
,,,,10.81814236111111,-0.6182563763258508,-0.4288756797415115,-0.2464497348150356,-0.4895277997812927,-0.2470861428660569,-0.6187698447795517
,,,,10.828993055555555,-0.5911079606777927,-0.4175755071055392,-0.2379820080488852,-0.4734103596318517,-0.2398168268534485,-0.5997435019660962
,,,,10.83984375,-0.5710962629635229,-0.4059348494759242,-0.2305248251839816,-0.4588591898459842,-0.2315221860271457,-0.5822423820150733
,,,,10.850694444444445,-0.5608774671073946,-0.3894868521825452,-0.2205546194374373,-0.445625366799868,-0.2228744786618984,-0.5618425448958483
,,,,10.86154513888889,-0.5412538413769511,-0.3750575864689831,-0.2155461904197831,-0.4246067974539617,-0.2171106598882916,-0.5376079630937078
,,,,10.872395833333332,-0.5190384921961051,-0.3540118413097429,-0.2069788049258455,-0.4152853876187851,-0.204458343762333,-0.5146070649971217
,,,,10.883246527777777,-0.4919226824559229,-0.3490775785686634,-0.1966227347714133,-0.3926272718298322,-0.1979589575782245,-0.4892061576502792
,,,,10.89409722222222,-0.4739718623984481,-0.336468003252064,-0.1877070545104268,-0.3789427737374115,-0.1890627857518901,-0.4702124686081423
,,,,10.904947916666666,-0.4520747123499785,-0.3181862351266923,-0.1823486805311891,-0.3589787347460341,-0.1806837037002731,-0.4600784138615612
,,,,10.91579861111111,-0.4323884526256504,-0.2946984969861704,-0.1708257238489239,-0.3426074420003515,-0.172246803248206,-0.4287868074354202
,,,,10.926649305555555,-0.4007595077661864,-0.2825782359764062,-0.1640097909471687,-0.3282265525526551,-0.1626709699080311,-0.4080585984265718
,,,,10.9375,-0.3856364723749297,-0.2697280860366318,-0.1560604677853989,-0.303283645024296,-0.1522235904806703,-0.3857777247298637
,,,,10.948350694444445,-0.3668476785116395,-0.2534043311217877,-0.14788209215009,-0.2905760610140414,-0.1440719572399401,-0.3609699944465742
,,,,10.95920138888889,-0.3425966431384339,-0.2352539474775228,-0.1343747276500987,-0.2709024527530276,-0.1321057133516076,-0.3475708294944142
,,,,10.970052083333332,-0.3132329872593211,-0.2160231527627277,-0.1271067991488618,-0.2503099789907654,-0.1255666974676951,-0.3120490593560761
,,,,10.980902777777777,-0.2992436103200799,-0.2043729849268809,-0.1155097594611706,-0.221413338103287,-0.1182509603567431,-0.2887160272506816
,,,,10.99175347222222,-0.2626611291034817,-0.1870025803269168,-0.1074861431760149,-0.2140472102691719,-0.1068014795717457,-0.2587748905509017
,,,,11.002604166666666,-0.2476038702666208,-0.1684252330022991,-0.1001440898502538,-0.1959760866505053,-0.0975010193058876,-0.2461108332965531
,,,,11.01345486111111,-0.2271641336498175,-0.1537498172925379,-0.0858750218510529,-0.1819322906514319,-0.0863856561702998,-0.2193180261597229
,,,,11.024305555555555,-0.1951253730446844,-0.1399548854695228,-0.0794382742813528,-0.1548130156327239,-0.0772941670978726,-0.2030808400444904
,,,,11.03515625,-0.1678703168456032,-0.1146072225347166,-0.0690548754834168,-0.1333327143822097,-0.0698433734518071,-0.1767647352393937
,,,,11.046006944444445,-0.1369981233039407,-0.0992928874842916,-0.05921186979121,-0.1087624792734811,-0.0598423715037668,-0.1395240950335379
,,,,11.05685763888889,-0.1222452032527943,-0.0850956451135093,-0.0498221673801689,-0.0937364160053037,-0.0493798081369638,-0.1158122141604121
,,,,11.067708333333332,-0.1016565396579901,-0.0637957195362868,-0.0400186688419294,-0.0748399033726313,-0.0410377820473221,-0.0941218074884735
,,,,11.078559027777777,-0.081149298525041,-0.0549648172615609,-0.0304727487155191,-0.0581523600704005,-0.0319419556262427,-0.0758386744781683
,,,,11.08940972222222,-0.0473296680559763,-0.0389825989302391,-0.021798669744731,-0.0388373432548262,-0.021326037199415,-0.0508426313431087
,,,,11.100260416666666,-0.0192707711208612,-0.0190252195417124,-0.0071343093120698,-0.0119578933605399,-0.005316656918644,-0.0234131949058932
,,,,11.11111111111111,-0.0018676955538814,0.0074378583635437,-0.0011145734309068,0.0046830436159274,-0.001548960875962,-0.0003694269514984
,,,,11.121961805555555,0.0349099363750137,0.0233641178687578,0.0090604470239699,0.0204280375197786,0.0136556128979669,0.0185683334269097
,,,,11.1328125,0.0472862585407756,0.0317890165242753,0.0212627282718277,0.0387821071599894,0.0180565947241618,0.0431539905915568
,,,,11.143663194444445,0.0640387420265135,0.0504963967060481,0.0261331321564202,0.0583086837065548,0.0328211918690639,0.0755121460115507
,,,,11.15451388888889,0.0973083582459248,0.0677927583130528,0.0388652851247387,0.0845729112761224,0.0384766547105596,0.0930532652143806
,,,,11.165364583333332,0.1242557439645931,0.0828599567051604,0.0520943322898993,0.0943681710906511,0.0491152198486888,0.1229375460195436
,,,,11.176215277777777,0.1417986359755585,0.1038609293647944,0.0579765943159504,0.1145585596294034,0.0567261811067201,0.1502183403407671
,,,,11.18706597222222,0.1588010823568156,0.1221162165529781,0.0689414101866588,0.1363242278202573,0.0675108725729916,0.1649597672516376
,,,,11.197916666666666,0.1857427169912624,0.136974617726315,0.0763978733363417,0.1478528873995928,0.0760221077904635,0.1909552944919562
,,,,11.20876736111111,0.2184197657330277,0.1509797062433621,0.086125533460621,0.1778749753623321,0.0872351392455708,0.2247279280131388
,,,,11.219618055555555,0.242486272342223,0.168466523667093,0.0957322310386907,0.1924663307782304,0.0944922764725289,0.2422355953710483
,,,,11.23046875,0.2637005645652513,0.1856354385557859,0.1086502367465156,0.2129046480242049,0.1059192567813564,0.2699144058701782
,,,,11.241319444444445,0.2878803971432397,0.2101069399824039,0.1161072566832613,0.2295169001791252,0.1135877468274517,0.2997949631459948
,,,,11.25217013888889,0.3218627508781269,0.2193259541773486,0.124288058795364,0.2518815869450654,0.1269660757597831,0.316361266958055
,,,,11.263020833333332,0.3442959057152731,0.2374407646745105,0.1331133321097045,0.2697815527872035,0.1323912434084768,0.3480662498290147
,,,,11.273871527777777,0.3547660523834989,0.2542565867645506,0.1460737401272682,0.2900567099462393,0.1411321725860047,0.3602632398763468
,,,,11.28472222222222,0.3836138194660282,0.265653575548944,0.1550887053152933,0.307277093514385,0.1514176993483629,0.3891757317892219
,,,,11.295572916666666,0.3989415040320954,0.2822586683269529,0.1625584517450903,0.3216624865103512,0.1641905818223152,0.4000133599943444
,,,,11.30642361111111,0.4237402570556234,0.3021949948556478,0.1733972318629988,0.336219931710111,0.1688331643815015,0.4271344862498654
,,,,11.317274305555555,0.4503208322742857,0.3189112045540838,0.1818098722140069,0.3566057671029159,0.1778205657751547,0.4464005676503828
,,,,11.328125,0.4726437354585567,0.3292816051790844,0.1901618136345693,0.3712007594084565,0.1918400853296897,0.4746166785809317
,,,,11.338975694444445,0.4958786291560663,0.3433596266513337,0.1949385129121188,0.3852964957140869,0.1984671464512508,0.4852391371999937
,,,,11.34982638888889,0.5091258734538748,0.3616535784543078,0.2045512012018073,0.4168798743717126,0.2051212916827455,0.5077447988454207
,,,,11.360677083333332,0.5292778442550907,0.3772450210212218,0.2155597954713489,0.4384689525230071,0.2117663948118269,0.5325073002701787
,,,,11.371527777777777,0.5572259925325415,0.3870367493776884,0.2244465553535305,0.4427472892102673,0.2238214926150834,0.5534823967428641
,,,,11.38237847222222,0.5708339482551391,0.4027337831391862,0.2308856680017467,0.45575046305839,0.22978285276481,0.5705828751003184
,,,,11.393229166666666,0.59557150991382,0.4110271238750285,0.2371602965115651,0.4789143076460812,0.23742474022716,0.594517571450016
,,,,11.40407986111111,0.6062204249741986,0.425283433055712,0.2445710884204499,0.4880413971882038,0.2443250250781989,0.6174394928891519
,,,,11.414930555555555,0.6344856916782861,0.45070315099756,0.2543506574589531,0.5118973031208801,0.251948926700238,0.62960169101569
,,,,11.42578125,0.6427412199274399,0.4530343069073708,0.2614060737165431,0.5211802853697616,0.2652915803474753,0.6523934723508931
,,,,11.436631944444445,0.6706292792917096,0.4755894105877464,0.26826141917369,0.5358515236492822,0.2666613341006044,0.6738221554522201
,,,,11.44748263888889,0.6895321371406677,0.4832500843503099,0.2735198818427668,0.5539779819002616,0.2748052104683926,0.6881638598099014
,,,,11.458333333333332,0.7101102891027211,0.4876110464577101,0.2818216541395077,0.5624176051159419,0.2839562854325976,0.7026486898515135
,,,,11.469184027777777,0.7305458982787422,0.5030745994088593,0.2898616473670203,0.5761596520878187,0.2878508325087764,0.72142277362768
,,,,11.48003472222222,0.7428386004687421,0.5212490459668195,0.2984944566752582,0.5946223755079635,0.2960932535443631,0.7417814034663952
,,,,11.490885416666666,0.7599197727964991,0.5262783077315207,0.3058946118438712,0.6073026632893034,0.3034866563355259,0.7549142495122839
,,,,11.50173611111111,0.7740407009977821,0.537643660378431,0.3099221373520308,0.6212970931722284,0.3115761421834817,0.7743803198318802
,,,,11.512586805555555,0.7891018201743737,0.5519525718216572,0.3153449717580752,0.6281771756092634,0.3138333996679541,0.7080699163758312
,,,,11.5234375,0.7946314710127739,0.5572662786143988,0.3212950898012783,0.6403862829497786,0.3185324727506873,0.7239324621887292
,,,,11.534288194444445,0.8055849716565121,0.571304473888156,0.3271390677758439,0.6604878692018106,0.3272254072493734,0.7388199934113806
,,,,11.54513888888889,0.8309569089284018,0.5783729123599213,0.3290584753657385,0.6597187911245447,0.331249126929487,0.7485131569819092
,,,,11.555989583333332,0.8360995077701656,0.5897804695680601,0.3417028582376589,0.6752865993208007,0.3380120945737239,0.7647738166805792
,,,,11.566840277777777,0.8546551459105012,0.6002000116228835,0.3403341591835493,0.6805469631483477,0.3448339443127765,0.7733974689267374
,,,,11.57769097222222,0.868610212018464,0.6134777702853808,0.3447577733097707,0.697401616436557,0.3482879300708759,0.7785767240296235
,,,,11.588541666666666,0.8828959924412071,0.617285935964569,0.3516597631760251,0.6975650206038342,0.3523967037159092,0.7958106201474576
,,,,11.59939236111111,0.8982209567309514,0.625275175280168,0.3579211484094546,0.7185471611183766,0.3604173094136358,0.8005739479943804
,,,,11.610243055555555,0.9057806996175152,0.6295074829264183,0.3622055985361718,0.7192848865980697,0.3610125053794618,0.8159656356058493
,,,,11.62109375,0.91271153593114,0.6409885919306976,0.3656808883332636,0.7274686915105437,0.3662447393662157,0.830941177223186
,,,,11.631944444444445,0.9203724933713188,0.6494989666321113,0.3679339176594373,0.7422907013330056,0.3716578237852345,0.8291504999954081
,,,,11.64279513888889,0.9225243834917224,0.6602448844979302,0.377496795439083,0.7476138939117262,0.3739365262919885,0.8348095508522914
,,,,11.653645833333332,0.9516158915602172,0.6633075314550272,0.3741403141640474,0.7503441546766108,0.3802528955400762,0.8424873180170607
,,,,11.664496527777777,0.9502108335329772,0.6632702587154728,0.3753063339449446,0.7603613814656048,0.3835095426382904,0.8548964172635458
,,,,11.67534722222222,0.9626930017742504,0.6729653258621019,0.3839879733137765,0.7605513837421954,0.3815464676643654,0.862530730097797
,,,,11.686197916666666,0.960144132694515,0.6763220002170096,0.3842631558597204,0.7775781458759994,0.3848679658671486,0.8608571696381833
,,,,11.69704861111111,0.9747619678287288,0.6786490028406869,0.3883003567374836,0.7774003242151997,0.389331493188662,0.8774572750876426
,,,,11.707899305555555,0.9774772560308892,0.6794454398436315,0.391485888996636,0.7810206875611883,0.3924664150885464,0.878531254631347
,,,,11.71875,0.9774912759099534,0.6843665522479441,0.3894132499114313,0.7843293335848753,0.3901688390752902,0.881465108064787
,,,,11.729600694444445,0.9890394212603691,0.6907361626808721,0.3976791577446287,0.7897725890903909,0.3929549431883511,0.8878738415780085
,,,,11.74045138888889,0.9805952762713498,0.6906862710637288,0.396999126647839,0.7912677708522582,0.3940252618705671,0.8979308204823245
,,,,11.751302083333332,0.9929940410068478,0.6941233076771288,0.3956156045875847,0.7869474694747021,0.3981468197890895,0.8967393925922603
,,,,11.762152777777777,0.998801098877126,0.7030115327535587,0.3982643235107492,0.7987886283386698,0.399186748991742,0.8975413160621766
,,,,11.77300347222222,0.9880437219478052,0.7019985986424077,0.4016885797773585,0.7999949792760339,0.4002008295083243,0.8998362058724361
,,,,11.783854166666666,0.9987371553215708,0.7007491307070937,0.3984792377293178,0.8069628375106966,0.4012224729339153,0.9005726315555928
,,,,11.79470486111111,0.9950058712312082,0.6976996786393693,0.4042518474783454,0.7991205096682047,0.3981578612912114,0.9050696874791888
,,,,11.805555555555555,0.998405520156815,0.701748041704521,0.4009020643988441,0.7972180373102322,0.3991993561086307,0.8960067294528548
,,,,11.81640625,1.0035467554127333,0.6986583595411539,0.4001577287591626,0.7983557327178263,0.4016545282979835,0.8974147025112144
,,,,11.827256944444445,1.0022248275900816,0.6983483397145639,0.3989832642889078,0.8016992753655968,0.3973791066986191,0.8932267609989127
,,,,11.83810763888889,0.9938051238473224,0.6937943514496373,0.3986673552476373,0.7969895222124328,0.3953702786011618,0.9007273621463304
,,,,11.848958333333332,0.9999921724729672,0.6916829299443044,0.3977209909166833,0.799120190876382,0.4001891644428292,0.8921864568282569
,,,,11.859809027777777,0.9849857112147692,0.6927344556200458,0.3944079114164823,0.7916535244852718,0.401036063634492,0.8965125455716126
,,,,11.87065972222222,0.984829235176121,0.6939136759647541,0.3954042751036166,0.7892711963400676,0.3941075495327406,0.8890995789820655
,,,,11.881510416666666,0.98729199366693,0.6941856949299897,0.3902607609016675,0.7910461421751747,0.3967952881399823,0.8902430821141076
,,,,11.89236111111111,0.9787397260487676,0.6807374984906354,0.3951950274602741,0.7817921106226497,0.3922716457680311,0.8895854222137319
,,,,11.903211805555555,0.9793762105205192,0.6798795470260517,0.3931108174793103,0.7736838767988946,0.3927220796474266,0.8724836870838263
,,,,11.9140625,0.9661296649124348,0.6804567614759861,0.3867892855880034,0.7708020623652698,0.388037780416032,0.8711405379267009
,,,,11.924913194444445,0.9674035724724824,0.6720313158248159,0.3829765429743053,0.7773569418658429,0.384465637194563,0.8673587165279051
,,,,11.93576388888889,0.9624683344056636,0.6698500408010238,0.3799448348632528,0.7643419743991768,0.3817194182060192,0.8540216096832829
,,,,11.946614583333332,0.9550244201532662,0.6605392025881022,0.3795491692076937,0.7662776217980736,0.3807170553725566,0.850002668546441
,,,,11.957465277777777,0.9441010263518922,0.6599975518696664,0.3771453843300996,0.751358511758751,0.3773569493426009,0.8453616414488297
,,,,11.96831597222222,0.9315069758471394,0.6559773575628138,0.3758939404024322,0.7516753306547659,0.3703102919573564,0.838663980497721
,,,,11.979166666666666,0.92758210067196,0.6479472263088368,0.3664055094355676,0.7389346303634033,0.3703455212916694,0.8358316996981008
,,,,11.99001736111111,0.915177848275564,0.6419242046903709,0.3689206844549982,0.7340475597060189,0.3653695249140469,0.8216453612904384
,,,,12.000868055555555,0.9055870647600328,0.6335416035644517,0.3622404277189872,0.7261697511998251,0.3573111537678089,0.8116127719049522
,,,,12.01171875,0.900578255259738,0.6258211811542667,0.3583077505414315,0.7139057390528802,0.3555536101672313,0.802141274053619
,,,,12.022569444444445,0.8770803431848461,0.6148015281183609,0.3533861932386852,0.7022654398542224,0.3541077951588427,0.7941823761750558
,,,,12.03342013888889,0.8760712010986466,0.6115499583725341,0.3443854588640621,0.6916919949276166,0.3485686873489984,0.784362284468008
,,,,12.044270833333332,0.8563972970367264,0.6017073399600663,0.3388245018650223,0.6828741679866726,0.3400250233929878,0.7734584519470438
,,,,12.055121527777777,0.8424600593776008,0.5990916763709588,0.335999642213645,0.6799647228478545,0.3394045208485772,0.7554435113077722
,,,,12.06597222222222,0.8326334334092489,0.5818165270961141,0.332265568679887,0.6659514197501073,0.3338423644243026,0.74674072164332
,,,,12.076822916666666,0.81627511985705,0.5679465428021199,0.3234721953516915,0.6526515010851235,0.3248184933170046,0.7325279187636125
,,,,12.08767361111111,0.8068590514092102,0.5643894961283176,0.3211266473342991,0.6463180888847143,0.3226706385550327,0.7261820999538362
,,,,12.098524305555555,0.7992553743763833,0.5479459934579177,0.3162022135598138,0.6277751929026648,0.3165959020742383,0.6998362740614599
,,,,12.109375,0.7842170752755152,0.5404379935999098,0.3089443663176623,0.6191819071979132,0.3076407074487685,0.6943748183537841
,,,,12.120225694444445,0.7595805581099379,0.5271971595287962,0.3018874632558236,0.6092555202080991,0.3004791118983742,0.6864056825724155
,,,,12.13107638888889,0.7387990679383926,0.5206355291825391,0.2962827032799657,0.5956864008661918,0.2944280026510017,0.6668793700963583
,,,,12.141927083333332,0.7262285602397545,0.5048361533998403,0.2862727394676073,0.5750786514088954,0.2897623725250769,0.6536725844070704
,,,,12.152777777777777,0.7001393228496956,0.495039160231348,0.2838544644696708,0.5662881296576227,0.2853711839914027,0.6387742622643595
,,,,12.16362847222222,0.6812428977464559,0.4857860992093465,0.2747236265907917,0.5540590278608309,0.2733054363917359,0.6205711578641026
,,,,12.174479166666666,0.6712367069649607,0.4644369623434324,0.2682108417827218,0.5323844879467856,0.2696780242434042,0.6036695943947568
,,,,12.18532986111111,0.661602200033995,0.4601464093634327,0.2629236495832278,0.5216392176898421,0.256893195337586,0.5866111109236245
,,,,12.196180555555555,0.6427497234945418,0.4457609481839881,0.2524300440544015,0.5096150834032638,0.2548492728455129,0.5666300452987403
,,,,12.20703125,0.616458446091456,0.4290866515073513,0.2498357552601732,0.4991073026347729,0.2458356750221987,0.5590982445465821
,,,,12.217881944444445,0.6109067684334732,0.4157774487023753,0.2394163202346103,0.4829922236757786,0.2403596460939227,0.5431557542289513
,,,,12.22873263888889,0.5765149377555769,0.406362970558802,0.2304804885039939,0.4534287123107582,0.2307833222101098,0.518841394781766
,,,,12.239583333333332,0.5581732758582864,0.3868680877763696,0.2213671494647583,0.4442753184667256,0.2233210129054855,0.5041097089651002
,,,,12.250434027777777,0.5371056811028033,0.3806294059615154,0.2140511765376704,0.4308289891364659,0.2123701843723831,0.4786681066097705
,,,,12.26128472222222,0.5228330585135403,0.3631159187814574,0.2031041567443705,0.4124892250861826,0.2087283098858134,0.4635538710248699
,,,,12.272135416666666,0.4959918702190121,0.348790998774195,0.1964215146514337,0.3991809636906024,0.198359437321048,0.4472724766099892
,,,,12.28298611111111,0.475602724635318,0.3351553964326119,0.1929155990257514,0.3768523721210616,0.1867193447636401,0.4269997196686841
,,,,12.293836805555555,0.454830243724948,0.3169540006882708,0.1786741271592843,0.3516682223207211,0.178965427143732,0.409506312101041
,,,,12.3046875,0.4326322050273399,0.309652119091874,0.1711173981899372,0.3414670959673156,0.171553758094809,0.3908299129633176
,,,,12.315538194444445,0.4010407348611751,0.2862807478853689,0.1654792023904686,0.3239492158082642,0.1647523316826777,0.3572864028414131
,,,,12.32638888888889,0.388345253994375,0.2675983419731786,0.1512220198186765,0.3113814794446138,0.1516447549920051,0.3456919909325811
,,,,12.337239583333332,0.3640991658442027,0.2441771934781277,0.1433011351995617,0.2902173189205199,0.1469264762780057,0.3233851839972718
,,,,12.348090277777777,0.3361459537365057,0.2412074431655442,0.1345237884449932,0.2722839307446992,0.133452990728229,0.301047558681253
,,,,12.35894097222222,0.3107797663630328,0.2235523852846447,0.1262985479146599,0.2513669920516049,0.1271434126446801,0.284906865520591
,,,,12.369791666666666,0.2906266840659089,0.1958791122157751,0.1166964617684221,0.2316070087436312,0.1140478594974697,0.2716613679636266
,,,,12.38064236111111,0.2547650789414964,0.1871153678924266,0.1080043323666472,0.2110518231546504,0.1046244467349675,0.2386579957963938
,,,,12.391493055555555,0.2343565754661306,0.1689336225872066,0.0982010727105731,0.1893082477864367,0.0983317022763837,0.2119864904988093
,,,,12.40234375,0.2241577091278806,0.1524276746863227,0.0864351460815836,0.1840300175337818,0.0862520386210193,0.1968385407279865
,,,,12.413194444444445,0.196536869733996,0.1425212295158966,0.0797703275860093,0.1592684761863838,0.0787727592661552,0.1747404909664821
,,,,12.42404513888889,0.1631444410781348,0.111444637045117,0.0686750751938743,0.1381580549225757,0.0671785241998551,0.1540133519326154
,,,,12.434895833333332,0.1442261905438186,0.1035547308258882,0.0586248824408554,0.1130511035890896,0.0559446749218931,0.1307870556030012
,,,,12.445746527777777,0.1240806377557379,0.087415331466669,0.0476251088496364,0.1011774628993634,0.0499784673781633,0.1049229537112226
,,,,12.45659722222222,0.1006297976442158,0.0705881398090923,0.038859020070403,0.0751011053664192,0.0388225889586106,0.0903878886056075
,,,,12.467447916666666,0.0714843617409013,0.0514751444898724,0.0299327362269283,0.0618711100516134,0.0295557199734401,0.059474849399983
,,,,12.47829861111111,0.0517113377904713,0.0383137184103437,0.0172199360667102,0.035742238698539,0.0204957767099757,0.044659007345618
,,,,12.489149305555555,0.0170123369269749,0.0134056738377666,0.0109191138251766,0.0234047933022723,0.0104713357073376,0.0194321745846731
,,,,12.5,0.0030885440450703,-0.0035194865218122,-0.0013705987638586,-0.0004986879323493,-0.0025281685021587,0.0011500517322518
,,,,12.510850694444445,-0.0256689630239867,-0.0101974460213965,-0.0097091731701946,-0.015452506972073,-0.005304905554797,-0.0227653641781788
,,,,12.52170138888889,-0.0485651961697693,-0.0374367124669094,-0.0205282406172645,-0.0380008066257493,-0.0202747916514145,-0.0361006550942021
,,,,12.532552083333332,-0.0775541873131589,-0.0555502868529168,-0.0304861944374773,-0.0583975029960714,-0.029429747596977,-0.0637387887164626
,,,,12.543402777777777,-0.0954626838250924,-0.0680452732885156,-0.0402123529123598,-0.0747169879505748,-0.040347738701067,-0.0889868257667395
,,,,12.55425347222222,-0.1266847797851862,-0.0781061013050634,-0.049164578201831,-0.1000585353233191,-0.0497237750250552,-0.1080824490184077
,,,,12.565104166666666,-0.1432878274021237,-0.1010280847691952,-0.0556631322667318,-0.1200002147814374,-0.0626274848403803,-0.1360471029055682
,,,,12.57595486111111,-0.1704491527117869,-0.1198798873717291,-0.0740847726132515,-0.1331566230466631,-0.0680035392787497,-0.1477576762432577
,,,,12.586805555555555,-0.1919366440381493,-0.1426460397728849,-0.078644131136439,-0.1579690279526273,-0.0801663359535919,-0.1680259375313685
,,,,12.59765625,-0.2197222161530248,-0.1516539021273182,-0.0874045959561164,-0.1772346187776365,-0.0884338136588354,-0.1937512663302816
,,,,12.608506944444445,-0.243397830798023,-0.1737278641422922,-0.0951845368241545,-0.2012183975145671,-0.094638126067334,-0.2237935534577579
,,,,12.61935763888889,-0.2686575204138602,-0.1843991626015278,-0.1082422830594441,-0.206775845784401,-0.1090172969443032,-0.2404238753580234
,,,,12.630208333333332,-0.2872373845468418,-0.2087142835576057,-0.1163530407318578,-0.2280976581436072,-0.1158818030925845,-0.2519017061423005
,,,,12.641059027777777,-0.3098415490718172,-0.2254227954329816,-0.1247483970312482,-0.2437560267883584,-0.1235652649719715,-0.2878915106633752
,,,,12.65190972222222,-0.3407317545548858,-0.2293683523494045,-0.1334460668140867,-0.2723828716787205,-0.1351236080663443,-0.3010929108957911
,,,,12.662760416666666,-0.3584334677018052,-0.2519653143648147,-0.1456889523557681,-0.2811547946162981,-0.1469268232149695,-0.3212565950821088
,,,,12.67361111111111,-0.3867894142617927,-0.2722486655915998,-0.1579149737967619,-0.3125350310620567,-0.1516064468050903,-0.3457376474237576
,,,,12.684461805555555,-0.4006837338363988,-0.2818233425647691,-0.1625421902680004,-0.3251674105403763,-0.1622860521001276,-0.360217056624952
,,,,12.6953125,-0.4248943545464888,-0.2974816695666522,-0.1729912711760453,-0.3512726114511167,-0.1715395578019824,-0.3914504199182994
,,,,12.706163194444445,-0.460981319370603,-0.3157531234389568,-0.1829457901068535,-0.3586432122909988,-0.1845194925010678,-0.4033057647921104
,,,,12.71701388888889,-0.4671724927835536,-0.3298595212172405,-0.1911951150704609,-0.384837328203778,-0.1880859955789393,-0.4209696649526592
,,,,12.727864583333332,-0.4992250339051785,-0.3426546222223728,-0.2005255392625903,-0.3961810737486558,-0.2002711905173542,-0.4369596781841383
,,,,12.738715277777777,-0.513031857349023,-0.3638937704491627,-0.2042923824473025,-0.4103881169838496,-0.208144155701177,-0.4611079943002323
,,,,12.74956597222222,-0.5314374779908441,-0.3669086567381103,-0.2141590156118638,-0.4286117975550259,-0.213926537752618,-0.4775863269707364
,,,,12.760416666666666,-0.5506239723366099,-0.3913355675626976,-0.2201723424828014,-0.4420185264231647,-0.2198161959116549,-0.5061331633483969
,,,,12.77126736111111,-0.5664348457808133,-0.4099768455090637,-0.2297715527561364,-0.4587082936673242,-0.229445419405162,-0.5151025950173994
,,,,12.782118055555555,-0.5871378019402984,-0.4210161909602302,-0.239887798074294,-0.4767545893775637,-0.2378577551614373,-0.5381305579548821
,,,,12.79296875,-0.6182641511876154,-0.4285685855157489,-0.2452967979353347,-0.4864516031271896,-0.2495355189484494,-0.5559756186608685
,,,,12.803819444444445,-0.6378525420895249,-0.4447082160651113,-0.2555333855863669,-0.5131141883700624,-0.2515259160795858,-0.5828472604941047
,,,,12.81467013888889,-0.6527417037970324,-0.4571621855452797,-0.2632768156146198,-0.5267977620775068,-0.2598642523973881,-0.588798754901272
,,,,12.825520833333332,-0.6775504992703133,-0.4699575641490899,-0.2703110515485127,-0.5348276397382034,-0.2688581390321969,-0.6097553389186373
,,,,12.836371527777777,-0.6929232427565202,-0.4835092119444194,-0.2765525877351773,-0.5599903214146363,-0.2712086862431108,-0.6233355213198901
,,,,12.84722222222222,-0.7068616445824036,-0.494993275458477,-0.2843732954179388,-0.564935831895454,-0.2835763286355071,-0.6301611885848888
,,,,12.858072916666666,-0.7147028099146148,-0.5086754340991223,-0.2915440958693866,-0.576748775497359,-0.290934824023541,-0.6451593652694217
,,,,12.86892361111111,-0.7511389832655101,-0.5162543101345523,-0.2969896576495804,-0.5896449082860599,-0.2987853540770051,-0.6689894925563954
,,,,12.879774305555555,-0.7553461685976592,-0.5338895486173776,-0.3053295920816896,-0.6061757850848952,-0.3038256512453379,-0.6696549366301782
,,,,12.890625,-0.7725450379573052,-0.5399760969074838,-0.3099172928752498,-0.6181984178845933,-0.3073865913503136,-0.6980409035309533
,,,,12.901475694444445,-0.7931513999517907,-0.5494340587208232,-0.3162854364849121,-0.632692239038169,-0.3147742245292904,-0.7082489452849549
,,,,12.91232638888889,-0.8143448731112084,-0.5626554545340391,-0.3199797200748412,-0.6391964884339203,-0.3214723260131039,-0.718338237746989
,,,,12.923177083333332,-0.814213518792111,-0.5779064637916138,-0.3288578150215747,-0.6569408323199608,-0.3282038825518157,-0.7370272987639528
,,,,12.934027777777777,-0.8346185237674713,-0.5814430228551503,-0.3342013518714847,-0.6714548472944257,-0.3338654859860037,-0.7459098566946117
,,,,12.94487847222222,-0.8440132372765909,-0.5889237293671249,-0.33947019887177,-0.6761619738481007,-0.3372182091318637,-0.7579299769358995
,,,,12.955729166666666,-0.8570285522660244,-0.6019214094137322,-0.3433708060422313,-0.6925908901382485,-0.3441902610744776,-0.7717752934001476
,,,,12.96657986111111,-0.8650837833704902,-0.6107183067877263,-0.3461986656204658,-0.6978148064445379,-0.3449278308754647,-0.7814209362058356
,,,,12.977430555555555,-0.8951783673311575,-0.6244259953098451,-0.3509108615870502,-0.7130624225740307,-0.3521683069475073,-0.7936526093640549
,,,,12.98828125,-0.8898579426188594,-0.624132844714584,-0.3576516828060738,-0.7223126742924456,-0.3574605751047246,-0.8003780736069726
,,,,12.999131944444445,-0.9030517827091,-0.6337406587201669,-0.3622001533660658,-0.724858811248513,-0.3607903829473244,-0.815475118932327
,,,,13.00998263888889,-0.9176658150310044,-0.6407248694447516,-0.3656741409268871,-0.7358405029757646,-0.3669730340624406,-0.8256736534837265
,,,,13.020833333333332,-0.920379259797099,-0.6424284033808432,-0.3692960555784489,-0.7312152757720539,-0.369608920827593,-0.8299252175432941
,,,,13.031684027777777,-0.9307346167365864,-0.6504750674101292,-0.3758835594276571,-0.7462783070884583,-0.3753734540345623,-0.8437262712304195
,,,,13.04253472222222,-0.9373744366380088,-0.6578421125785417,-0.3784393687274057,-0.7506155308290995,-0.3790615743298131,-0.8483590959671224
,,,,13.053385416666666,-0.9527197206802304,-0.6670573506086996,-0.3778228616557664,-0.7566745316725555,-0.3763385463489176,-0.8539255847581493
,,,,13.06423611111111,-0.9523086285482008,-0.6667569882769319,-0.3820733889310416,-0.7667176938410928,-0.3831930176615434,-0.8599632131100476
,,,,13.075086805555555,-0.965492895327034,-0.6748962155469058,-0.3855255693916941,-0.7683907278200968,-0.3845897503225719,-0.8655803574317686
,,,,13.0859375,-0.9750996041679107,-0.6743477997430344,-0.3870273921894795,-0.7779057083339911,-0.3852940969353513,-0.872925964833845
,,,,13.096788194444445,-0.9702691226874656,-0.6831123580427008,-0.3873286816690166,-0.776292254253075,-0.3888331143711095,-0.8753583359233769
,,,,13.10763888888889,-0.9817847764713388,-0.6896739894543161,-0.3910824320500587,-0.7814969351703294,-0.389714621930848,-0.8845952409416911
,,,,13.118489583333332,-0.9782795560354468,-0.6848975474362624,-0.3932696576179148,-0.7815602211103025,-0.3938970890889954,-0.8841293632127185
,,,,13.129340277777777,-0.9845352629325828,-0.6869144212723528,-0.3961829743886814,-0.7837601034127145,-0.3957455500602267,-0.8967723523557619
,,,,13.14019097222222,-0.9905795427792172,-0.6930378928305416,-0.3995906837488225,-0.7853275180239879,-0.3959774068780473,-0.9052556544845806
,,,,13.151041666666666,-0.992543383677017,-0.6980578393815762,-0.3964014010269125,-0.8041391580282671,-0.3973161537532768,-0.8999510363959858
,,,,13.16189236111111,-0.9881858339009266,-0.6943394518850513,-0.4008243435427349,-0.7971656191230168,-0.3966959538957426,-0.8997235262323012
,,,,13.172743055555555,-0.989313789208003,-0.6936954223411655,-0.3991168109894698,-0.7955957475351664,-0.3997508359342203,-0.9029841458625982
,,,,13.18359375,-0.9924630397546677,-0.7046057406258177,-0.3998111053453552,-0.8016666702734722,-0.400515887639742,-0.9062051021357488
,,,,13.194444444444445,-0.9891019364756736,-0.7026641425804871,-0.4028419234124646,-0.7989978838546604,-0.3995936190810003,-0.9037499719884392
,,,,13.20529513888889,-0.9902916168785014,-0.7027295433445748,-0.3981892432793805,-0.7966992907471324,-0.3989481470670102,-0.8934363458447253
,,,,13.216145833333332,-0.999903311536132,-0.7039325557414468,-0.4013795365580643,-0.8017761111056748,-0.3982068462620891,-0.8980014542792297
,,,,13.226996527777777,-0.9938243806633408,-0.6981524786837948,-0.3978373980715017,-0.7982002544468365,-0.4013393346742436,-0.9031451057906048
,,,,13.23784722222222,-0.9824883471886924,-0.6981145441220952,-0.4019053806862345,-0.7924819073560295,-0.3940546586134568,-0.885844706197401
,,,,13.248697916666666,-0.9999758066239148,-0.6910222694452288,-0.3950061972323852,-0.7923074493447264,-0.3970345031580988,-0.8955174981298606
,,,,13.25954861111111,-0.982758949667879,-0.6914373916424306,-0.3933501560014745,-0.7875298279374496,-0.3955550951407037,-0.8915023151529029
,,,,13.270399305555555,-0.9831674340090863,-0.6835511585104377,-0.3973312496537338,-0.782216673873233,-0.3918331746803036,-0.882426748668931
,,,,13.28125,-0.9791318622867102,-0.6887696471417225,-0.3953583161169585,-0.7901186957357673,-0.3946961375040339,-0.8772824980913279
,,,,13.292100694444445,-0.9812054565627084,-0.6841632241248675,-0.3862149543344348,-0.7744850067156492,-0.387414550935297,-0.8762069003055621
,,,,13.30295138888889,-0.9713567549179022,-0.6837051219652948,-0.3901945258840997,-0.7776249682364387,-0.3887617687060831,-0.8712810853277616
,,,,13.313802083333332,-0.9562971743985026,-0.6774166378191396,-0.3842156513444728,-0.7753462526744744,-0.3842249934295866,-0.8662613870297136
,,,,13.324652777777777,-0.9492805710307048,-0.6621763517605735,-0.3816170840487562,-0.7640840767023971,-0.3821801177582218,-0.8596720199667992
,,,,13.33550347222222,-0.9523086463351764,-0.6619595375048711,-0.3791527534453943,-0.7657916755371411,-0.381484382776432,-0.8632686935629452
,,,,13.346354166666666,-0.9487714137456814,-0.6630779417821163,-0.3796241448894982,-0.7542826752631266,-0.3792457380212045,-0.8513281893105947
,,,,13.35720486111111,-0.9293685989613554,-0.6557598594468345,-0.37088933350684,-0.7436946052297781,-0.370457738435332,-0.8330679653685287
,,,,13.368055555555555,-0.9237159863351356,-0.6436558238628384,-0.3711380309994043,-0.7439334439695643,-0.367311541917687,-0.8288662526141627
,,,,13.37890625,-0.9137664099461552,-0.6364884005162009,-0.3621482516833046,-0.7298912481108841,-0.363416513609436,-0.8195339897253
,,,,13.389756944444445,-0.9035685068254729,-0.6389192124686012,-0.3621363133506461,-0.7230556719920116,-0.3618758948806094,-0.8164934766538648
,,,,13.40060763888889,-0.8943640698432316,-0.6259786656406446,-0.3567053867824019,-0.7133837093374558,-0.355853211649614,-0.8011737774263937
,,,,13.411458333333332,-0.8779547541781743,-0.6127293668261218,-0.354688764774668,-0.699822337185387,-0.3516380665109233,-0.7998548191179375
,,,,13.422309027777777,-0.8713519150470072,-0.6024040991960918,-0.866700160336239,-0.6956801328868789,-0.3486232904667753,-0.7817027807040565
,,,,13.43315972222222,-0.8601044561974157,-0.5926234336713826,-0.8583342581086155,-0.6845216968867522,-0.3435555520557011,-0.7794630194394558
,,,,13.444010416666666,-0.8413400991700333,-0.5900931912470385,-0.84801242536504,-0.6693435968762584,-0.3378561346095741,-0.766105140212874
,,,,13.45486111111111,-0.8315570985280473,-0.5841796027826426,-0.8371780015479559,-0.6647516817511553,-0.3309590236623916,-0.7483858244805552
,,,,13.465711805555555,-0.8077090992212153,-0.5747927810780044,-0.8176681093313202,-0.6567679866071476,-0.3273900963498094,-0.728636936176407
,,,,13.4765625,-0.7991579867461188,-0.5580919736585858,-0.7981270610080842,-0.6449760643405369,-0.3205319736445124,-0.7193209911466074
,,,,13.487413194444445,-0.7776477673526146,-0.5527287629768691,-0.7961486626749533,-0.6315729209512219,-0.3128503646621498,-0.7094113288823963
,,,,13.49826388888889,-0.7791368391429809,-0.5412912428808647,-0.769767488016633,-0.6219006930427821,-0.3095162001822329,-0.6935341497923421
,,,,13.509114583333332,-0.7658487045412047,-0.5306076037128981,-0.7673877134668741,-0.6046103802456134,-0.3037181390321612,-0.677617111852617
,,,,13.519965277777777,-0.7381095854016521,-0.5203620065560288,-0.7421880792217092,-0.5901625657940864,-0.2974850830366098,-0.6636120886416155
,,,,13.53081597222222,-0.7300004861997105,-0.5045310455324447,-0.7326213741747701,-0.5782368746593844,-0.2905295150938288,-0.6501459399827407
,,,,13.541666666666666,-0.7032675914363049,-0.4962949201860678,-0.7054282109659924,-0.5692782247695222,-0.2847483505873698,-0.6413066886031934
,,,,13.55251736111111,-0.6848122826295496,-0.4884834103944901,-0.6940905452277162,-0.5513134267549522,-0.2789139016150042,-0.6168360270117084
,,,,13.563368055555555,-0.6731864794016404,-0.472188804159219,-0.6723349882090809,-0.5323914437869971,-0.2634593735476404,-0.6027555774110097
,,,,13.57421875,-0.6426621037612479,-0.4585446184708625,-0.6472803156540706,-0.5186479618110007,-0.2596705872124322,-0.5856405515585392
,,,,13.585069444444445,-0.6265130028383857,-0.4405134526784533,-0.6326522041182233,-0.5090323194129442,-0.2533418042944578,-0.5700504370338293
,,,,13.59592013888889,-0.6224586030004643,-0.4278220437118134,-0.6107051911737138,-0.4908694447838007,-0.2466573910552099,-0.5509866842018151
,,,,13.606770833333332,-0.5951490970634937,-0.4145489752219901,-0.5982410638612116,-0.4744794115915884,-0.2422567624666797,-0.5291418913173132
,,,,13.617621527777777,-0.5796452918920797,-0.4021219207546999,-0.5785675323556005,-0.4580931744041622,-0.2291356109101996,-0.5223070922558936
,,,,13.62847222222222,-0.5473720415046515,-0.3875076989117497,-0.5476589193355722,-0.4443729589033343,-0.2214551661212149,-0.5039643517617757
,,,,13.639322916666666,-0.5267643671830691,-0.368609459233272,-0.5342116035915689,-0.4245822002870129,-0.2160797790896007,-0.4784742104888799
,,,,13.65017361111111,-0.512449397379556,-0.3630683497645062,-0.5126475492621162,-0.4041480556164074,-0.2062913283745744,-0.4628692846638366
,,,,13.661024305555555,-0.4929949861189958,-0.346274191089327,-0.4868616567521951,-0.3964679588366538,-0.1995043922403785,-0.439837079831738
,,,,13.671875,-0.4652325747513637,-0.3266058914865327,-0.4780522220687219,-0.3805616664245112,-0.1886753079433981,-0.4291053480412221
,,,,13.682725694444445,-0.4443962703049263,-0.3198450753519639,-0.4546355309993609,-0.357306969082773,-0.178698150105477,-0.4056468688833435
,,,,13.69357638888889,-0.4206814619296875,-0.2971087604186752,-0.4281465525375273,-0.3429900329195299,-0.1708502463938679,-0.3786913809780884
,,,,13.704427083333332,-0.4056204949644351,-0.2815567858011227,-0.4059062336996691,-0.3249711584495367,-0.1596243559612455,-0.372632863928803
,,,,13.715277777777777,-0.3825302373062028,-0.2717862976561521,-0.379046694787641,-0.3053877543068177,-0.154574684180075,-0.3446732608732777
,,,,13.72612847222222,-0.3571644333804386,-0.2454031860567574,-0.363838538502082,-0.2933135255040768,-0.1453492388577802,-0.321418561335626
,,,,13.736979166666666,-0.3403209165784265,-0.2310031426137131,-0.3345022676119053,-0.266568746827598,-0.1363703677793941,-0.3002996771269135
,,,,13.74782986111111,-0.3106963822110443,-0.2216059324576152,-0.3097702875097768,-0.2525278228398338,-0.1224612332144401,-0.2779417809877452
,,,,13.758680555555555,-0.2879127853118783,-0.200172267785331,-0.2856878889354488,-0.2350006831631589,-0.116241947054647,-0.262929361861611
,,,,13.76953125,-0.2671303739037005,-0.1877488019169606,-0.2699189957247687,-0.2134780679489391,-0.108118684381226,-0.2417425710624274
,,,,13.780381944444445,-0.248520422669749,-0.1758778910361995,-0.2535729377315632,-0.1986874195111319,-0.0952212086700231,-0.2190035875863231
,,,,13.79123263888889,-0.2134964923615547,-0.1545182926663792,-0.2174000616458985,-0.1791704291654668,-0.0895748647021755,-0.19062507025774
,,,,13.802083333333332,-0.202699981604442,-0.1328233034703212,-0.1940875659789292,-0.1540827642096706,-0.0794134040869811,-0.1780512176643928
,,,,13.812934027777777,-0.1713891097520424,-0.1196576734473556,-0.1733790347674687,-0.1346988295199593,-0.0637703290298439,-0.1553369776819448
,,,,13.82378472222222,-0.1507897625071678,-0.1029890867375952,-0.1484769172698039,-0.1191083143101769,-0.0561871089085774,-0.1237754115046793
,,,,13.834635416666666,-0.1276438951972527,-0.0884560936792947,-0.1234764691399423,-0.099197111241793,-0.0472513134640786,-0.1027247365580139
,,,,13.84548611111111,-0.0953477335145555,-0.0690084928227802,-0.1060465039943731,-0.0811506440917625,-0.0434015384794884,-0.0868900806319586
,,,,13.856336805555555,-0.075043110115956,-0.0505175370260565,-0.0692992973231727,-0.0592025877947122,-0.0304051888803577,-0.0713688914893554
,,,,13.8671875,-0.0462313634576216,-0.0351111761983298,-0.0446195235084107,-0.040341769719046,-0.0200423652686392,-0.0364269487042247
,,,,13.878038194444445,-0.0192360863226182,-0.015193326402314,-0.0241721064425754,-0.0212870774931692,-0.0100185874427325,-0.0192189875469884
,,,,13.88888888888889,0.0030640322165774,0.0002567796673171,0.0065796698335662,0.0068110174922053,-0.0013427838874049,0.0023402023984764
,,,,13.899739583333332,0.0200350476740695,0.0186617877318926,0.0386413849770744,0.0214728179621996,0.0061980788479927,0.0118585083931366
,,,,13.910590277777777,0.0477477560630985,0.0384468535430291,0.0524099811947697,0.0475309544119772,0.0203197059681106,0.0416630101759603
,,,,13.92144097222222,0.0789275349800456,0.0501417731538809,0.0770034437910251,0.0598605160063633,0.0305443737943259,0.0586352601243544
,,,,13.932291666666666,0.0950309357757091,0.0642742050475168,0.1074356588959227,0.0770601197249764,0.0401504995593453,0.0830567399894076
,,,,13.94314236111111,0.1175349358159902,0.090303532336545,0.1231377686865443,0.1037594063728245,0.0513712133126534,0.1191619667328573
,,,,13.953993055555555,0.1529143838512454,0.1004860501415541,0.1414779149438402,0.1208404200361561,0.0593070304333078,0.1336173387026068
,,,,13.96484375,0.1715660683668849,0.1213292763677344,0.17619918956844,0.1295046624456228,0.0692735573640875,0.1536730888504622
,,,,13.975694444444445,0.1978078490026255,0.1398251657457218,0.202662977196083,0.1544651634078642,0.0755358640334641,0.1757810918231393
,,,,13.986545138888888,0.2249256043237171,0.1476624475558905,0.2233519539225216,0.1792528518972805,0.0884841343596805,0.1987070654077847
,,,,13.997395833333332,0.2344080788962248,0.166608176147785,0.2340305508846069,0.1948890686749157,0.0984085407867161,0.221509525049169
,,,,14.008246527777777,0.2637499981794896,0.1820657367365517,0.2726802322414188,0.2130307640633976,0.1097271626159266,0.2380825641105375
,,,,14.01909722222222,0.2921015762785633,0.1957654711184612,0.2878684577527221,0.2328770069649,0.1189272177699695,0.2610562780966935
,,,,14.029947916666666,0.3195419160375222,0.2166468913025933,0.3132453010206012,0.2465480621191834,0.1236459954256373,0.2868108966724949
,,,,14.04079861111111,0.3439295342675044,0.2438758135523296,0.3352434176715805,0.2706460258944467,0.1373906605499457,0.3087044593692102
,,,,14.051649305555555,0.3538597261917505,0.2557166604387182,0.3600271671203528,0.2833331818922568,0.142894997964905,0.3238368947174757
,,,,14.0625,0.3748328947023088,0.2664017819536403,0.3851405055959279,0.3097562027738158,0.1495867255711116,0.352135201706595
,,,,14.073350694444445,0.4098843371258734,0.2829888759433799,0.3968481734891644,0.3170033523167188,0.1637179631418453,0.3570278362070092
,,,,14.084201388888888,0.4308300841529859,0.2984755032862622,0.4238320414809938,0.3488890225162682,0.1724681418671338,0.38323012960658
,,,,14.095052083333332,0.4463225427587795,0.3130341854976847,0.4554150757081148,0.3583337125422196,0.175468524105996,0.4024531588700354
,,,,14.105902777777777,0.482557135079272,0.3310426713369486,0.4761712724369826,0.3798384278192438,0.1908255404009194,0.4225942519070858
,,,,14.11675347222222,0.4958081861521339,0.3433599856897231,0.492882446235542,0.3891940940575887,0.199895338602136,0.4414508171300407
,,,,14.127604166666666,0.5182831057637249,0.355357275966783,0.513026441977922,0.4150929437270206,0.2075656309521082,0.4647177450301073
,,,,14.13845486111111,0.537613573442093,0.3750226070537761,0.5277693472746954,0.4278445304695585,0.2129611472933285,0.4807219073277043
,,,,14.149305555555555,0.5524580523507208,0.3900409798984339,0.547157959076968,0.4472551634728657,0.2235031214110406,0.5056837982344011
,,,,14.16015625,0.5808466939897681,0.40804346145418,0.5799186517888768,0.4588479620912161,0.2278235328513991,0.5201941201164284
,,,,14.171006944444445,0.5972591565494315,0.4127819352230687,0.6057602751611985,0.4835164992919862,0.2368784434833556,0.54177208323129
,,,,14.181857638888888,0.6136047964995499,0.4354899761803837,0.6153044900936094,0.4932450386510055,0.2477251216185356,0.5528332018427258
,,,,14.192708333333332,0.6383673450742705,0.449537591569551,0.6256280298579648,0.5061619390254584,0.2576176721550591,0.5744838666960759
,,,,14.203559027777777,0.6582625977125279,0.4547353088854938,0.6501629130160084,0.5278525357562883,0.2578036592830484,0.5854707795585213
,,,,14.21440972222222,0.6763164699207087,0.4654090746180986,0.6688717796858742,0.5354561903451928,0.2690994343662888,0.6050906639822821
,,,,14.225260416666666,0.6987916116205265,0.4851510074645259,0.6829646431192874,0.5444462219909678,0.2769782404786483,0.6129543760646287
,,,,14.23611111111111,0.7106515407993045,0.4916313175199654,0.7071949170995598,0.568004581144592,0.2800212554823342,0.6389294866284326
,,,,14.246961805555555,0.723572336918811,0.5092726883966575,0.7256957739872504,0.5790977858484364,0.2902521316228889,0.6513910497656907
,,,,14.2578125,0.7439170160398144,0.5170699293158628,0.7388649228701617,0.5859706660536754,0.2939890737079657,0.6655807304144838
,,,,14.268663194444445,0.7604180645274637,0.5196498627804013,0.7532985862752455,0.6084757210140561,0.3036288540077189,0.6827598276945912
,,,,14.279513888888888,0.7702474762212151,0.5412051877744205,0.7753562423172041,0.6263502465693853,0.308857046900171,0.7013239697084864
,,,,14.290364583333332,0.7918796356198995,0.5544925055066388,0.7818853120531104,0.6278152975761835,0.318480702375832,0.785228587711751
,,,,14.301215277777777,0.7983979266944765,0.5578616471449385,0.8018376984532207,0.6406577926708182,0.3216541229353702,0.801246629648534
,,,,14.31206597222222,0.8214205546707465,0.5755524178270216,0.8170454289176974,0.6569790642791796,0.3276216104695396,0.812245266492951
,,,,14.322916666666666,0.8283749711201502,0.5797399987794248,0.8242880517164463,0.6619892264328676,0.3332225294992702,0.8313048581475234
,,,,14.33376736111111,0.8446500895569952,0.5953741368161571,0.8481769157888472,0.6735975077524762,0.3337229696654541,0.8543322964819271
,,,,14.344618055555555,0.8561674986565164,0.6001927696300002,0.8520092370865066,0.6905173981343731,0.342480540045285,0.859089303032199
,,,,14.35546875,0.8810528073227929,0.6055970396079331,0.8652888750814914,0.7027263639400085,0.3504452127204797,0.8663211339958011
,,,,14.366319444444445,0.8738277587975942,0.6152134797261334,0.8889271590843579,0.7040570266100926,0.3536033871092751,0.884128102474098
,,,,14.377170138888888,0.8918236005513633,0.6175407583492254,0.883494703059887,0.7158516847453948,0.3562115029581567,0.894747820117245
,,,,14.388020833333332,0.906853811453573,0.6366005415037822,0.9064919282307964,0.7281885387816371,0.3601181936573337,0.8994319198686577
,,,,14.398871527777777,0.9100674681415823,0.6346388742588887,0.9153388471088144,0.729623953674252,0.3674926630850523,0.9147997685136432
,,,,14.40972222222222,0.9192099217384307,0.6446344587218077,0.9180337820114984,0.7412377016557601,0.3675701656926511,0.9196740871805468
,,,,14.420572916666666,0.9398067117477954,0.653210626380188,0.925926807747378,0.7424739287393478,0.3717342308852096,0.9294349761099716
,,,,14.43142361111111,0.9457416138132648,0.6531602075942335,0.9346897581076388,0.7616416737955481,0.3735747565489097,0.9454906206071052
,,,,14.442274305555555,0.951318353321721,0.6727480255115669,0.9564291111874604,0.7635139217358561,0.38075222974778,0.949585392658397
,,,,14.453125,0.9545154034365994,0.6714389583515646,0.9603847112396512,0.7627258779776857,0.3847960276204447,0.9635581792152306
,,,,14.463975694444445,0.9638371346172688,0.6707211617699305,0.9574127263763228,0.7698505224417466,0.3850448883099442,0.9620749798654769
,,,,14.474826388888888,0.9754805630887812,0.6778121575920383,0.980303345131493,0.7778005879811978,0.3889949647591859,0.9790867015623276
,,,,14.485677083333332,0.9701806296317116,0.6783739135402548,0.9726427629126762,0.781269418401037,0.3923139031082481,0.976924381235415
,,,,14.496527777777777,0.9849569115391792,0.6810625384815318,0.9941400247994608,0.7929399921762615,0.3920128720285897,0.9791575225414908
,,,,14.50737847222222,0.982699597046792,0.6904913812513881,0.991366041698732,0.784029614630149,0.3926912804899208,0.9866933225321936
,,,,14.518229166666666,0.9905178422836644,0.6972400166966811,0.983707508787243,0.7916071342020702,0.3965146506289208,0.9944703491583308
,,,,14.52907986111111,0.9980769536520828,0.6998705526237727,0.9927741240411824,0.7962464894350811,0.3951783532804345,0.9934626443761948
,,,,14.539930555555555,1.0010972999311862,0.6945824323519004,0.9950628876022596,0.7996070949759851,0.3975600524604614,0.9988197071851932
,,,,14.55078125,0.9910550374659632,0.6995702602352681,0.9991570872891876,0.7991652533628916,0.3999395532185884,0.997511005371623
,,,,14.561631944444445,1.002874045958254,0.7040917696384442,0.9914848454142934,0.8039235575429636,0.4002296441882594,0.9990616462494658
,,,,14.572482638888888,0.9966296074429778,0.7004311429988643,0.9932104567498902,0.8000418891200296,0.4000306084568581,1.005834471507686
,,,,14.583333333333332,0.9975432291936368,0.6994942962207331,0.9964874550092002,0.8134464608606367,0.3999356609494366,0.9911438330468322
,,,,14.594184027777777,1.0052983854466755,0.7016180896066682,1.0037027686171447,0.7966792375867716,0.3999687930016069,0.999242944719032
,,,,14.60503472222222,1.0060020709485291,0.6971028921105011,0.9975392729885768,0.7952025766670459,0.3980402965795962,1.001632145766194
,,,,14.615885416666666,1.0009612782409671,0.6988538351521605,1.0092590149292344,0.8004338035008838,0.4002680496226898,1.0030008697687125
,,,,14.62673611111111,0.9925749038329772,0.6936426416468737,0.988863675144017,0.793106719903596,0.3960215757906219,0.9828237657197628
,,,,14.637586805555555,0.9925004754298156,0.6959362456310348,0.9944648264695654,0.7959591729432939,0.4007830230512679,0.9954420624225624
,,,,14.6484375,0.9881895946985486,0.6942312968625405,0.9838158602243806,0.7883264310158009,0.3959871714118895,0.9882550668654968
,,,,14.659288194444445,0.9845212899865716,0.6848401198657507,0.9853178102917765,0.7837316337454215,0.3927089232507656,0.9801276006099028
,,,,14.670138888888888,0.9798293255837406,0.6881777942797529,0.9765404442645818,0.7845586905535483,0.3906543558062476,0.9851151004840206
,,,,14.680989583333332,0.9740424812256188,0.6832982639402442,0.9852238296665524,0.7804039511010297,0.3930202687120472,0.9694408630761192
,,,,14.691840277777777,0.97421749856367,0.6819134264837408,0.973869170682378,0.7806926274537175,0.3881132271306212,0.9707104032094528
,,,,14.70269097222222,0.966556268835079,0.6760215690660738,0.966163400681517,0.7707151030718736,0.3856010714772564,0.9710480416267528
,,,,14.713541666666666,0.9554056551268474,0.673287355781359,0.9574478429088876,0.768544377389168,0.3818831201885459,0.951256406393308
,,,,14.72439236111111,0.9512592207122452,0.6605812747923377,0.9517670190501332,0.7551414554425459,0.3785268931717552,0.948538720990561
,,,,14.735243055555555,0.9417767389714056,0.660897020782347,0.9467391754098116,0.7590400616954782,0.3755765291563035,0.9386791031006532
,,,,14.74609375,0.9400759505432402,0.6558126221472641,0.9296849922546344,0.7486233918419416,0.3703304265452918,0.935085010628103
,,,,14.756944444444445,0.9195547764316812,0.6529677836122201,0.928628642462623,0.7417342022641359,0.3711235315260302,0.9312222454191696
,,,,14.767795138888888,0.9131091820202388,0.638188678163321,0.915966353193724,0.7265880532981486,0.3646453682236978,0.9113862610694397
,,,,14.778645833333332,0.9064533188766716,0.6294387358758078,0.9005005692172275,0.7257970940345825,0.3654413482786656,0.9116274884121124
,,,,14.789496527777777,0.8881431549399165,0.629548716832752,0.886844331720393,0.7217568832821355,0.3575089018944699,0.8942385969826728
,,,,14.80034722222222,0.8825284682255797,0.6165271755509851,0.8878416462006422,0.7011995374027556,0.3520618540879157,0.8838299113276796
,,,,14.811197916666666,0.8668157028430636,0.6089279416309799,0.8693819483957389,0.6974042951256704,0.3463309087785151,0.8696743921178323
,,,,14.82204861111111,0.8639959494867615,0.6000014065422974,0.8629060856177228,0.6815671840104771,0.3406274513521498,0.8531737169250656
,,,,14.832899305555555,0.8501914152468362,0.5936080589900098,0.8476779874276327,0.6795378776878884,0.3368109070223167,0.8392363058620409
,,,,14.84375,0.8294312425162867,0.5818705848249174,0.8248439484553418,0.659266774458334,0.3365523379530337,0.8345176106137724
,,,,14.854600694444445,0.8240340486048565,0.8142115502709892,0.8250840412818274,0.6519836190718392,0.323691696894739,0.816227313319353
,,,,14.865451388888888,0.7999643168998376,0.8018594984871548,0.8044321783661542,0.6452961533360069,0.3182837880405645,0.808598595106965
,,,,14.876302083333332,0.7865929584288294,0.7904663148844983,0.7910566075243592,0.6307721584214465,0.3154420763110619,0.7858660928822571
,,,,14.887152777777777,0.769885784414086,0.7700805055667512,0.7677617833208011,0.6249013171555896,0.3084935940857944,0.7835680879735442
,,,,14.89800347222222,0.7623785211954784,0.7479102780369643,0.7622325940083893,0.6165679688300568,0.3017178557473022,0.7544613413844963
,,,,14.908854166666666,0.741622806915984,0.7447875428568799,0.7425365297403657,0.5882770451617507,0.2951077009842304,0.7401004237577032
,,,,14.91970486111111,0.7259703210433393,0.7142980294744432,0.7305834910977824,0.5818360305410882,0.2888652880146438,0.7199668572329561
,,,,14.930555555555555,0.7046871278373174,0.7067511651276803,0.7009321767517755,0.5716725949517797,0.2805444879261426,0.6986512181306596
,,,,14.94140625,0.6904916730182731,0.6965078441666214,0.6865424681127379,0.5514741102994678,0.2763910534762525,0.6937937594926831
,,,,14.952256944444445,0.6678694861922299,0.6715129097186208,0.6716054319476026,0.536190782156574,0.2660123299218386,0.6682814726351787
,,,,14.963107638888888,0.656827472083779,0.6537087329956222,0.6594200754859552,0.5191174835155044,0.2598082367235808,0.6514162378819436
,,,,14.973958333333332,0.6426319336313332,0.6283173849610668,0.6440066260590525,0.5051206428588085,0.2509355306880587,0.6349812072982591
,,,,14.984809027777777,0.6143855330920333,0.6139605306374012,0.608528994632902,0.4904503710947068,0.2444073788658932,0.6217669295898142
,,,,14.99565972222222,0.5896738511277178,0.594336154551932,0.5974444818956971,0.4783355568568675,0.2396452836872889,0.5931843598286273
,,,,15.006510416666666,0.5800615772587131,0.572772468598026,0.5702844394812124,0.4628857253655101,0.2300877620658418,0.5693756691030363
,,,,15.01736111111111,0.547886654495921,0.5613224800991292,0.5601460681398903,0.4472047365075998,0.2204149203285295,0.5610347527101112
,,,,15.028211805555555,0.5415085375197406,0.5370171719710014,0.533324339156859,0.4324527854381748,0.2165134376110543,0.5392348626693197
,,,,15.0390625,0.510571220298977,0.5297063493171724,0.5105619575311465,0.4185512292399298,0.2067891980607557,0.5173902456411871
,,,,15.049913194444445,0.4793552821740834,0.4963652664763799,0.4944665895879719,0.3906472917461043,0.1970597266700589,0.492575672558228
,,,,15.060763888888888,0.4694004289158428,0.4650326462757316,0.47229045452195,0.3802449014194879,0.1862729235020356,0.477240271584662
,,,,15.071614583333332,0.4457093802241113,0.4509799555600836,0.4539444370679519,0.3667150261940435,0.1780527351512777,0.4556076934757981
,,,,15.082465277777777,0.4201376059461105,0.4312162891937872,0.4213182906748732,0.3359579686112168,0.1733597842111121,0.4325283226309987
,,,,15.09331597222222,0.4071353717176286,0.405923384978444,0.4053974757742901,0.3239455124902994,0.1655821730691704,0.3969999185620267
,,,,15.104166666666666,0.378112064389806,0.3753864575828921,0.3785765222966058,0.3126681721048745,0.1506295479647083,0.3818744905871509
,,,,15.11501736111111,0.3607792001793375,0.3627310698450287,0.3631464832802247,0.2873807567207355,0.1436431115852488,0.3626322914861015
,,,,15.125868055555555,0.3379627244800539,0.3396692617369432,0.3394134431538683,0.275398718664709,0.1316308192632224,0.3363243487818884
,,,,15.13671875,0.3149433225872861,0.3095676985148007,0.3146747491905755,0.2461583887728854,0.1300707715936619,0.3233549856916839
,,,,15.147569444444445,0.298042327162678,0.2860153748647268,0.2956394474699896,0.2308413903481741,0.1112862419245323,0.2960408034370289
,,,,15.158420138888888,0.2661417971254247,0.2669733550457255,0.2668618982505041,0.2115492744044056,0.106569752807571,0.2672754536385519
,,,,15.169270833333332,0.2417992343584969,0.2495216753865038,0.2470587204751433,0.1915065820190438,0.09735638124923,0.2432147727088443
,,,,15.180121527777777,0.2226607667541902,0.2304905709039034,0.2192435748888703,0.1767700231651927,0.0845206232624354,0.2169944039312763
,,,,15.19097222222222,0.1925105683054983,0.1983065585845413,0.196630196639885,0.1533878600882425,0.0801620595416945,0.1939010002314533
,,,,15.201822916666666,0.1779555386582652,0.175360406304099,0.1814413010151572,0.1349594999934397,0.071172275289264,0.1688347691195837
,,,,15.21267361111111,0.1586906912348031,0.1471986127816976,0.1456046467734178,0.1160014871502488,0.0594525125647489,0.1459761264497478
,,,,15.223524305555555,0.1255840512046932,0.1224228469132136,0.1133849166938289,0.0900875773504283,0.0497219236127819,0.1127470310446184
,,,,15.234375,0.0944765668093192,0.1033399558615764,0.0937192296932862,0.0856912674781223,0.0383796930931948,0.0959176535256682
,,,,15.245225694444445,0.0750021289126514,0.0734660598824514,0.0705421499119424,0.0553119856601716,0.0289415505500379,0.0763355264597875
,,,,15.256076388888888,0.0472900431643363,0.0599254056649438,0.0528397660411722,0.0458917525895328,0.0193129042753611,0.0561036739276642
,,,,15.266927083333332,0.0246145518898681,0.0296841918014637,0.0246817205779227,0.0245846744946093,0.0097461273833949,0.0226643698449187
,,,,15.277777777777777,0.0019436980512509,0.0016691459229999,0.0016872187116727,-0.0008086203372977,-0.0006039283334818,0.0044965238820183
,,,,15.28862847222222,-0.0231784951383001,-0.0241535707956335,-0.0195438455621602,-0.0182385037241901,-0.0065983649212622,-0.0295170648953728
,,,,15.299479166666666,-0.0483592765569584,-0.0492740657085465,-0.0513238959102707,-0.0364002444916557,-0.0178055469490928,-0.0483802261748178
,,,,15.31032986111111,-0.0713371977800711,-0.0695561474081081,-0.0706059876734905,-0.060126773671658,-0.0302309751296395,-0.0646250240861252
,,,,15.321180555555555,-0.0981297387779335,-0.1030457776388867,-0.1053094530250575,-0.0879274744169934,-0.0382620174062157,-0.0976724100317569
,,,,15.33203125,-0.1367348005854351,-0.1210463433125614,-0.1198621673721034,-0.1010108751106673,-0.0459133386634743,-0.1287567637499752
,,,,15.342881944444445,-0.145773976884835,-0.1456121115419064,-0.1484321426867299,-0.1086830552887668,-0.0566451602766735,-0.1471878098627369
,,,,15.353732638888888,-0.1695516281735863,-0.1781720114581613,-0.1689246289481753,-0.1347487421563158,-0.0680799655726465,-0.1748447100712411
,,,,15.364583333333332,-0.1967502501665709,-0.2027860016144782,-0.2021887522469899,-0.1549993623138603,-0.0749542397355343,-0.1899894361187696
,,,,15.375434027777777,-0.2231344738960888,-0.2192744603367255,-0.2205716619021228,-0.1807107385064215,-0.0897160891053307,-0.2220832235377718
,,,,15.38628472222222,-0.2428685627868485,-0.2371917298018387,-0.2388655677948115,-0.1926309269103365,-0.0971317965568328,-0.2498958540059459
,,,,15.397135416666666,-0.2596183896758645,-0.2693095029744986,-0.2725696896394844,-0.211572576595947,-0.1046444843541377,-0.2714694270132565
,,,,15.40798611111111,-0.2817012915901049,-0.2832573091452092,-0.290760144779506,-0.2291849525466225,-0.1135974426054135,-0.3030644690264531
,,,,15.418836805555555,-0.3079270177889042,-0.3176579760606364,-0.3087138645524595,-0.2488816533453652,-0.1259104242177725,-0.3182612091532038
,,,,15.4296875,-0.3341693299460263,-0.3455322510980686,-0.3383181548088681,-0.2571416029111563,-0.1340247541196111,-0.3367565386875484
,,,,15.440538194444445,-0.356344549478633,-0.3642502993080307,-0.3642526211409098,-0.2847531948322918,-0.1407790070864532,-0.353541198204996
,,,,15.451388888888888,-0.3752213705617978,-0.383146093824451,-0.3839463735541434,-0.3117292469363755,-0.1529897767695327,-0.3782491285533264
,,,,15.462239583333332,-0.4002501240325734,-0.4026667288668527,-0.3994141806846428,-0.3296431303596006,-0.1613532427167283,-0.4037079029157373
,,,,15.473090277777777,-0.4260765250396897,-0.4271396541663337,-0.4262833129778895,-0.3354932266495996,-0.1715766549112885,-0.4266165703484623
,,,,15.48394097222222,-0.4493475199993405,-0.4436889255608734,-0.4462151298396724,-0.3544441476075571,-0.179746793529679,-0.4485554999068514
,,,,15.494791666666666,-0.4702872350301156,-0.4729510549977412,-0.47285894251622,-0.3647464890880155,-0.1874522576821063,-0.4756034101341473
,,,,15.50564236111111,-0.4981940353585936,-0.4946836685983391,-0.4926561034001632,-0.3956933089183292,-0.1941367161202735,-0.4960351360944146
,,,,15.516493055555555,-0.520887407466735,-0.5077943203604282,-0.5102314196598089,-0.4176638459178531,-0.2049372530957433,-0.516930287048065
,,,,15.52734375,-0.5352574937731541,-0.5336747193157354,-0.5336363264588992,-0.4298320337248184,-0.2120491368046829,-0.5380495858979607
,,,,15.538194444444445,-0.5565102614891752,-0.5597255807584814,-0.5557256169604378,-0.4389719925913249,-0.2195235019699842,-0.561945466758063
,,,,15.549045138888888,-0.5740822364550934,-0.5832596561363086,-0.5722446550299373,-0.4622750527907289,-0.229808505687879,-0.5742119894205596
,,,,15.559895833333332,-0.5978668206888159,-0.590381162040595,-0.5947514490430013,-0.4674916203200697,-0.2374549566813175,-0.597978008687608
,,,,15.570746527777777,-0.6078423729302724,-0.6142869089286446,-0.6171480503756378,-0.4898544846597022,-0.2455916061570995,-0.6284943176245268
,,,,15.58159722222222,-0.6335191539219557,-0.6212401507306902,-0.6303720272150144,-0.5058928051197976,-0.2530876236745566,-0.637955782922686
,,,,15.592447916666666,-0.6488396221498218,-0.653750916728434,-0.646765684019668,-0.5238010271022817,-0.2627316529775005,-0.6569637904788188
,,,,15.60329861111111,-0.6710975183858991,-0.6788021049280304,-0.6769511590390052,-0.5316937764090066,-0.2661645129696129,-0.6724094970504018
,,,,15.614149305555555,-0.6914470039447791,-0.691672919229311,-0.6826105863783355,-0.5495903711793176,-0.2750742438182699,-0.68619134274097
,,,,15.625,-0.7046840716824904,-0.7111266267023887,-0.7047558020467732,-0.566718219814747,-0.2830905264646367,-0.7064756232060415
,,,,15.635850694444445,-0.7322843175900006,-0.7151577125193228,-0.7210402426173047,-0.578856886444106,-0.2932351343430426,-0.7239011817783917
,,,,15.646701388888888,-0.7448563472183379,-0.7503339461853649,-0.7501019253493364,-0.597660723839088,-0.297758652453962,-0.7389382368825695
,,,,15.657552083333332,-0.7651377574537992,-0.7576878223405142,-0.7596506287768928,-0.6046447667032764,-0.3015084311399452,-0.7538475879924642
,,,,15.668402777777777,-0.7780301965063464,-0.7734574781003215,-0.7642850427877488,-0.6192460729350419,-0.3076203781696508,-0.7716209489889821
,,,,15.67925347222222,-0.7835442643057993,-0.7847114374955255,-0.7921332490949142,-0.6320254723148905,-0.3114577815463628,-0.7764749265472891
,,,,15.690104166666666,-0.8077683184252443,-0.7999502179452077,-0.8053004494030004,-0.6465198819999599,-0.3175314408684213,-0.7982976161721862
,,,,15.70095486111111,-0.8181862470317213,-0.8223641627712031,-0.8199496554951324,-0.6501149888826732,-0.3270817657323306,-0.8007854323645068
,,,,15.711805555555555,-0.8273819486808617,-0.8338111071801124,-0.8242509097588654,-0.6627985090617574,-0.3307488382716956,-0.8372282286656383
,,,,15.72265625,-0.846034855525512,-0.8535152846768089,-0.8447544091900508,-0.6723019393400045,-0.3416182231061848,-0.8407485090619342
,,,,15.733506944444445,-0.8614933861264183,-0.8587676349754728,-0.8542583458421829,-0.6902748898369405,-0.341049293297744,-0.853768715357688
,,,,15.744357638888888,-0.8608175118302736,-0.8702457358646971,-0.8712426551851651,-0.6982183212639338,-0.3460004016982091,-0.8707826201153602
,,,,15.755208333333332,-0.873201268867118,-0.8699631071560802,-0.8744849887467422,-0.7086032185554485,-0.3525393454737207,-0.8824759036962382
,,,,15.766059027777777,-0.890071357446206,-0.8884978751831953,-0.8978869081526101,-0.71362890745661,-0.3602015290503043,-0.886853735289742
,,,,15.77690972222222,-0.9111801013573464,-0.9031117677754428,-0.9057327442791594,-0.7168163838375188,-0.3578831570530578,-0.895954079684399
,,,,15.787760416666666,-0.9171447210250896,-0.918571302097193,-0.9152945736979302,-0.734603023623396,-0.3674319351411769,-0.910229046575947
,,,,15.79861111111111,-0.92717009177149,-0.9331813434483128,-0.9258324661685832,-0.7365784989206008,-0.3747644295987425,-0.9240396219042916
,,,,15.809461805555555,-0.9395590919779104,-0.937322168850191,-0.9322216417463104,-0.7499816308768933,-0.3730706870309432,-0.9377615371962262
,,,,15.8203125,-0.9332062654565269,-0.938213611928722,-0.9377224165019292,-0.7509121198961412,-0.3794043947309127,-0.941322132822084
,,,,15.831163194444445,-0.9495345666045464,-0.9483510630759378,-0.944386361035517,-0.7581507957564062,-0.3768587405423186,-0.94449005016832
,,,,15.842013888888888,-0.9531452377075236,-0.9476142275416009,-0.9483333915084716,-0.7677873520625785,-0.3806655955168894,-0.9636846187345122
,,,,15.852864583333332,-0.9615524561624398,-0.9665759184127533,-0.9689464540989188,-0.7765850112549961,-0.3849501361263103,-0.961427803890383
,,,,15.863715277777777,-0.967055772787282,-0.971399685410308,-0.962449207942234,-0.7758476348647378,-0.3876307534116513,-0.9703612404098564
,,,,15.87456597222222,-0.2953167593863761,-0.9778818363826844,-0.974688844036014,-0.7695981981551463,-0.3902455164183614,-0.9784860536502064
,,,,15.885416666666666,-0.2952319208330363,-0.9925254854881498,-0.9789542997629952,-0.7809524548600214,-0.3899661980817787,-0.9794676383293957
,,,,15.89626736111111,-0.2954374006285524,-0.9866522721975844,-0.9850341609757776,-0.7871931038666019,-0.3956518750449489,-0.9812878957177222
,,,,15.907118055555555,-0.2975271109359008,-0.9913920259978608,-0.9907161537708836,-0.7912569073499933,-0.3974614548205692,-0.9927590392697077
,,,,15.91796875,-0.2967271817856574,-0.9945845367668638,-0.989807551413161,-0.7949980399494616,-0.3949369916879696,-1.0015517814764243
,,,,15.928819444444445,-0.2977508589984803,-0.9926389039752436,-0.9872812477336126,-0.7999100194270461,-0.3988519856743202,-0.9904904025577412
,,,,15.939670138888888,-0.2990857563407513,-0.9984760047546164,-0.9994853596275018,-0.7962946665097403,-0.3971196139560795,-1.002004805226217
,,,,15.950520833333332,-0.3025492478977633,-1.008489923382495,-1.008297127242042,-0.8001012340179443,-0.4002198426767487,-1.006313923333574
,,,,15.961371527777777,-0.3030564045629683,-0.9971652970583068,-1.0003239395970855,-0.7987686492106233,-0.4009356316634018,-1.0013917346728398
,,,,15.97222222222222,-0.298451940397662,-0.9930641795649224,-1.004698165783932,-0.8056020191964708,-0.4013860258879441,-1.0068621620516185
,,,,15.983072916666666,-0.3002729585948282,-0.9966982042897038,-1.00137846723864,-0.7941769361628271,-0.4001434801137476,-1.0037317337547742
,,,,15.99392361111111,-0.297030524341618,-0.9930075286325262,-0.9993087134781982,-0.8006758929307168,-0.3979908965587415,-0.9984061516177116
,,,,16.004774305555554,-0.2971512722198063,-0.9948350306928276,-0.992718229685383,-0.7977436107216448,-0.3985399762078111,-0.9949856064583368
,,,,16.015625,-0.2973441137947876,-1.0036880306538327,-1.0009692740245406,-0.8006935072046395,-0.3999083126971528,-0.9953993058073016
,,,,16.026475694444443,-0.2967938063177897,-0.9962674618849052,-0.9924121675976127,-0.7822153792809385,-0.3995557994294033,-0.994045822917245
,,,,16.03732638888889,-0.2968826410567823,-0.9914976459790864,-0.9862274774322964,-0.7942934938842772,-0.3961761065051615,-0.9900252442421964
,,,,16.048177083333332,-0.296676711148284,-0.9852582215832186,-0.9870303909136956,-0.7917326032280659,-0.39405639302718,-0.9812437973778984
,,,,16.05902777777778,-0.2921386390380681,-0.985268112854951,-0.9782272379400558,-0.7847523523795166,-0.3917856412306079,-0.9836078881795772
,,,,16.06987847222222,-0.2932212738232512,-0.9833055086925798,-0.9742225259512688,-0.7807330113047483,-0.392673846964325,-0.97925556671084
,,,,16.080729166666668,-0.2898870805631872,-0.9696792469743802,-0.9689735435494574,-0.7769454450727967,-0.3906492316795285,-0.9742125417308856
,,,,16.09157986111111,-0.2859678760973528,-0.9617558229534204,-0.9614828918988332,-0.7742054415457101,-0.3863694807044765,-0.964757482519705
,,,,16.102430555555554,-0.2864491106425005,-0.957618476643912,-0.963379695556178,-0.7669105285960741,-0.3842993427437021,-0.9611309633429704
,,,,16.11328125,-0.2831883160983097,-0.9534836237330484,-0.9459796510551804,-0.7550528371165885,-0.3814917261558235,-0.9530098989324248
,,,,16.124131944444443,-0.283168962843241,-0.941221546620262,-0.9498098394336236,-0.7536723630165524,-0.3765897470322502,-0.9359391613191732
,,,,16.13498263888889,-0.277685648348013,-0.9402281908480764,-0.929902473719714,-0.7495457577203997,-0.3745638873865871,-0.936814106880028
,,,,16.145833333333332,-0.2755553499844741,-0.9252514723068432,-0.9218467140291232,-0.7474919730949868,-0.3687839772437085,-0.9215279325025958
,,,,16.15668402777778,-0.2756781940373327,-0.9162004714849326,-0.914613605099768,-0.7265132541398156,-0.3642767260188744,-0.9112489072290932
,,,,16.16753472222222,-0.2706618444838033,-0.9017479474325678,-0.9079916281167658,-0.7217942749158024,-0.3631585281309158,-0.9172622610266896
,,,,16.178385416666668,-0.269271450255636,-0.8888849437220502,-0.8946523776488159,-0.7123058993828404,-0.3565173769869787,-0.8945253268154169
,,,,16.18923611111111,-0.2642871473006993,-0.875293085597106,-0.8757215401572025,-0.7062700660869836,-0.3519529915500927,-0.8864119652314807
,,,,16.200086805555554,-0.2592592536544746,-0.864297929174606,-0.8767238149713524,-0.7015052059248119,-0.3489961111448759,-0.8733367287879679
,,,,16.2109375,-0.2565788627351126,-0.8547766911241018,-0.8530564511207636,-0.689298069638526,-0.3377388422388725,-0.8557227447740036
,,,,16.221788194444443,-0.2556216619012811,-0.8474925888732335,-0.8467111033850557,-0.6744415268331907,-0.3384523720400598,-0.8541305416084859
,,,,16.23263888888889,-0.2497967549993823,-0.8279072143990645,-0.8316909187024275,-0.667271565000659,-0.3329127467242567,-0.82623584055198
,,,,16.243489583333332,-0.2440882159260676,-0.8134197089917361,-0.8283390823167918,-0.650556365119856,-0.3245728205568206,-0.8214644746126614
,,,,16.25434027777778,-0.2382433936170614,-0.806746897564461,-0.8018951609662037,-0.6398356890398759,-0.3230681449252035,-0.8193552836402919
,,,,16.26519097222222,-0.2352970143215286,-0.7842828275426816,-0.7916924252167172,-0.6375441479865251,-0.3154703521095827,-0.7846728841897606
,,,,16.276041666666668,-0.2312354526869572,-0.7771505380512137,-0.7735054613733662,-0.6169110777328796,-0.3148986000059798,-0.7731708092194457
,,,,16.28689236111111,-0.2278865508686186,-0.754746184880842,-0.759306878954572,-0.6074606011351775,-0.2995749784018507,-0.7503931705616343
,,,,16.297743055555554,-0.2219485662309306,-0.7457124205243014,-0.7404467465065588,-0.5954547570458303,-0.2917202341897703,-0.7351604299857261
,,,,16.30859375,-0.2166722845765569,-0.7162594414377977,-0.7248665665020784,-0.578118989859241,-0.2872310530529379,-0.7291983678586363
,,,,16.319444444444443,-0.217702802161789,-0.7030024371129815,-0.6978764786016038,-0.5676736627357694,-0.284180720313414,-0.7106193564228945
,,,,16.33029513888889,-0.2075315003644533,-0.6972537487169723,-0.6899511730924184,-0.5459093855757468,-0.2761358981996373,-0.6961241896622368
,,,,16.341145833333332,-0.2022762991360064,-0.6661842386521366,-0.6718126546901504,-0.5263969665814034,-0.2679933716674995,-0.6709837261438746
,,,,16.35199652777778,-0.1949601576903545,-0.6520009696394573,-0.6503712270909666,-0.5142499212833271,-0.2601325307199972,-0.655031418269475
,,,,16.36284722222222,-0.1929256265107226,-0.6303450314577363,-0.6362681109660007,-0.505392881877169,-0.2565819715450055,-0.6320935091890514
,,,,16.373697916666668,-0.1843602922170398,-0.6202277862469603,-0.6055755974912556,-0.4851374620193304,-0.2477992627399569,-0.6144870609845322
,,,,16.38454861111111,-0.1787727241830008,-0.5990976414068765,-0.5933942746283591,-0.4776784148704434,-0.2369212774662402,-0.6012942274665763
,,,,16.395399305555554,-0.1732463427104873,-0.5768872227809807,-0.5790591121725949,-0.4666317850248699,-0.2333172583839848,-0.5694510365664527
,,,,16.40625,-0.1669762456549385,-0.5564527601750939,-0.5549533589487529,-0.4446185036971043,-0.2215598432436546,-0.5594844089668191
,,,,16.417100694444443,-0.1579050084292041,-0.532492109665782,-0.5307411663957076,-0.4289019160874154,-0.2127059850989043,-0.5291305308276271
,,,,16.42795138888889,-0.1550960833478614,-0.5153358059814496,-0.5199736995003081,-0.4044530047087635,-0.2055347351307243,-0.5243907190339477
,,,,16.438802083333332,-0.1447570958386212,-0.4996774922826572,-0.5040061129343438,-0.3970490554846866,-0.1954192011058725,-0.4929063220443401
,,,,16.44965277777778,-0.1420400173466994,-0.4692924829277853,-0.4737558999778017,-0.3808841531961387,-0.185688069239856,-0.4715793132016104
,,,,16.46050347222222,-0.1344094471921503,-0.4526126202688739,-0.4475325636824867,-0.3647866887214595,-0.1755269248995312,-0.4487828700634545
,,,,16.471354166666668,-0.126776168361821,-0.4260255034227097,-0.4241385693730979,-0.3454570513891307,-0.168389962909901,-0.4293473110189879
,,,,16.48220486111111,-0.1209534020956433,-0.4128762888978787,-0.4037722619238106,-0.3209001131501037,-0.162007714106685,-0.3978503482044609
,,,,16.493055555555554,-0.1157551129155324,-0.3791790348006532,-0.3788730350779445,-0.3133447550993154,-0.1528030692563725,-0.3838571048894278
,,,,16.50390625,-0.1063560889853646,-0.3607016378261067,-0.360779967615133,-0.2815103470955684,-0.1423956538946968,-0.3652868560695903
,,,,16.514756944444443,-0.1018222587244976,-0.3319449396744806,-0.3390694943748179,-0.2747211987136739,-0.1335046091342369,-0.3410826742834518
,,,,16.52560763888889,-0.0963874373593657,-0.3200435630838601,-0.3139614861562922,-0.253371118741098,-0.1258388886578802,-0.3175070295800788
,,,,16.536458333333332,-0.0853686419524228,-0.282015329497115,-0.2928905327340194,-0.2389588587482789,-0.1158134198639902,-0.2989361900062346
,,,,16.54730902777778,-0.0808457195616881,-0.2716852840530016,-0.2634088222253615,-0.2174353400384205,-0.1088267524077845,-0.2659127863613691
,,,,16.55815972222222,-0.0734671985170709,-0.2458373105970632,-0.2445789238206807,-0.1956786248011734,-0.0955491768934225,-0.239819165181712
,,,,16.569010416666668,-0.0690578148507705,-0.2144430129710487,-0.2220952345611816,-0.1747240144001731,-0.0889601598782979,-0.22759002960803
,,,,16.57986111111111,-0.0580279743252632,-0.1872533397386616,-0.1949672794613737,-0.1521873499432289,-0.0778420791741463,-0.1968947050854396
,,,,16.590711805555554,-0.0536753475348469,-0.1762419559315459,-0.1671723438291418,-0.1366502083131622,-0.0648884771557289,-0.1641579456906825
,,,,16.6015625,-0.0436341879788292,-0.148025423615466,-0.1420583720176735,-0.1162378294450703,-0.0610106992427413,-0.153445943454059
,,,,16.612413194444443,-0.0358323174267976,-0.1186249602443229,-0.1165695466312952,-0.0931728554604275,-0.0451435919269753,-0.1250407376209349
,,,,16.62326388888889,-0.0294905232573886,-0.1047075485285572,-0.1005982495020443,-0.0757413349050137,-0.03775890117728,-0.0973719059200087
,,,,16.634114583333332,-0.0199991423774235,-0.0737904609496661,-0.072676818324702,-0.0574949426479249,-0.0289262591827965,-0.0720077042056204
,,,,16.64496527777778,-0.016247298528981,-0.0472748514904966,-0.0471795579455169,-0.0366477754731854,-0.0172494126594436,-0.0482725962504326
,,,,16.65581597222222,-0.0103327536961148,-0.0176408670957195,-0.0191066703405688,-0.0207653690193204,-0.0113409825692629,-0.0218198981504293
,,,,16.666666666666664,0.0026573365245435,0.002454585427958,-6.922491017571741e-05,0.0057998883438199,0.0010685622527942,-0.005097559981681
,,,,16.67751736111111,0.0079754569087305,0.0281364547180873,0.0236711844153216,0.0226081289110372,0.0103870483183483,0.0218539743164752
,,,,16.688368055555554,0.0146048604411413,0.0535602721248889,0.0435480049954124,0.0398511536456508,0.0190861657375351,0.0507091586284845
,,,,16.69921875,0.0209752111029603,0.070898356972116,0.0720079213297559,0.0621859842277924,0.0256551526313505,0.0818869671280224
,,,,16.710069444444443,0.0295371037776342,0.0886458023899301,0.0962947320400999,0.0757737699795805,0.0408093993378415,0.0960577557112146
,,,,16.72092013888889,0.0360601084917881,0.1222785840570843,0.1225889700947506,0.0939551300538343,0.0495445588072453,0.1215324987157896
,,,,16.731770833333332,0.0431438678215543,0.1434193929976463,0.1451280330325924,0.1149087618928996,0.0563366939987718,0.1511389793520453
,,,,16.74262152777778,0.0507587088765536,0.1686716651426133,0.1686951418487425,0.1374074367073969,0.0670669500820406,0.1738390138923567
,,,,16.75347222222222,0.0579937216585163,0.1936876261271191,0.1928062075198277,0.154473718527843,0.0795906870383807,0.1906682669998919
,,,,16.764322916666664,0.0660225421680174,0.2177684332710699,0.2068640603450055,0.1781684758786179,0.0866404021347962,0.2163695732140483
,,,,16.77517361111111,0.0714867047325868,0.2469613168248831,0.2458292640698857,0.1934364111261037,0.0970748531834747,0.2378702394039205
,,,,16.786024305555554,0.0819737562350984,0.268039228259535,0.2612735933777533,0.2191392863131678,0.1093551758367868,0.2744072789378883
,,,,16.796875,0.0881094081172959,0.2980103961734359,0.2974983876848213,0.2289111027340742,0.1164506759071234,0.2929317838035868
,,,,16.807725694444443,0.0932926578250528,0.3151047601740451,0.3076620125690292,0.2438405876355426,0.1272585394306384,0.308140703062371
,,,,16.81857638888889,0.1007573847414202,0.3361892708143505,0.3310660501679454,0.2709834908163856,0.1372969790672433,0.3285883937819151
,,,,16.829427083333332,0.1090705753510878,0.3618577943329047,0.3671031373121494,0.28609755947304,0.1448863621466331,0.3546791052946185
,,,,16.84027777777778,0.115039706401273,0.3811390838426199,0.3818497332021617,0.3092962078365716,0.153544186066149,0.3834884115728848
,,,,16.85112847222222,0.1228853533295292,0.4078123474469363,0.4012004053026648,0.3268271099808197,0.1595978964721334,0.4073779108522639
,,,,16.861979166666664,0.1276662016838131,0.4285444785141701,0.4293249372732807,0.3415875171739797,0.1709371170063713,0.430994925948216
,,,,16.87282986111111,0.1312075094918798,0.4441191095196972,0.4478027255380338,0.3650815104811644,0.1829181586334563,0.4484417620588489
,,,,16.883680555555554,0.1417971694625953,0.4738449918567246,0.4724140511700066,0.3761553826343828,0.1869549703302754,0.4716807727528761
,,,,16.89453125,0.144933221878156,0.4886670213191707,0.4930668434042743,0.3971569833006267,0.1969981776533554,0.4942536342083512
,,,,16.905381944444443,0.153048150848978,0.5173356159678053,0.5147591287823006,0.4093126149860618,0.2033854645065748,0.5175072626960293
,,,,16.91623263888889,0.1605841782342785,0.5327659761932535,0.5374817247724806,0.4235427235235642,0.2151005661496196,0.5327343366420704
,,,,16.927083333333332,0.1654789642090561,0.5517576678768222,0.5516948472617212,0.4381036480909899,0.220011539935401,0.5562852974219488
,,,,16.93793402777778,0.1744556831872351,0.5744080177828571,0.573506836888448,0.4642469544999413,0.233739192812349,0.5777193882806199
,,,,16.94878472222222,0.1807752958047545,0.6035883894350615,0.5959913209071469,0.4751350424817305,0.2386424279387663,0.6046281241441723
,,,,16.959635416666664,0.1832516397504541,0.6140676660044089,0.611974202646645,0.486133809110073,0.2471268301519861,0.6149013276086359
,,,,16.97048611111111,0.1912559647408047,0.6448662449291399,0.6387989866220347,0.5033377613174365,0.2524248905021008,0.6329437613913893
,,,,16.981336805555554,0.1959929360509677,0.6512562809532726,0.6541006696829951,0.5233053937003216,0.2599009919575001,0.6586847861317181
,,,,16.9921875,0.2005252632594351,0.6671759660096814,0.6768405447661292,0.5381966777760391,0.2692530787342195,0.6742467717933542
,,,,17.003038194444443,0.2079319256118917,0.6889885682877508,0.6799030610123006,0.547948263532642,0.2783231111047294,0.6901140183040739
,,,,17.01388888888889,0.2115341309795776,0.7094441700524744,0.7170200854705379,0.5616654398443557,0.2784376957279386,0.7083513103221388
,,,,17.024739583333332,0.2147932686432803,0.723919541108123,0.7223009411951339,0.5822774601820462,0.2899254593408373,0.7247970018476428
,,,,17.03559027777778,0.2204820673112249,0.736350604607476,0.7347322457238309,0.5895918797670013,0.2993861007761391,0.7369571849321614
,,,,17.04644097222222,0.2242284191423009,0.7610050654657405,0.7535958109943435,0.6028936134478906,0.3033010090324055,0.7606326500471882
,,,,17.057291666666664,0.2319973655708527,0.7695532826508092,0.7634376979730484,0.6176292142871156,0.3118753594970003,0.7727541095748475
,,,,17.06814236111111,0.2379822145541309,0.7887387217713449,0.7884543137236174,0.6309654567998374,0.3161044990186531,0.791156543183066
,,,,17.078993055555554,0.2417029443310778,0.7962847762729931,0.8010453316826797,0.6343037286155252,0.3252090687963533,0.8054519298030847
,,,,17.08984375,0.2473913430365168,0.8131965384192641,0.8210563276175592,0.65959225172241,0.329542117872149,0.8111136633064532
,,,,17.100694444444443,0.249496905820707,0.8317354401193922,0.832743221610303,0.6682466992887562,0.3333837373082184,0.8231651828744565
,,,,17.11154513888889,0.2534725085253416,0.8529960426530611,0.8585316856675596,0.6785786191553398,0.3382772969734313,0.8363561657337096
,,,,17.122395833333332,0.2575293409541822,0.8563941251712075,0.8638697066328803,0.6930978234489827,0.3402711305622542,0.8585334797913983
,,,,17.13324652777778,0.2613361121783185,0.8665998664353974,0.8621585101659996,0.6959303570231031,0.3467960065773213,0.8665598682830385
,,,,17.14409722222222,0.2663810821867723,0.8792081655225458,0.874057573320684,0.7141423612455657,0.3516043537033753,0.887381206456301
,,,,17.154947916666664,0.2675148765101686,0.893189972758118,0.8857435324717364,0.7115479063702811,0.3561900376618445,0.9005504268083961
,,,,17.16579861111111,0.2706644464083541,0.9011350423557,0.9065148145743616,0.7211062498822465,0.3584037362441081,0.902485659682576
,,,,17.176649305555554,0.2738946644970468,0.9184843977062151,0.9050429401759722,0.7353582773046142,0.3629130537970811,0.9199688097966237
,,,,17.1875,0.2762888537413981,0.9207489847546652,0.9314772821860136,0.739748325745089,0.3730001742113277,0.930996528425311
,,,,17.198350694444443,0.2782142860930818,0.9386552230745236,0.934717809112192,0.7406855967882412,0.3752726335661455,0.9350379503542664
,,,,17.20920138888889,0.28232589340099,0.9388730270981708,0.9438420976406772,0.7523131375659659,0.3738202691513344,0.9475574326224856
,,,,17.220052083333332,0.2843294774036743,0.9488508943807148,0.9507388996029348,0.7585899557527132,0.3827353110918223,0.9541527067442912
,,,,17.23090277777778,0.2859502613169269,0.9551063069693012,0.9601780199497536,0.7711090087292949,0.3818879110024402,0.9562881127434484
,,,,17.24175347222222,0.2888277334369386,0.9655425847323692,0.956224318223739,0.767912871346277,0.383532058804684,0.9747832100013388
,,,,17.252604166666664,0.2912404343571141,0.9655897283890714,0.966847573291702,0.7770865047308421,0.3914929757743602,0.9782655996235228
,,,,17.26345486111111,0.2933192844767482,0.9814325809419008,0.9735717775879096,0.7758773920148346,0.3886278581958886,0.9657342078004028
,,,,17.274305555555554,0.2932593484400119,0.9936178796210872,0.983896448734801,0.7788817371084331,0.3921689790581655,0.9844346286637848
,,,,17.28515625,0.2932671041785663,0.97665235237755,0.97826274819427,0.786585659202696,0.3983865884778985,0.97995164236137
,,,,17.296006944444443,0.296354206819072,0.9881979268806154,0.9845033534322206,0.7900564078878564,0.3965998805897726,0.9905787101997068
,,,,17.30685763888889,0.2995392584768986,0.9964797490091534,0.9840753394274848,0.7923757807445588,0.3991656147389559,0.9933001494101616
,,,,17.317708333333332,0.2979115443132392,1.0020315134078654,1.0021882444381496,0.79280390989086,0.3954564394471772,0.9909830963084396
,,,,17.32855902777778,0.2999421258644695,0.9953116076183844,1.002421477646623,0.8001922832887463,0.3931237292043582,0.9980347525424214
,,,,17.33940972222222,0.2992804121264307,1.0012751087500669,1.0040488370312666,0.8005379567575575,0.3981986367994329,0.9980892870481864
,,,,17.350260416666664,0.297898153291729,0.9960319264868944,0.99575905942646,0.7933168589043226,0.4012945859828798,1.0066847699908712
,,,,17.36111111111111,0.299079502054604,1.0039223798319838,0.9949162919061678,0.7956328041584254,0.3996673015954654,1.0023558200333451
,,,,17.371961805555554,0.2988073940129213,1.0012307990676188,0.9995408708016436,0.7957391077837109,0.3998850923737252,0.9873082308245172
,,,,17.3828125,0.3013893125057671,1.0067785880053128,1.0034884479106023,0.804748389509374,0.3979497511334062,1.002745437451653
,,,,17.393663194444443,0.2983016033851189,0.991821477763407,0.9947906149595152,0.8025850917934367,0.398842250949286,1.0010264141588128
,,,,17.40451388888889,0.2995281301431813,0.993211503487988,0.9970053133836336,0.7950138694762864,0.4007924205780442,0.9962241888018736
,,,,17.415364583333332,0.2992993414683947,0.9942836278179636,0.9941792640139798,0.791164897998034,0.3987389887901929,1.0014416317593575
,,,,17.42621527777778,0.2969120330143173,0.987325716286312,0.992291538808762,0.7852468678820039,0.3923904378953912,0.9804897629656576
,,,,17.43706597222222,0.2950461289605318,0.998498106501872,0.9881538144052494,0.7861350955471463,0.3905062441575895,0.991720852944796
,,,,17.447916666666664,0.2933942050014232,0.9841488445597374,0.966958301002348,0.7925715450238853,0.3938480724431332,0.9737154237618264
,,,,17.45876736111111,0.2932563086568894,0.9691024745695712,0.981867812883818,0.7826104406349051,0.3895891015591365,0.9712482643792628
,,,,17.469618055555554,0.2918403634483671,0.9825464995458084,0.9762213889441124,0.7746147597906465,0.3861256292001014,0.9763433890304268
,,,,17.48046875,0.2889024578055602,0.961580898280689,0.964298868420401,0.7660211845620503,0.3858630663494773,0.9652510844828665
,,,,17.491319444444443,0.2873330637723429,0.9547562421478883,0.9619049509237716,0.7621952703574922,0.3821692178117302,0.9701026918620976
,,,,17.50217013888889,0.2866846881717322,0.947250266146367,0.9480781040923508,0.7531316459773253,0.3818626108432894,0.9495378356216464
,,,,17.513020833333332,0.2806466131399807,0.9428555925705252,0.9415730488350872,0.7538768305784225,0.3757078688807125,0.940664017827978
,,,,17.52387152777778,0.2827237796039938,0.932747593906251,0.9334394501200562,0.7472057354645536,0.3720254395468592,0.9423968405872646
,,,,17.53472222222222,0.278368616128642,0.9217482329258888,0.9216609607419652,0.7318115225936025,0.3741492636669946,0.9169280797026698
,,,,17.545572916666664,0.2756003585116305,0.9141996237401132,0.9072064615495812,0.7267318754637856,0.3618612710644551,0.91246182949875
,,,,17.55642361111111,0.2697087635612889,0.9060060390024534,0.9058187180204966,0.721280676939367,0.361359388810928,0.9089950000187412
,,,,17.567274305555554,0.2674200979167617,0.9005841770361444,0.8856081254290675,0.7156448707865001,0.3606827599013618,0.8939737848204584
,,,,17.578125,0.2619170949539398,0.8847117307200928,0.8851797858270275,0.700204036497183,0.353937193949339,0.8720195009908366
,,,,17.588975694444443,0.2590899770049113,0.8695733823821625,0.8769819642068051,0.6986365040856097,0.3510856041475632,0.8757611803795359
,,,,17.59982638888889,0.2577584127575831,0.8571708258979565,0.8549369355444788,0.6871535120971286,0.3472587684808224,0.8579594053622778
,,,,17.610677083333332,0.2547020932508939,0.8409878699416083,0.8456145530430795,0.6753401490557018,0.3414743901070007,0.8455114944410665
,,,,17.62152777777778,0.252013789130824,0.8351238857582146,0.8374276196711157,0.6652940256392061,0.333648868277316,0.828466001206812
,,,,17.63237847222222,0.2473027976434687,0.8101671667362755,0.8212957874976682,0.6524275543751771,0.3271276949129125,0.8164209336392754
,,,,17.643229166666664,0.2416379512689755,0.8025711162953448,0.8035960643687611,0.6404463473559479,0.3217916019639988,0.7948418291998819
,,,,17.65407986111111,0.2345682490384855,0.7863465156492575,0.7842644738107273,0.6224341176461167,0.317362505116104,0.7910535851297376
,,,,17.664930555555554,0.2306717323024066,0.7788099790297319,0.7737322658697252,0.6169771119071794,0.3091398260596014,0.7742157327821413
,,,,17.67578125,0.2286182742270922,0.7529625459858935,0.7588585016934618,0.6100861341334038,0.3015422509144365,0.7595511951468953
,,,,17.686631944444443,0.2230080126712429,0.7359012333876797,0.7344587782756126,0.5909726496782712,0.2962973445650911,0.7344204158642447
,,,,17.69748263888889,0.2143790783199917,0.7171739642161019,0.7217664406064105,0.5789448808539757,0.2900068947083655,0.7209718570751236
,,,,17.708333333333332,0.2109704056965758,0.7160434758680744,0.7102564232282975,0.5632961876543868,0.2824629283074141,0.7029565967843866
,,,,17.71918402777778,0.211470781296904,0.6950659922203857,0.6906063376152647,0.548319335307515,0.276392865062656,0.6869718333764518
,,,,17.73003472222222,0.203794559278744,0.6777019287210259,0.6677817187190814,0.5355277574419286,0.2695518710727508,0.6671601026973227
,,,,17.740885416666664,0.194856054641081,0.6439390388241217,0.6570239387785957,0.5263302335257218,0.2640820178482045,0.6469560478225314
,,,,17.75173611111111,0.1913668559601249,0.6383893273979284,0.6398139006540874,0.5087524445405512,0.2549027919349706,0.6396788658150979
,,,,17.762586805555554,0.1832777323909971,0.6142656455946952,0.6127464573352198,0.492371907645717,0.2505693117844453,0.6135419224857847
,,,,17.7734375,0.1772622782903616,0.5974344372299689,0.6001209859677253,0.4831279077907947,0.2386210251437514,0.5942660178645195
,,,,17.784288194444443,0.1721734538379588,0.5764000201598046,0.5715396844028899,0.4608726727794636,0.2295756196103644,0.5753741605273603
,,,,17.79513888888889,0.1664311563039938,0.5571406091994203,0.5577440412287398,0.4431598893214791,0.2232885324849757,0.5408925057940566
,,,,17.805989583333332,0.162028018746393,0.5382589182165453,0.5397437706288303,0.4276402345677802,0.2128588275356462,0.5435973586130971
,,,,17.81684027777778,0.1546911919008959,0.5166013521821113,0.5133156355570718,0.4115198474754956,0.2044624135949864,0.5172905171771293
,,,,17.82769097222222,0.1470502701598053,0.5047056144522228,0.4921820209239072,0.3980831950573745,0.1968464412773938,0.4953725424423043
,,,,17.838541666666664,0.1414008863616496,0.4690030559967226,0.4699669099028885,0.3750874785303379,0.188609107852078,0.4680537190193328
,,,,17.84939236111111,0.1368944608595377,0.4477535356085597,0.448422665105786,0.3541396267575594,0.1776574982201622,0.4531385132337633
,,,,17.860243055555554,0.1277909704084646,0.4334276628285421,0.4350687710501142,0.341916863207352,0.1738708865404919,0.4292018513070265
,,,,17.87109375,0.1205959614101747,0.4124193284202409,0.4174150488574722,0.3255899131809397,0.1592978538105068,0.4077636557004711
,,,,17.881944444444443,0.1145179343806032,0.3817994285483235,0.3802306590032472,0.3049840848427538,0.1540759287045295,0.3802373894280506
,,,,17.89279513888889,0.108856023591386,0.3664666113074897,0.3681769044309878,0.2872900583533531,0.143342027921781,0.3610785798619924
,,,,17.903645833333332,0.1013137271548261,0.3206660758496188,0.3373287530073999,0.2695965713892115,0.1330867019272705,0.3327506590009634
,,,,17.91449652777778,0.0934185957929732,0.3137492997490865,0.3118900357211318,0.248807763750069,0.1271973844538159,0.3194275740164817
,,,,17.92534722222222,0.0904331485048505,0.276880078326029,0.3034519625661708,0.2329661278435501,0.1165722742777655,0.2959967944822096
,,,,17.936197916666664,0.0838294035549746,0.2644290988828438,0.267139725783358,0.2138761644036103,0.1055848437635273,0.2746079036401956
,,,,17.94704861111111,0.0757722666906377,0.240493146428778,0.2458576055562382,0.1934812595883558,0.0953505830851201,0.2429958290297525
,,,,17.957899305555554,0.0643226124693859,0.2260589357687745,0.2223869033746484,0.1715086556534262,0.0857125744224044,0.2250136925882341
,,,,17.96875,0.0578761543180754,0.1950283808364481,0.1941752387780249,0.1626757698623991,0.0776259207854877,0.1940247999787467
,,,,17.979600694444443,0.0486121449061687,0.1817924594256388,0.1737752987621787,0.1255672130216192,0.0675801479747198,0.1747574532934809
,,,,17.99045138888889,0.0416308961955676,0.1461852337362231,0.1477313634526708,0.1138741752141454,0.0608590288935476,0.1468909512584021
,,,,18.001302083333332,0.035581479929706,0.1186103918432448,0.1203510698311003,0.094889355679304,0.0494189095649872,0.1224498790406733
,,,,18.01215277777778,0.0307144346425943,0.0925706936290084,0.1117257059269253,0.0745636360570175,0.039611004465975,0.0965335219335734
,,,,18.02300347222222,0.0200310075874816,0.071663614379701,0.0680950801488937,0.0556424408215253,0.0313394688826342,0.0765415975422239
,,,,18.033854166666664,0.013590702153996,0.0446056186878345,0.0491509362979111,0.0339745951423908,0.016138115413147,0.0422837492847895
,,,,18.04470486111111,0.0071641498439479,0.0269556564882516,0.0233026199046831,0.0203479366422813,0.010058893919533,0.0230984907231238
,,,,18.055555555555557,-0.002575239879378,0.0007975030040705,0.0032165912780296,0.0009985072714883,-0.0028789895683554,-0.0076096739702522
,,,,18.06640625,-0.0077171181553147,-0.0162193403442445,-0.0267452814835846,-0.0196186461838488,-0.0074064324931537,-0.0210435471322307
,,,,18.077256944444443,-0.0103273470356603,-0.046268415859934,-0.0507956041514673,-0.0438651993717608,-0.0195339158786081,-0.0476664144419215
,,,,18.08810763888889,-0.0234872193270048,-0.081197504392943,-0.0752938626864107,-0.0610014382414412,-0.0350738180040631,-0.0797160758800009
,,,,18.09895833333333,-0.0286890593327523,-0.107147137418542,-0.0987757452133918,-0.0767465327559739,-0.0403336341837703,-0.0929891190597733
,,,,18.10980902777778,-0.0379407399139242,-0.1217374158435566,-0.1202495716916895,-0.0953779978365925,-0.0488594812756311,-0.1198421810782222
,,,,18.12065972222222,-0.0449712214439389,-0.140335763801127,-0.1432219174937121,-0.1169084770507298,-0.0558264356628749,-0.148157715297759
,,,,18.131510416666664,-0.0498459622605836,-0.1658720997193616,-0.1678427367288379,-0.1393405571910887,-0.0713145930233205,-0.1782990552240014
,,,,18.14236111111111,-0.059840706537433,-0.1960170753504629,-0.1994741411589526,-0.1599615601188281,-0.0792415962120503,-0.193027004040195
,,,,18.153211805555557,-0.0644251808318084,-0.2175706467414676,-0.2231818686386022,-0.1701894159712379,-0.0864224477588305,-0.2201918788075286
,,,,18.1640625,-0.0732695309791506,-0.2402909242942048,-0.240000824339089,-0.1961822046425568,-0.1013877374678674,-0.2409778255096904
,,,,18.174913194444443,-0.0774589701099629,-0.2696077691967559,-0.27347600308705,-0.2114671135710065,-0.1036483759408999,-0.2692939786133145
,,,,18.18576388888889,-0.0869798620144537,-0.2961612946290425,-0.2942630766994791,-0.2309007293733852,-0.1169203123114058,-0.287413713709832
,,,,18.19661458333333,-0.0936006989039326,-0.3122205827793737,-0.310352693495005,-0.2554454053663998,-0.1244537905994107,-0.3112632238023287
,,,,18.20746527777778,-0.1005942099648972,-0.3416550837723128,-0.3357189672594919,-0.2609755179626918,-0.1346488283741634,-0.345673587163025
,,,,18.21831597222222,-0.1081465717716251,-0.3652712474590541,-0.3641778863315839,-0.2965596658983599,-0.1435729833113139,-0.3548990448856086
,,,,18.229166666666664,-0.1152771820246642,-0.380433387127958,-0.3817236886474457,-0.30481705899913,-0.1551255729147847,-0.3773825472001576
,,,,18.24001736111111,-0.1197701266915176,-0.3968615041199261,-0.4030187430391664,-0.323960180974868,-0.1601668543082645,-0.3988604920970354
,,,,18.250868055555557,-0.1269966892025209,-0.4326438047386499,-0.4294499614405685,-0.3359268570368302,-0.1679735700139759,-0.4268699165219143
,,,,18.26171875,-0.1349625772494525,-0.4468238323015284,-0.4477295456550446,-0.3550558326720876,-0.1786802902124752,-0.4441742143069918
,,,,18.272569444444443,-0.1405245270671923,-0.4664364045103311,-0.4647055038117778,-0.3696527356684251,-0.1881246935703727,-0.4745649327279748
,,,,18.28342013888889,-0.1499722553694095,-0.4890653890385077,-0.4921181829630316,-0.3944090631907233,-0.2004250793768852,-0.5001948351650303
,,,,18.29427083333333,-0.1522707707503408,-0.5280104968437025,-0.5138276629890676,-0.4140148247796478,-0.2028097349603109,-0.5113404136686313
,,,,18.30512152777778,-0.1604091274284524,-0.5400943153324027,-0.5347991189936121,-0.4273258476584875,-0.2190273775268905,-0.5376356172155631
,,,,18.31597222222222,-0.1669988688045368,-0.55518361328128,-0.5597996387105034,-0.4395238328842318,-0.225144643715196,-0.5636135724556633
,,,,18.326822916666664,-0.1722462803590466,-0.5697942513930461,-0.5695924357343645,-0.4668977754864167,-0.2320037047096669,-0.582335535298437
,,,,18.33767361111111,-0.1780952404226961,-0.6007715820963063,-0.6062756450343928,-0.4857847830084995,-0.2352299698994034,-0.5946880817430371
,,,,18.348524305555557,-0.1840685013686857,-0.6062758534590494,-0.6145574226360686,-0.4918226975621551,-0.2456117045688196,-0.6088590783432951
,,,,18.359375,-0.1912318540365436,-0.637542925761517,-0.6364590970243412,-0.5085007365367215,-0.2508437666335701,-0.630325131514165
,,,,18.370225694444443,-0.1975669282999828,-0.6618705172713114,-0.6502166487442468,-0.5309084346063936,-0.2639757440490102,-0.6567305503366715
,,,,18.38107638888889,-0.1993531931679791,-0.6778418174048054,-0.6742783510055728,-0.5293589513121761,-0.2708137557061327,-0.6670790344190645
,,,,18.39192708333333,-0.209176306664069,-0.6888208346612893,-0.6900741390244609,-0.5522667946537987,-0.2756487194405154,-0.6895446465043176
,,,,18.40277777777778,-0.2143766142175474,-0.7112356115889938,-0.7038934449310162,-0.5685693060039196,-0.2820128609386467,-0.7118353738571804
,,,,18.41362847222222,-0.2170387838627377,-0.7299546372259567,-0.7239096872918387,-0.58206783994643,-0.2899927360088788,-0.7289705918587266
,,,,18.424479166666664,-0.2230311699210236,-0.7494977989515942,-0.7368774683413504,-0.6003328402409285,-0.2952310582579157,-0.7314495316479823
,,,,18.43532986111111,-0.2275994891244157,-0.7560788162098403,-0.7552605381060169,-0.6026110106205347,-0.3016902805629798,-0.7629699224051046
,,,,18.446180555555557,-0.2342199967038714,-0.7767422275174853,-0.7625497520552554,-0.6190614786573638,-0.3114162195249371,-0.7747577383741058
,,,,18.45703125,-0.2349806092345355,-0.7881358862335202,-0.7829193348837742,-0.6306131901066103,-0.3146249660930253,-0.7857145175789896
,,,,18.467881944444443,-0.2394741619186756,-0.79474842549282,-0.8016307032633893,-0.6411302382549943,-0.3212773368902794,-0.7986012007673272
,,,,18.47873263888889,-0.2450846889793218,-0.8155327544368558,-0.8111411040338573,-0.6485991989481401,-0.3266617697288617,-0.8108481183607636
,,,,18.48958333333333,-0.2477203587872168,-0.8294891502774389,-0.8374514396839008,-0.6663922244271812,-0.334582011488481,-0.8246921884176354
,,,,18.50043402777778,-0.2537954804619299,-0.842941764793056,-0.8465471235216702,-0.6716503324768575,-0.3433326959277571,-0.8439996989722603
,,,,18.51128472222222,-0.2561052237595544,-0.8622020253972527,-0.8577336553309542,-0.6857997271970148,-0.3394481652637961,-0.8540736768878175
,,,,18.522135416666664,-0.2608756766702627,-0.8668217467701395,-0.8645433825001588,-0.6956979492282297,-0.3516433590861242,-0.8738150575812904
,,,,18.53298611111111,-0.2668162966325173,-0.876881206702381,-0.8767811722751213,-0.7079207532326369,-0.3529319079724726,-0.880580250662688
,,,,18.543836805555557,-0.2685684773468954,-0.8910968592724262,-0.8918259232766631,-0.7127509653486399,-0.3581390992816666,-0.8866882895067953
,,,,18.5546875,-0.2733925067917273,-0.9089573062483272,-0.90678751106663,-0.7151284830399703,-0.3630495282319136,-0.9103076087730384
,,,,18.565538194444443,-0.2766209068222576,-0.9150511510954912,-0.9127932638300628,-0.7308922899629372,-0.3686256270194024,-0.912059060695769
,,,,18.57638888888889,-0.277721061146301,-0.9275721044486712,-0.9155286753660308,-0.7412468962592674,-0.3693064019819232,-0.939646936730026
,,,,18.58723958333333,-0.2807836536369621,-0.9350978114881856,-0.9283276940467964,-0.7425668452600268,-0.3715425670877668,-0.9276142934438074
,,,,18.59809027777778,-0.2814639224781429,-0.945465602439276,-0.932907542431573,-0.7460599685329555,-0.376861587459274,-0.94608299446531
,,,,18.60894097222222,-0.2863726973364466,-0.9477615458114388,-0.9524983578393692,-0.752812210497775,-0.3835551284641522,-0.9553256527706092
,,,,18.619791666666664,-0.2893503351883468,-0.9575850483237698,-0.952994705418098,-0.7577901825061713,-0.3839151077193504,-0.9559266226699552
,,,,18.63064236111111,-0.2869082877666463,-0.9688451505857728,-0.9663775824489884,-0.7687881875622881,-0.384907760966644,-0.9631533481733464
,,,,18.641493055555557,-0.2908846782800813,-0.9673580091175448,-0.9690187387884148,-0.7678599524949455,-0.3887393682321633,-0.9808072445038704
,,,,18.65234375,-0.2910009470545928,-0.9775877840256187,-0.9729255063599468,-0.7831949873040975,-0.3898581492836868,-0.9762621842566228
,,,,18.663194444444443,-0.294520338291749,-0.9792154845010894,-0.9882272464588928,-0.7804267482674908,-0.3929242076653241,-0.9760851574237868
,,,,18.67404513888889,-0.2953732387636743,-0.9806244445142748,-0.98748469623707,-0.7850498739509417,-0.3938365217332236,-0.9830348574604056
,,,,18.68489583333333,-0.2957577084434235,-0.9877083662276304,-0.9870077919521468,-0.7908705880317806,-0.3983715966223982,-0.9909670026897696
,,,,18.69574652777778,-0.2974295377155893,-1.0028899795073547,-0.9857595886456202,-0.796653036220501,-0.3980215570491068,-0.9858910887345188
,,,,18.70659722222222,-0.2980698901313494,-0.9904157818549032,-0.9990363240648924,-0.8023531332369361,-0.3978376779164501,-0.990193021189946
,,,,18.717447916666664,-0.2977974836798577,-0.9888704575958308,-0.9980219494613576,-0.7917691347082867,-0.3983779674878485,-0.9959221317867591
,,,,18.72829861111111,-0.2993561396863631,-0.9950196145912784,-1.004787946504589,-0.8011986019516603,-0.4040566883598072,-1.000732721033616
,,,,18.739149305555557,-0.2992529307890036,-1.0059301622561927,-1.003866686715751,-0.8040537441163225,-0.3976905299575833,-1.0016253875667414
,,,,18.75,-0.3006502312623491,-1.0004534436049095,-0.9942806994199268,-0.8050296617780888,-0.3976198162787704,-1.0008391740981168
,,,,18.760850694444443,-0.2994664837694771,-1.0035917998402768,-0.9923999760681672,-0.7950019914034139,-0.4006114251665797,-1.000688698744714
,,,,18.77170138888889,-0.2992998897834714,-1.0012554380699277,-1.000102224366613,-0.7944260928275514,-0.4001509803575127,-0.9951938928390502
,,,,18.78255208333333,-0.299574581983661,-0.9863787735824472,-1.0086192878836393,-0.7975194126011556,-0.3973597115356269,-0.9983699184328731
,,,,18.79340277777778,-0.2993098129496439,-0.9911523434410184,-0.9965061596324633,-0.7933059950940717,-0.399387836478016,-0.9937840566778404
,,,,18.80425347222222,-0.2981295552869473,-1.0019503545518986,-0.995233156920878,-0.7947653638420826,-0.3969670752892301,-0.9861618645865784
,,,,18.815104166666664,-0.2956178773326969,-0.988234469409898,-0.9937873046184842,-0.7926432059156102,-0.3947775943214846,-0.983539101619033
,,,,18.82595486111111,-0.2956476687800634,-0.9910266275888608,-0.9884754690051896,-0.7842821421868154,-0.3929570591574203,-0.9853165435474666
,,,,18.836805555555557,-0.2926664746815764,-0.971537063184708,-0.9828152986144116,-0.7768101212289666,-0.3875953793471173,-0.9842822786400696
,,,,18.84765625,-0.292168266188781,-0.9667141869329856,-0.9872221006670496,-0.7744803326453301,-0.3942951983805421,-0.983135722297816
,,,,18.858506944444443,-0.2920163237047269,-0.9663674772836668,-0.97320724334458,-0.7661260331415405,-0.3879222831973057,-0.9751762150926409
,,,,18.86935763888889,-0.2878470862293364,-0.965193720340883,-0.9631834993577616,-0.7748018257663601,-0.3859293276361589,-0.9543130728994156
,,,,18.88020833333333,-0.2869992956237911,-0.9693597219146142,-0.9658354092909148,-0.7666454522535124,-0.3865370037036425,-0.9614362175497448
,,,,18.89105902777778,-0.286600962955532,-0.9444121684596972,-0.9490426040094408,-0.7597636001386495,-0.3810382171412844,-0.949216390072832
,,,,18.90190972222222,-0.2816486546713348,-0.9367801390581688,-0.9449611787393088,-0.7550673924225717,-0.380303237674793,-0.9423225679166266
,,,,18.912760416666664,-0.2793563924500934,-0.9350313153351156,-0.9332750060821534,-0.7465448297925267,-0.3722790341854691,-0.9288178955479792
,,,,18.92361111111111,-0.2781787059738884,-0.918352831183208,-0.9179611457228168,-0.7354494162100814,-0.372439404381503,-0.9275458562132448
,,,,18.934461805555557,-0.2747868753010966,-0.909572087716553,-0.9123291971246066,-0.7316610446404015,-0.3691519586014732,-0.9125408621201933
,,,,18.9453125,-0.2699438177328683,-0.9076071905501656,-0.9063711778218532,-0.7239742247422981,-0.3627172200375802,-0.9024827540406514
,,,,18.956163194444443,-0.2678232821594208,-0.8890255519770444,-0.8869295528303934,-0.7092199538800874,-0.3584575503516467,-0.8883960490073937
,,,,18.96701388888889,-0.264035468887498,-0.8742518514188733,-0.8791481619515937,-0.697594625152773,-0.3509255352678099,-0.8830644379743293
,,,,18.97786458333333,-0.258959446556527,-0.8598195345983023,-0.8756807104960391,-0.6989696721301583,-0.3473916462963207,-0.870591435340447
,,,,18.98871527777778,-0.2597672871453967,-0.8551028726758331,-0.8634749026282256,-0.6891939984988937,-0.3447245435930189,-0.8629319921778292
,,,,18.99956597222222,-0.2522693893000778,-0.8509834770625004,-0.846064916797442,-0.6820833431276876,-0.3392981805805481,-0.8472243617609878
,,,,19.010416666666664,-0.2473810704918097,-0.8260280453876218,-0.8331214915111941,-0.6630496021889141,-0.3347628990074114,-0.8362138315877049
,,,,19.02126736111111,-0.2473769862893944,-0.8185454876861019,-0.8208937587273826,-0.6587066279548848,-0.3294708752696225,-0.8181316221929209
,,,,19.032118055555557,-0.2414296030455521,-0.8034163807976116,-0.8014419945795483,-0.6443502823387162,-0.7972893487820317,-0.8017014291394846
,,,,19.04296875,-0.2364353190464481,-0.7887018973867408,-0.7865979065852792,-0.6349419538179402,-0.7962642158427548,-0.7832905585600389
,,,,19.053819444444443,-0.2331908991206826,-0.7774696688137769,-0.7630945279758778,-0.6230333618206061,-0.7730845799010604,-0.7745724678759027
,,,,19.06467013888889,-0.2252960068023211,-0.7563952740410522,-0.7569068100481715,-0.6029305272299028,-0.7544805945141755,-0.7548534182401923
,,,,19.07552083333333,-0.2223963635057599,-0.7351017930325126,-0.7464592383121152,-0.593439260263186,-0.7458469761546089,-0.7471242190368845
,,,,19.08637152777778,-0.2180674039975616,-0.7226508894505284,-0.724927101331578,-0.578600238130461,-0.7219504133285961,-0.7245938691222974
,,,,19.09722222222222,-0.2111281038773525,-0.7042877205955775,-0.7082633336700472,-0.5665067599680017,-0.704073548202978,-0.7191570201665122
,,,,19.108072916666664,-0.2063747088742834,-0.681756282008379,-0.6858642885544057,-0.5532906237998984,-0.6940370929649786,-0.6858198194702657
,,,,19.11892361111111,-0.2056431742640227,-0.6633981396542415,-0.6704836111264173,-0.536868790528588,-0.6668100476681927,-0.6781075113476536
,,,,19.129774305555557,-0.1948537501340949,-0.6499403098043726,-0.6615583048460023,-0.5293636353474164,-0.6510797044042321,-0.6579951350558422
,,,,19.140625,-0.1911352269443452,-0.6342480930648298,-0.6370119768566205,-0.514965761860004,-0.6305954578861321,-0.6312714618328247
,,,,19.151475694444443,-0.1868113085654053,-0.6105383745097126,-0.6155094900213887,-0.4892653561665863,-0.611601002230135,-0.6232146911208303
,,,,19.16232638888889,-0.1788527950502285,-0.5900463251796502,-0.600336527266554,-0.4758801590210917,-0.6006631800435365,-0.5862396712248885
,,,,19.17317708333333,-0.1733030111186496,-0.5863493946525188,-0.5708103302110575,-0.4684335119812068,-0.5787230822864042,-0.5710467713551389
,,,,19.18402777777778,-0.165166730487721,-0.5599416666046533,-0.5561916888198946,-0.4500247151533143,-0.5541269348391382,-0.5649003862296582
,,,,19.19487847222222,-0.1586149964374833,-0.5384217215300728,-0.5409710211648097,-0.4287217389566847,-0.5340667157744972,-0.5363961582193423
,,,,19.205729166666664,-0.1535685405489803,-0.5173659805465135,-0.5186995310903519,-0.4106249530472839,-0.5098803008244669,-0.5161821920109859
,,,,19.21657986111111,-0.1477101979298078,-0.497941863853389,-0.4974573633217554,-0.386474059385991,-0.4965343927761431,-0.4951887595129839
,,,,19.227430555555557,-0.1413909430275328,-0.4657902615068522,-0.4741457249145884,-0.3811800223523214,-0.4786011184623319,-0.4748960076533849
,,,,19.23828125,-0.1368247076379681,-0.4520082706387536,-0.4492604359619027,-0.3557066620434712,-0.460881287465006,-0.4480396712764862
,,,,19.249131944444443,-0.1279550487015319,-0.427938967708562,-0.4243665577916214,-0.3438281473917502,-0.4348946353668766,-0.431690097650807
,,,,19.25998263888889,-0.1221856222092325,-0.402511915441803,-0.3995833591628061,-0.3245400554236561,-0.4103299214462094,-0.3967645880061008
,,,,19.27083333333333,-0.1139081376465682,-0.3876309007299136,-0.390096195947703,-0.3061119827669862,-0.3813671445180516,-0.3787602508043025
,,,,19.28168402777778,-0.108060599501603,-0.3516449827255146,-0.3604349828283487,-0.2782565255133412,-0.3739638238458003,-0.3623771154524062
,,,,19.29253472222222,-0.0995353256129562,-0.3435344333315669,-0.3367311580382001,-0.2688146350777992,-0.3350185554235712,-0.3428194118373012
,,,,19.303385416666664,-0.0938350074451632,-0.3141668960303764,-0.3111395582093392,-0.2558853889176551,-0.3072959192974156,-0.3209599877534519
,,,,19.31423611111111,-0.0869799654388045,-0.2923007782450464,-0.2836087708994101,-0.236943268221853,-0.2906383281548401,-0.2964782138097577
,,,,19.325086805555557,-0.0809322604678909,-0.2705210419264611,-0.2619519070222473,-0.2114014236383066,-0.2655940498701327,-0.2735516362243403
,,,,19.3359375,-0.0760925411638416,-0.244278004893873,-0.235486524994441,-0.1916276889533887,-0.2398002408904732,-0.2432747199612397
,,,,19.346788194444443,-0.0642841943681537,-0.2152848165725187,-0.2220282304370167,-0.1791575567645379,-0.2202601374703091,-0.2253166980147327
,,,,19.35763888888889,-0.0583888576072176,-0.2003455610067204,-0.1959340321769015,-0.160690337547629,-0.1942490026540489,-0.2032885671746515
,,,,19.36848958333333,-0.0524538512738389,-0.1743097994876533,-0.1671568994081087,-0.1359987280147429,-0.1726231208723888,-0.1689647689050045
,,,,19.37934027777778,-0.0456012313823451,-0.148805870897243,-0.1427590775510282,-0.1175449225593644,-0.1531780706878794,-0.1454930169008278
,,,,19.39019097222222,-0.0375790129093246,-0.1216333253409094,-0.121792347977619,-0.0968999527760214,-0.1310978107631196,-0.1276117620215273
,,,,19.401041666666664,-0.0296936098680374,-0.1019327609617964,-0.098603127648216,-0.0794855064629586,-0.0995887362070909,-0.0965865431114675
,,,,19.41189236111111,-0.0230050498575637,-0.0748419204234934,-0.0842860681514563,-0.0536241990432038,-0.0782069770793772,-0.0617247499601445
,,,,19.422743055555557,-0.0149882902672857,-0.0540178643095374,-0.0642709403025688,-0.0421108453934588,-0.0366292908162088,-0.048573182594441
,,,,19.43359375,-0.0096494998439438,-0.0280073904352638,-0.028270787931537,-0.0177858411559763,-0.0188654019310576,-0.0145017558026182
,,,,19.444444444444443,-0.0002775718665672,-0.0032365353857896,-0.0012297275168472,-0.0051718568812433,-0.0019804404707403,0.008804538777437
,,,,19.45529513888889,0.0076158077157108,0.023439872037197,0.0227105709700212,0.021652496108639,0.0201572674854034,0.0242233597858084
,,,,19.46614583333333,0.0139216239079882,0.0563882610406484,0.044368812192806,0.040444880767922,0.0451045886950636,0.053051666922946
,,,,19.47699652777778,0.0240173975415428,0.0739816045048782,0.0740418786462565,0.063064339857867,0.0699495205854927,0.074725950009997
,,,,19.48784722222222,0.0294230683273519,0.1002015829461414,0.1046820472274754,0.08226725257371,0.0940844747441269,0.0950336236366892
,,,,19.498697916666664,0.0370727966607945,0.1309926311722609,0.1185033244169842,0.0974215979704706,0.1223897400753064,0.122153596503274
,,,,19.50954861111111,0.0437299374111134,0.1428434726971607,0.1475166795991795,0.1205857214500218,0.1360977575569547,0.1553168057846898
,,,,19.520399305555557,0.0527530426605675,0.1719778987035803,0.1705781919217268,0.1407190076689321,0.1772018461034518,0.1694655316872665
,,,,19.53125,0.0580471298252751,0.1987802982764227,0.1959231182734706,0.1541536373362935,0.1857096564954894,0.195703782966547
,,,,19.542100694444443,0.06674818090826,0.2206474490874533,0.2145593878056289,0.171958587106125,0.2240062888460601,0.2167249870779677
,,,,19.55295138888889,0.0721654440582382,0.2444439943164746,0.246326681758755,0.2031669502809868,0.2396646777329808,0.2316447896479007
,,,,19.56380208333333,0.0824356852929008,0.2700221445297658,0.2729807831748208,0.2111379545534576,0.2688425497534522,0.2701871837850849
,,,,19.57465277777778,0.0896301996211937,0.2938345918200568,0.2942586415671663,0.2272613716572457,0.2895678725643996,0.2922229067892654
,,,,19.58550347222222,0.0948522462890455,0.3114939527912558,0.3090767415484521,0.2478411058898631,0.3107801382423631,0.3224361865662714
,,,,19.596354166666664,0.1012362879748757,0.3359627513350139,0.333785645422245,0.267325233672458,0.3353080145582369,0.3376604233601984
,,,,19.60720486111111,0.1066911062380674,0.3591958001272393,0.3600701806661553,0.2866830745700455,0.3593121932160261,0.3668664730338606
,,,,19.618055555555557,0.1161269509649487,0.3829978658684892,0.3797168267702768,0.3115860257531935,0.3813580166988464,0.3698082675297507
,,,,19.62890625,0.1192591392560056,0.4018991121326207,0.3966899508549,0.3216466590023498,0.4093005320346455,0.4075483816011597
,,,,19.639756944444443,0.1274385800898077,0.4188662775625491,0.4252811906460184,0.3428363876218438,0.4218930253836183,0.4248802049656852
,,,,19.65060763888889,0.135854084796995,0.4489216966261131,0.452571450044482,0.3558904534997614,0.4522729395723037,0.450054282104471
,,,,19.66145833333333,0.1405693745774865,0.478812608649801,0.4617894096119271,0.3751014433841469,0.4615723542347603,0.4636584078077849
,,,,19.67230902777778,0.1482569109048774,0.4959237594959683,0.4832710714670991,0.3948835536931612,0.4925308899262089,0.4903696636900633
,,,,19.68315972222222,0.1552354701959013,0.5212083525519532,0.5132227341629922,0.4107320678477603,0.507063326616746,0.5120036232355739
,,,,19.694010416666664,0.158373491570713,0.5371108498570847,0.5413274547681324,0.4311023009699541,0.5410357095113982,0.533448634941177
,,,,19.70486111111111,0.1661135669777541,0.5545137110980953,0.5516096133811665,0.4477197019404906,0.5543778746846023,0.5607652759680688
,,,,19.715711805555557,0.1725434575973874,0.5805810803703895,0.5733782100821115,0.4675018290574146,0.5776410203389528,0.5772660553903044
,,,,19.7265625,0.1779081660505605,0.5947780286070727,0.5908480375521836,0.4737118110339425,0.5934502627880386,0.5943065763361821
,,,,19.737413194444443,0.1851791832990949,0.617157128996052,0.6256200124390676,0.4911275810847996,0.6122799570082244,0.6147031711499498
,,,,19.74826388888889,0.1926976396357326,0.6389897932771833,0.6357848044803414,0.5067848046025077,0.6368178942966393,0.6335889585291508
,,,,19.75911458333333,0.1955063020743306,0.6572578630326095,0.6482872072700169,0.5232120722270799,0.6506465142314684,0.649644689002759
,,,,19.76996527777778,0.2021868777406741,0.6709329438731336,0.6634605012588554,0.532515961238725,0.6659151947302018,0.6682087174653308
,,,,19.78081597222222,0.2058375585339061,0.6959112191940433,0.6908210624375065,0.5524502175682618,0.6836765417388087,0.6862989338804004
,,,,19.791666666666664,0.2118334058710662,0.7137256553590664,0.7068498082512488,0.5647084541171531,0.6981088113141021,0.7053004117986265
,,,,19.80251736111111,0.2183021804295622,0.7252196011450796,0.7363193557794822,0.5896933153885399,0.7272698845544894,0.7308029995657768
,,,,19.813368055555557,0.2200219876944664,0.7337637304692717,0.7346890830091688,0.5880020575451895,0.7431367824747492,0.7451944212602821
,,,,19.82421875,0.2271502394099286,0.7476833583630396,0.7587450753613325,0.6109191889274466,0.7540427877766446,0.7516761048104624
,,,,19.835069444444443,0.2311075717246725,0.7771065811698711,0.780289882050986,0.6123536002867197,0.7815041159027469,0.7650666195306485
,,,,19.84592013888889,0.236322562310682,0.7969863432152524,0.7820059298537245,0.6306351662952535,0.7917975281354562,0.7909981375567324
,,,,19.85677083333333,0.2435997374156785,0.8051304462377425,0.8125881796849721,0.6473418977069239,0.8019993007109611,0.8067089648014186
,,,,19.86762152777778,0.2483903880323879,0.819886602765238,0.8228692271126586,0.6565131143738848,0.8213880369523265,0.8060972599161609
,,,,19.87847222222222,0.2495441681136073,0.830634052435216,0.8295902152840929,0.667801860834091,0.8334768808645604,0.8303210600409711
,,,,19.889322916666664,0.2547704189085387,0.8461297750303584,0.8450261256253108,0.6822483581867815,0.846713534260157,0.8389061684869178
,,,,19.90017361111111,0.2565164231827342,0.8611372490890109,0.8649585682938518,0.6757068711678116,0.8552285196933826,0.8593389181606607
,,,,19.911024305555557,0.2585903749142986,0.8670917980821962,0.8639808016468434,0.6915730589884896,0.867261920387709,0.8595782838277858
,,,,19.921875,0.2630636597648887,0.88437580664273,0.8876480546578893,0.7009312993096588,0.8807217981021483,0.870184074930468
,,,,19.932725694444443,0.2702831178070594,0.8926919821387018,0.9011176968034014,0.7071727053893405,0.8949003209214563,0.8997420212641621
,,,,19.94357638888889,0.2712591375736028,0.9144015527981992,0.8928603046400966,0.7299188082830579,0.9051816655166756,0.9089071710348964
,,,,19.95442708333333,0.2760140995686609,0.90643403718983,0.9115070121896603,0.729850364295744,0.925015470489782,0.9112893298624776
,,,,19.96527777777778,0.2772259411684742,0.9246484910400986,0.9226895363235637,0.7447720964685268,0.9254336344041224,0.9156236531201412
,,,,19.97612847222222,0.2781877647009496,0.9329378321408028,0.9406979427961166,0.7440384210200516,0.9303377886042904,0.9271860613120804
,,,,19.986979166666664,0.281195864848588,0.9520123862247212,0.9286993920157938,0.7566941516753336,0.9293016043946076,0.9271582690294734
,,,,19.99782986111111,0.28572945465169,0.9575222762802684,0.948179839950409,0.7588823143197746,0.9611823660360134,0.946146609568032
,,,,20.008680555555557,0.2879394480877708,0.9568779488938166,0.9557509949237332,0.7681763127248755,0.9595664081417528,0.9631515222020492
,,,,20.01953125,0.2856689469860738,0.9606370420383676,0.963776659877437,0.7701929149322073,0.9689474016067496,0.9640084820976464
,,,,20.030381944444443,0.2902830221689556,0.9733494178096208,0.9716921157129368,0.7745487631064214,0.974424103574126,0.9639053768818054
,,,,20.04123263888889,0.2929518141812625,0.9814296473574528,0.9741339630502988,0.7785632713959912,0.976880951682232,0.9733513204557888
,,,,20.05208333333333,0.2928101207178252,0.9938101490016736,0.9846707971601516,0.7779616367323194,0.977214438895146,0.9801907503279202
,,,,20.06293402777778,0.2950549093295162,0.9859954776977852,0.9812225515065444,0.7936452694719814,0.990619791204029,0.9830812011857252
,,,,20.07378472222222,0.2965415058067044,0.9920054615264232,0.977613365028678,0.7932807138915172,0.9804335563311664,0.995813633786376
,,,,20.084635416666664,0.2988983486313423,0.9905563793610784,0.9927815259781234,0.7972111997395057,0.9947053332735626,0.995390531065332
,,,,20.09548611111111,0.2973810536666855,1.0018083601327756,0.9859283197450032,0.7900330308858245,0.9989144148210172,0.9900668859387984
,,,,20.106336805555557,0.3001993747112519,0.997778627159676,0.9991792748191678,0.7963644129986295,0.9945906690718174,1.000309754795421
,,,,20.1171875,0.2985843881211515,1.00233805592643,1.004831098576033,0.8005822649673177,1.0013131536088364,0.9946001297810804
,,,,20.128038194444443,0.2988505637352628,0.9989181125436372,0.9925289085788792,0.796752819510445,1.000255657355614,0.9984243713493548
,,,,20.13888888888889,0.2979966254764272,0.9938256909570744,0.9993810246288098,0.7910146834567636,1.0034594445000078,0.9916755894240268
,,,,20.14973958333333,0.3003694902735351,0.9940797294825702,1.0022707000926343,0.7937056259259347,0.9915533175850716,0.995665153459432
,,,,20.16059027777778,0.2986038568153128,0.9988312520198072,1.0000178941722486,0.7964390730560718,0.9977290701515564,0.999913969599431
,,,,20.17144097222222,0.298331737580061,0.9993567983554918,0.9982757885639284,0.7957304693421272,0.9917925090154284,0.9977856271697836
,,,,20.182291666666664,0.2982947081000903,0.9937932181435336,0.998117432082814,0.7923817329940154,1.0003430978069097,0.9944700356816152
,,,,20.19314236111111,0.297856756920129,0.9898214592289782,0.9848015727115752,0.7976160735199378,0.9861481502863878,0.9925573779320076
,,,,20.203993055555557,0.297224074695202,0.9873136990899274,0.993336706521869,0.7993536031672361,0.9873050577585678,0.9878783108444746
,,,,20.21484375,0.2956255448775751,0.9776230681721454,0.9955456032650702,0.7900146972145017,0.9960909714151314,0.9907877884368582
,,,,20.225694444444443,0.2975790645990041,0.9852752783469324,0.9790215930512548,0.7881588175768642,0.9770771716136532,0.9799537636188016
,,,,20.23654513888889,0.2939806390373515,0.9834601144554688,0.9691320984415078,0.7745692395001571,0.9793382529279656,0.97347651331015
,,,,20.24739583333333,0.2902318220144787,0.9806338109713916,0.9668660881998412,0.7754101894509072,0.9742248979954576,0.9730179900100632
,,,,20.25824652777778,0.2881076431910061,0.9673749383969802,0.9604507664550322,0.7667458235073955,0.956530876698186,0.95399276254712
,,,,20.26909722222222,0.2860754720721985,0.9597515225731896,0.958454939526349,0.765663865316365,0.9551805337838564,0.9491404303092276
,,,,20.279947916666664,0.2845382838142721,0.9453527938151446,0.9558313535367898,0.7542760200157324,0.9495423017621536,0.9517296777773568
,,,,20.29079861111111,0.2825988447161264,0.9439617149093622,0.9426241562712422,0.7531590124384925,0.9401385515431212,0.9489874621771625
,,,,20.301649305555557,0.2799237458405859,0.938913878969185,0.922572082313892,0.7473336661608216,0.9213291283537486,0.9263417107812758
,,,,20.3125,0.2783268965830584,0.9177555129377696,0.9170064645050724,0.7345961037330991,0.9161987068441088,0.917944433324281
,,,,20.323350694444443,0.2733319037820446,0.9067046629184832,0.9111500535206573,0.7273625998971675,0.916705820882681,0.9187586810490256
,,,,20.33420138888889,0.2688544948235472,0.894868098234241,0.9043180868155084,0.7192319695338961,0.8974218715670278,0.9043942841763708
,,,,20.34505208333333,0.2666332745276271,0.9012105687783052,0.8879859318933979,0.7179496754775915,0.8967742920314729,0.8946978803266682
,,,,20.35590277777778,0.264281417487991,0.8885590632476982,0.8792369142858848,0.7086173962880632,0.874611204698662,0.8840693040337659
,,,,20.36675347222222,0.2590151409567235,0.8696840439773542,0.8680117890990167,0.6935450171075711,0.8633601184896021,0.8793818636409492
,,,,20.377604166666664,0.2555712998697136,0.8565636933202109,0.8643971320058832,0.6820529916201136,0.8585206898825725,0.8596343464979534
,,,,20.38845486111111,0.2520709577185426,0.8456706233900556,0.8421339055817414,0.6782514925696506,0.8403377110338887,0.8402187734097306
,,,,20.399305555555557,0.250467398676702,0.8299700259130827,0.8348892639952388,0.6609221056065737,0.8318569512114781,0.8330237834424125
,,,,20.41015625,0.243379783251616,0.8239704488117143,0.8158316120585022,0.6506746277386484,0.8157961264383783,0.8210223550899131
,,,,20.421006944444443,0.2408269134125134,0.8039032413669289,0.8038369008050974,0.6374906439185245,0.8022530431270586,0.8047227102286759
,,,,20.43185763888889,0.2369347823360991,0.7853807660525075,0.7855731722307511,0.635491048367443,0.7879139577734657,0.7887239311213692
,,,,20.44270833333333,0.2318256940757086,0.7759140587343873,0.7735091579783749,0.61655877753187,0.7710463546904864,0.7720221143532207
,,,,20.45355902777778,0.2276289295767426,0.760787199779205,0.7645911740352931,0.6105026141689605,0.7520569786011241,0.7501836010325221
,,,,20.46440972222222,0.2230194490761833,0.7376393202928745,0.7375171941906052,0.5953368484415272,0.7475364696825968,0.7395874031371052
,,,,20.475260416666664,0.2202692790966307,0.7221812975478263,0.7205994738351602,0.572183012233145,0.723658600446178,0.726287452744687
,,,,20.48611111111111,0.2100484374803942,0.7033171273991702,0.7184887009214377,0.5667921483483425,0.7010986610393233,0.7139724105706965
,,,,20.496961805555557,0.2039976924343814,0.6987217872838891,0.6948230197687317,0.5558167199350529,0.6861085504070115,0.68519926528008
,,,,20.5078125,0.2017101429854977,0.6842911682608764,0.6692323272901426,0.5355729877664615,0.6646881708342329,0.6666829087296162
,,,,20.518663194444443,0.1973459355788724,0.6616927612177157,0.6502183998388988,0.5278846608264764,0.6516578028287728,0.6416962196622809
,,,,20.52951388888889,0.188873299677146,0.6364258893789168,0.6327162930238581,0.5021731814333691,0.6389181860986771,0.6413404584771695
,,,,20.54036458333333,0.1851503210832291,0.6088247692710496,0.613594757058436,0.4921930307559045,0.6122780429191449,0.6195368505611994
,,,,20.55121527777778,0.1809158445492404,0.5879582789040366,0.598418030856999,0.4711111639697586,0.5983401715033366,0.5961166094270952
,,,,20.56206597222222,0.1736210841249102,0.5752915168083977,0.565844363401104,0.4559404146164043,0.5757444945559366,0.571437126496781
,,,,20.572916666666664,0.165458496402627,0.5531010594677629,0.5552614717482431,0.4409301601218411,0.5543959005585037,0.5490840385939059
,,,,20.58376736111111,0.157903258321802,0.5290643925675823,0.5298863987126503,0.4306370671069874,0.5282806674863804,0.5262902061572802
,,,,20.594618055555557,0.1546240406295532,0.5060796214304819,0.5169380247402552,0.4115993531619528,0.5064034389342766,0.5164766957743248
,,,,20.60546875,0.1467201930539361,0.496481302807404,0.4840533307351279,0.3933962976741992,0.4930878490166316,0.4858200794676501
,,,,20.616319444444443,0.1425769621146755,0.4752986068077818,0.4759411608764651,0.3818561204616822,0.4675551798232459,0.4724135622010458
,,,,20.62717013888889,0.1333493453399753,0.4483894605902694,0.4601696616302779,0.3576190853996215,0.4516041399024584,0.4415854502133294
,,,,20.63802083333333,0.1298105287287199,0.4320106379546422,0.4284507134925888,0.3398910888863708,0.4254200403556006,0.4166082493187514
,,,,20.64887152777778,0.1225848917126144,0.4025332448196057,0.393047884762871,0.3243937979475848,0.4062740680802618,0.3969606090716905
,,,,20.65972222222222,0.1134710509256782,0.3850151582713468,0.3797044715191485,0.3017291275681182,0.3931411207243137,0.3739315141632749
,,,,20.670572916666664,0.1086224824993621,0.3614153216851336,0.3584605465498616,0.2858252813468511,0.3532739635230065,0.353011811275163
,,,,20.68142361111111,0.0984586398590291,0.3399228696229547,0.3306591219458161,0.2778167768123509,0.3427272115944402,0.343025507171953
,,,,20.692274305555557,0.091529716017674,0.3154852602350408,0.3205073691293507,0.2512139688026302,0.3187138497587015,0.3138133411151513
,,,,20.703125,0.0863028889674694,0.2957755109852218,0.2900102549203153,0.2278151453049118,0.2931342589518461,0.2871456117205412
,,,,20.713975694444443,0.0807770718175824,0.2657265661139282,0.2647673016203902,0.2161026423011007,0.2698806687956437,0.2583830474692911
,,,,20.72482638888889,0.0724832834007262,0.2435521022550652,0.2510395472523074,0.1875112459399868,0.2462050564576308,0.2406562330569266
,,,,20.73567708333333,0.06598773341751,0.206419161816809,0.2262942595093895,0.1726851432886652,0.2222348450861396,0.2127731785090769
,,,,20.74652777777778,0.0597783658581653,0.1988686296447594,0.1924101208022816,0.1556423642138982,0.195210614905718,0.1978986390464779
,,,,20.75737847222222,0.0538595913283077,0.1735013881146948,0.1777705297787148,0.1383550072127307,0.1757809441767246,0.167713094600377
,,,,20.768229166666664,0.0419039359146568,0.148379595672226,0.1506150023848992,0.1210416386697587,0.1478428165707006,0.1410909763240487
,,,,20.77907986111111,0.0361315098169566,0.1257093039956853,0.1241972914321574,0.1009342625226288,0.1185988799484731,0.1236457254022215
,,,,20.789930555555557,0.0295336120927014,0.0976906763730468,0.1029513039326412,0.0726547185279384,0.1059675517508249,0.1073331727326872
,,,,20.80078125,0.0217922440406709,0.0739176118462652,0.0782150820710012,0.057375458322555,0.0596704719715491,0.0796552831650208
,,,,20.811631944444443,0.0140085968046032,0.0560519703974949,0.0540544771556467,0.0394792171477117,0.0524144846398907,0.0634383622442959
,,,,20.82248263888889,0.008646715275748,0.0263346381531311,0.0252603994416337,0.0216966323803525,0.0197045245930817,0.023779892027847
,,,,20.83333333333333,-0.0010622026933645,0.0045191365752677,0.0104787500317708,0.0015385035153242,-0.0005584255815296,-0.0050555553548862
,,,,20.84418402777778,-0.0045112014277607,-0.0179432424171757,-0.0365714308481552,-0.014947518271157,-0.0265275722289802,-0.0284707404673513
,,,,20.85503472222222,-0.0152139645722076,-0.0531990161240506,-0.0498672532153177,-0.0401839436557363,-0.0508693968035651,-0.0357099058686577
,,,,20.865885416666664,-0.0195338690073458,-0.0684216227321111,-0.0818101946336228,-0.0589921874015811,-0.0752543372431822,-0.0786506585843381
,,,,20.87673611111111,-0.0263918899856485,-0.0938351156109781,-0.0879198181612663,-0.0892290704375515,-0.0936808920176025,-0.0899174323627108
,,,,20.887586805555557,-0.0357664693642933,-0.1236845404010039,-0.1140305656468309,-0.0997886658368899,-0.1282202713727389,-0.1270717448840268
,,,,20.8984375,-0.0435629662725501,-0.1421289336229626,-0.142874932923796,-0.126302101268788,-0.1529202108447277,-0.1485186551305693
,,,,20.909288194444443,-0.0529696061156976,-0.1712310726932475,-0.1716275580842127,-0.1383097744624387,-0.1683002006345731,-0.169052888140265
,,,,20.92013888888889,-0.0610466510359317,-0.1947575504449473,-0.187856398725813,-0.1542838039309615,-0.2010408865132283,-0.2037526147552281
,,,,20.93098958333333,-0.0665756340036277,-0.2189091575002539,-0.2240577778041469,-0.1800570080046759,-0.2176581960860581,-0.2253591666984037
,,,,20.94184027777778,-0.0723059441765104,-0.2510059812872541,-0.2480136295983974,-0.1992354698127758,-0.242306597991613,-0.2315628900016655
,,,,20.95269097222222,-0.0810861442952094,-0.2713337792481798,-0.2678329045858946,-0.2193047988852677,-0.256103234547041,-0.2749679228482764
,,,,20.963541666666664,-0.0853338125842313,-0.2865900124173439,-0.2952658543180622,-0.234826551554366,-0.2851849435577174,-0.2915269923734544
,,,,20.97439236111111,-0.0928400084687822,-0.3111838031466062,-0.3132519417143393,-0.2513112490541776,-0.3196231752142263,-0.3196701481752059
,,,,20.985243055555557,-0.1000295949852134,-0.3419035609018581,-0.3488151011484105,-0.2707316727709354,-0.3299893096351017,-0.3326082483302021
,,,,20.99609375,-0.1101153450119318,-0.364651578716274,-0.3588498955589929,-0.2893763617495938,-0.3670996565970972,-0.363561468808558
,,,,21.006944444444443,-0.1164072436939366,-0.3801872406287373,-0.3827753371135266,-0.3116088633658217,-0.3805956880385113,-0.3873855764032784
,,,,21.01779513888889,-0.1208810846218557,-0.4045962810381489,-0.4053675225038336,-0.3289370427204907,-0.4035695651894884,-0.4041812188577158
,,,,21.02864583333333,-0.1285513114570505,-0.4204691966891229,-0.4201980982335805,-0.3320715908450489,-0.4290322630797197,-0.4231529518673406
,,,,21.03949652777778,-0.1362119317478376,-0.4504279422661387,-0.4443811561474916,-0.3658195857528679,-0.4474656158055824,-0.4523165181934099
,,,,21.05034722222222,-0.1395522726318687,-0.467595413692866,-0.4736826778461393,-0.3733285639775286,-0.4813591263634495,-0.4679449638731464
,,,,21.061197916666664,-0.1490578933427919,-0.4883705459197838,-0.4845799994894315,-0.3974554237104712,-0.5005742394109519,-0.4877551364568365
,,,,21.07204861111111,-0.1535554724218098,-0.5086214371915773,-0.5233734131815343,-0.4116353790690387,-0.5150969334752873,-0.5139198886046721
,,,,21.082899305555557,-0.1590303945259944,-0.5344530156524226,-0.538432424276657,-0.429796909818223,-0.532457969972803,-0.5309508923464732
,,,,21.09375,-0.1643943927799951,-0.5558726434863624,-0.5552543055171142,-0.4410454844896591,-0.5584783908764192,-0.5530994088530419
,,,,21.104600694444443,-0.1714854041344282,-0.5725140298749993,-0.5791438846690594,-0.4552272400786911,-0.578279471643711,-0.5718660105710582
,,,,21.11545138888889,-0.1790774105494927,-0.5950276042186985,-0.5940317940146653,-0.4754128042109067,-0.6103592754914822,-0.587830579845552
,,,,21.12630208333333,-0.1838608096086257,-0.6074604934074211,-0.6215488964632874,-0.4859223610604289,-0.61030020583888,-0.6103145709339708
,,,,21.13715277777778,-0.1908926003801448,-0.6268629823694121,-0.6340105874868481,-0.5062766872437386,-0.6207471936215222,-0.6412704132427488
,,,,21.14800347222222,-0.1987336387061138,-0.6498017374185455,-0.656470444822096,-0.5271657732169096,-0.6492315610567542,-0.6484912031931427
,,,,21.158854166666664,-0.2004008126072489,-0.6715398503567758,-0.6712274068854112,-0.5404056885285458,-0.6682391170283014,-0.6747944276112574
,,,,21.16970486111111,-0.207614994506757,-0.6871215744140787,-0.6923047323672008,-0.5515095489401513,-0.687725754752917,-0.6900635596858282
,,,,21.180555555555557,-0.2128609835805006,-0.696220838008022,-0.7109338916995491,-0.5683236764266304,-0.7053310747850033,-0.7046786009518688
,,,,21.19140625,-0.2186759638493495,-0.7282556755732715,-0.7249043129119336,-0.5694659557093192,-0.7269393712984901,-0.7278169341978626
,,,,21.202256944444443,-0.2225437336144877,-0.7408344560783624,-0.7423857829085665,-0.5903829842261015,-0.7399948389877342,-0.7451319407514362
,,,,21.21310763888889,-0.2270222398165117,-0.7632856558433427,-0.7513915145402912,-0.612488953518722,-0.7563579081034314,-0.7533334122893804
,,,,21.22395833333333,-0.2318506129298295,-0.7797084213791108,-0.7732344499236489,-0.6187035037283346,-0.780634589396595,-0.7682057812351454
,,,,21.23480902777778,-0.2358526097501892,-0.7885921049346766,-0.7936344564946228,-0.6327048208699828,-0.7882122583804467,-0.7984088732372813
,,,,21.24565972222222,-0.2410981214983057,-0.8078744400676251,-0.8057057411217339,-0.6406454283555666,-0.800023651626843,-0.8068005386191509
,,,,21.256510416666664,-0.2465271109847599,-0.8140899985659256,-0.8166835322810803,-0.6564679782615664,-0.8168254782543259,-0.8169786852164493
,,,,21.26736111111111,-0.2526079904624794,-0.835641841042171,-0.8340496602673722,-0.6617171954846738,-0.8343948611886658,-0.8305142091975597
,,,,21.278211805555557,-0.2523612144380126,-0.8480987409898111,-0.8486128494168612,-0.6767098131943287,-0.8393154667578503,-0.8376489386673627
,,,,21.2890625,-0.2567373813260726,-0.850055785289182,-0.8584818799347376,-0.6868159398706326,-0.8635745353117772,-0.8624256806196883
,,,,21.299913194444443,-0.2595015051392439,-0.86869811117847,-0.8737307170575144,-0.6925063468866903,-0.8701183781036096,-0.8678093296250698
,,,,21.31076388888889,-0.2626167693989076,-0.8874351635828666,-0.8748277648168075,-0.7051124006482822,-0.891677351207477,-0.8855736209708406
,,,,21.32161458333333,-0.2685571869444727,-0.8931049984533505,-0.8928169492760939,-0.7127407915621391,-0.8906480974124745,-0.8979963981062986
,,,,21.33246527777778,-0.2699596954697194,-0.9079109910374642,-0.906116784968712,-0.724856340104072,-0.9039659537596064,-0.9021070162933578
,,,,21.34331597222222,-0.2756973743122475,-0.9172466759032414,-0.9126154040251472,-0.7334333497262107,-0.9101645945061756,-0.9206560940195424
,,,,21.354166666666664,-0.2792870926852147,-0.92675469540831,-0.9295539388403492,-0.7422351650777524,-0.920608883644564,-0.9302631716201863
,,,,21.36501736111111,-0.2810661698581532,-0.9236672953661972,-0.943393254127142,-0.7368594074019188,-0.9271302900453124,-0.928111970294352
,,,,21.375868055555557,-0.2825983889960542,-0.9428278275950353,-0.9477478771909452,-0.7623827206647236,-0.9453545375518204,-0.940497726411698
,,,,21.38671875,-0.287163969954843,-0.9416291269307824,-0.9470723043413708,-0.7600075253040509,-0.95299841471967,-0.9488846762530408
,,,,21.397569444444443,-0.2853084712676444,-0.9499751335528288,-0.9580052964321498,-0.7700688659276812,-0.9629736596106012,-0.955687684364
,,,,21.40842013888889,-0.2886089927008868,-0.9665197651726416,-0.961465131892181,-0.7697052684792949,-0.9611259926134298,-0.9651124945143208
,,,,21.41927083333333,-0.2898466290432516,-0.96713270792476,-0.9657819812756592,-0.7808969080916704,-0.97054230441485,-0.95963213904161
,,,,21.43012152777778,-0.2909276005769957,-0.9841084377087967,-0.9806278977992402,-0.7791101835357943,-0.9736423975624414,-0.9762589249689434
,,,,21.44097222222222,-0.2955976446784081,-0.9835719539048192,-0.98689235291678,-0.783538419673341,-0.9819881989582266,-0.9805166954498904
,,,,21.451822916666664,-0.294231921370534,-0.97870371672702,-0.9828841497944144,-0.7949764483479174,-0.9821397758687812,-0.9866774006667586
,,,,21.46267361111111,-0.2977230400432966,-0.9846268457900592,-0.9886412579570022,-0.7920650374423478,-0.9942839409919012,-0.9898889213551576
,,,,21.473524305555557,-0.2969781478073605,-0.9937104098115336,-0.9915256237337284,-0.7966481008937971,-1.0042541101898514,-0.9872429358072612
,,,,21.484375,-0.3000991013305663,-1.000131779674033,-0.9886102205530036,-0.7951754331249247,-1.002799227648713,-0.987477547628648
,,,,21.495225694444443,-0.3012978730729118,-1.0016487602173754,-0.9926865964593182,-0.7986277789978287,-0.99790806814802,-0.999755843044296
,,,,21.50607638888889,-0.3011608029623543,-0.99624346804566,-1.0047976523621116,-0.8014534887997773,-0.9963738736748454,-1.000570602515119
,,,,21.51692708333333,-0.3001704993529711,-0.9967177682789664,-1.0006705749724956,-0.7956666350916909,-0.994334175989768,-0.9970516318499676
,,,,21.52777777777778,-0.302410380079031,-0.9932940421790484,-0.9907066231824656,-0.7916921911480985,-1.007600747020089,-1.0005164613892052
,,,,21.53862847222222,-0.3010403217687875,-0.9929707555246496,-0.9919533945990116,-0.8046122625133965,-1.0034367450590516,-0.9957487023774444
,,,,21.549479166666664,-0.2999298782827709,-0.99739124410142,-1.0009861561217483,-0.792722027751605,-1.0052195381133266,-0.9997365331815664
,,,,21.56032986111111,-0.295542378372538,-0.9985892715497712,-0.9974260902399288,-0.8013436851732193,-1.00612945906384,-1.001980957547443
,,,,21.571180555555557,-0.2981105748098007,-1.0058101008640177,-0.9905305415575388,-0.7954045260435301,-0.9940454185578178,-0.982778373420962
,,,,21.58203125,-0.2983932947238293,-0.9853878169462302,-0.9955882048843412,-0.7913759156970812,-0.9975124364313398,-0.9900298414766776
,,,,21.592881944444443,-0.2956854488468267,-0.9825973515844372,-0.984407901621244,-0.7964072089366493,-0.9931387741307928,-0.9962855711062156
,,,,21.60373263888889,-0.294376427960089,-0.986994312992763,-0.9841743687042662,-0.7923922834131062,-0.9764218035263604,-0.9938398409407462
,,,,21.61458333333333,-0.2941498331447796,-0.9927706192865206,-0.972252952554284,-0.7865614393858698,-0.9857037935922032,-0.9766475991106278
,,,,21.62543402777778,-0.294119810778593,-0.9781148102615476,-0.9767090624262192,-0.7788662721434387,-0.9796744844379834,-0.9872334845260148
,,,,21.63628472222222,-0.2901524567384398,-0.9744403532463458,-0.9744717859458984,-0.7705834096065106,-0.9743409898645062,-0.9724692022879836
,,,,21.647135416666664,-0.2900377453602633,-0.9632155958454012,-0.9592063852720778,-0.7687129183672798,-0.9672726630604436,-0.9668650007576358
,,,,21.65798611111111,-0.2881115250035782,-0.9627251493813666,-0.9499777590746062,-0.7645445832125528,-0.9485854310273896,-0.954670073645902
,,,,21.668836805555557,-0.284091560482514,-0.950265807824042,-0.94897627990988,-0.7606552285793002,-0.947523535850328,-0.9575710361285462
,,,,21.6796875,-0.2835361697566296,-0.9420292151541576,-0.9467127797118468,-0.7503521397975117,-0.942022286675741,-0.9352310013264588
,,,,21.690538194444443,-0.2810220614450627,-0.9427673345520156,-0.9338009630130508,-0.7449994334463556,-0.9298846239281754,-0.9320911860820448
,,,,21.70138888888889,-0.2755903094264463,-0.925115930810246,-0.92594837657002,-0.743255040301908,-0.9276509942799888,-0.9344809881209118
,,,,21.71223958333333,-0.2771399298810373,-0.923699477159578,-0.9071696822276948,-0.7247466658942701,-0.907806430013576,-0.9117974668112993
,,,,21.72309027777778,-0.2684509171440493,-0.910438082807866,-0.9069988809106008,-0.7173659860416995,-0.8905693236909795,-0.9007109859010225
,,,,21.73394097222222,-0.2706302820148856,-0.898074830975256,-0.9051281901446208,-0.7089882899309812,-0.8928537972653233,-0.8879991346080771
,,,,21.744791666666664,-0.2628153563752207,-0.8745806506593916,-0.8792163381195013,-0.7025969544396555,-0.8853419364904488,-0.8884920868175207
,,,,21.75564236111111,-0.2602527085825488,-0.8692840009577367,-0.8777079659954934,-0.6912486334854211,-0.8618732053126578,-0.8706206247256675
,,,,21.766493055555557,-0.2577317108981213,-0.849728115690691,-0.8631833908190502,-0.6898970134216824,-0.8624544006373703,-0.865655704876716
,,,,21.77734375,-0.2544986567260499,-0.8516848420657086,-0.8454316226729535,-0.6747598941190557,-0.8469746306436279,-0.8505155357248154
,,,,21.788194444444443,-0.2512468023549989,-0.8229958989537868,-0.8255428380903932,-0.6609252041132146,-0.8255218866776349,-0.8296260715713608
,,,,21.79904513888889,-0.2438665810641705,-0.8148458483075076,-0.8145932177195977,-0.6501831044210764,-0.8159833321490958,-0.8137995461784208
,,,,21.80989583333333,-0.2397835297289365,-0.8013557440777055,-0.7998630981489977,-0.648393896552202,-0.7981337219099468,-0.7986504287247114
,,,,21.82074652777778,-0.2358506556244195,-0.7898108326973028,-0.7861633591833103,-0.635897034715981,-0.8017501833803052,-0.7864214844499008
,,,,21.83159722222222,-0.2351131591522154,-0.7722402447685927,-0.7756610667833159,-0.6142964692786279,-0.7795465304099544,-0.7692818919135426
,,,,21.842447916666664,-0.2255623809512072,-0.7560856717286457,-0.7640557201699293,-0.6090044698355142,-0.75286168250504,-0.7665363214530208
,,,,21.85329861111111,-0.2198594469514427,-0.7499633981454474,-0.7521147649212919,-0.5922933259085287,-0.7404200565261987,-0.7518095500019648
,,,,21.864149305555557,-0.2171744921163015,-0.7232800408023715,-0.7302692314959964,-0.581501998913648,-0.7213067993830484,-0.7231716588098607
,,,,21.875,-0.2128847835506877,-0.7141439025643895,-0.7102752862980324,-0.5666466480533328,-0.7062461169355144,-0.7017810329878509
,,,,21.885850694444443,-0.2047509550925234,-0.6973813447428916,-0.6950068716358613,-0.5538795206531486,-0.6852218707620648,-0.6958434042395671
,,,,21.89670138888889,-0.2010253436148271,-0.671615639027847,-0.6772085255821613,-0.5402408769871142,-0.6706275594574975,-0.6636237999094673
,,,,21.90755208333333,-0.19766966957351,-0.6577912859629215,-0.6496527016874049,-0.5153199640035389,-0.6515302464849694,-0.6484137319171215
,,,,21.91840277777778,-0.1868221307148629,-0.627626847535864,-0.6378997077766297,-0.5085808396773117,-0.6380266183129527,-0.6316692529742346
,,,,21.92925347222222,-0.1817769198160665,-0.6208353538048863,-0.6166995395173156,-0.492425265306186,-0.6050430249169928,-0.622798921352604
,,,,21.940104166666664,-0.178481929502725,-0.5978265968099314,-0.5946350634393536,-0.475535046190068,-0.5996982555350918,-0.5943463109477272
,,,,21.95095486111111,-0.1732416107541219,-0.572287642127842,-0.5749044255612136,-0.4602924252639083,-0.5768773530273724,-0.5752155890283494
,,,,21.961805555555557,-0.1648434401945343,-0.5447572463438803,-0.5514089190364972,-0.44380016502124,-0.5504040747168042,-0.5518587325538219
,,,,21.97265625,-0.1615445672974483,-0.5390092995711226,-0.5377449329708629,-0.4266577268029041,-0.5336460498316267,-0.5358548595054956
,,,,21.983506944444443,-0.1540408625211961,-0.5170617811632815,-0.5218746410828238,-0.4096529656560395,-0.5120352038807442,-0.5104462720173942
,,,,21.99435763888889,-0.1480699427336792,-0.4866092419334615,-0.4976940735050945,-0.3865321400707042,-0.4947803596420038,-0.4910729527275318
,,,,22.00520833333333,-0.1425815021743358,-0.4764441007095964,-0.4717325141726017,-0.3748050278074055,-0.466211133539517,-0.4801198998618822
,,,,22.01605902777778,-0.1348868212712474,-0.463576093405923,-0.4463608825014464,-0.3549024557624771,-0.4458126814890022,-0.4553004482783779
,,,,22.02690972222222,-0.1304809313769889,-0.4271794641405226,-0.423302501059919,-0.3357935897091715,-0.4288399159143487,-0.4181530396421155
,,,,22.037760416666664,-0.1219335112584158,-0.4073010461835769,-0.4039005239261472,-0.3323602750747754,-0.3994504712025089,-0.4172456898163722
,,,,22.04861111111111,-0.1127129335162357,-0.383960188024055,-0.3821591430089822,-0.3085529732787607,-0.3932480360757494,-0.377244779888307
,,,,22.059461805555557,-0.1063902661274543,-0.3583121803142828,-0.3699720019417499,-0.2876558395978443,-0.354940852799152,-0.3568687308369507
,,,,22.0703125,-0.0974349244253565,-0.3446044422992195,-0.3362713472728948,-0.2685275418150172,-0.3432242958114246,-0.3297626790236497
,,,,22.081163194444443,-0.0920117420376752,-0.3138571376167605,-0.3137898212222111,-0.2490134165436228,-0.301565048354211,-0.3119638812075478
,,,,22.09201388888889,-0.0884185870719056,-0.2932861301362851,-0.2823655867607023,-0.2278173375790779,-0.2898122843903531,-0.2925574984384559
,,,,22.10286458333333,-0.0777655491462434,-0.2809423530952028,-0.2669794803032605,-0.2249637652350007,-0.2651011210172667,-0.263018387399993
,,,,22.11371527777778,-0.0710746609801906,-0.2473878858412612,-0.244457779770124,-0.1905232344231949,-0.2436504428637644,-0.2477766398648979
,,,,22.12456597222222,-0.0668135772336157,-0.2171749284568337,-0.2182248074003221,-0.1722432665371131,-0.216567802759477,-0.2151017155343849
,,,,22.135416666666664,-0.0583162748467275,-0.1941328035571519,-0.2029713944789328,-0.16618169277799,-0.1914070747828015,-0.1969740653937069
,,,,22.14626736111111,-0.0536868879835035,-0.1746189314429469,-0.1640021839170223,-0.135945315203541,-0.1716841995836364,-0.1685613447403883
,,,,22.157118055555557,-0.0458404264389399,-0.1488587527853314,-0.1511833409167401,-0.1143755585024371,-0.151897325610271,-0.1491326862217949
,,,,22.16796875,-0.0362708773692721,-0.1261313612373811,-0.1157366437641879,-0.0954293877809878,-0.1202482143553875,-0.1233343242727539
,,,,22.178819444444443,-0.0304300470416448,-0.1051630137720244,-0.0971682227097262,-0.0820161977442251,-0.0850410796694435,-0.0994564363313011
,,,,22.18967013888889,-0.0249328697629522,-0.0717336612980501,-0.0752794964947541,-0.0593226446613993,-0.0729596831638248,-0.0801295378938626
,,,,22.20052083333333,-0.0151867582537647,-0.0510608510602726,-0.0504544950154548,-0.0381107102084013,-0.0521775419110176,-0.0457898123611798
,,,,22.21137152777778,-0.0071312236480051,-0.0216353394457224,-0.0245064848514334,-0.0187659055452981,-0.0290002171492284,-0.023876235894907
,,,,22.22222222222222,0.0010786734815011,0.0032091648597609,-0.0040501081018742,-0.0033790039977562,0.0029882738957025,0.0016344425762402
,,,,22.233072916666664,0.0107046176992326,0.0238516513779818,0.0255254366865237,0.0238460667147002,0.0314009138944993,0.0315396055813386
,,,,22.24392361111111,0.0164991217165765,0.0393572450250352,0.0457674070673989,0.0416856912613847,0.0457324158422111,0.0486350405674601
,,,,22.254774305555557,0.0228185518866557,0.0804977075120719,0.0815289147352089,0.0609683548021579,0.0727968116183798,0.0741459392118345
,,,,22.265625,0.0275849876491454,0.0944267531375116,0.100102242526351,0.0795020532045874,0.0908715296641809,0.0905933491173938
,,,,22.276475694444443,0.03864011119655,0.1266107451161507,0.1293377355653451,0.0990587372611125,0.122366536579979,0.1285171676091147
,,,,22.28732638888889,0.0477386782401938,0.1459077651558497,0.1426405025625102,0.1156760995767082,0.1491493581387468,0.1436286868306003
,,,,22.29817708333333,0.0521958936054531,0.1668946424852643,0.1637301168423642,0.1286852213556234,0.1738995620625564,0.168587149110692
,,,,22.30902777777778,0.0602265084550393,0.1922582746481515,0.1957484603302934,0.1554830026076534,0.199440936746667,0.1965055953307737
,,,,22.31987847222222,0.0637328315510901,0.2238059872892655,0.2196239650002916,0.1763895719879225,0.2148285486304193,0.2195451331109612
,,,,22.330729166666664,0.0712690340681237,0.2456679942692944,0.2452692101003848,0.1917482696244155,0.2397231905069846,0.2421199587881927
,,,,22.34157986111111,0.0799295217622014,0.2727684368603557,0.2693933992678681,0.2156477323550352,0.2670831301056813,0.2681919006550777
,,,,22.352430555555557,0.0858623644724792,0.2863415092519772,0.2898419619043578,0.2392184909042454,0.2907122115715406,0.2878106887411514
,,,,22.36328125,0.097394555451187,0.312453329882731,0.3122933289634182,0.2468027833001712,0.3142526389748816,0.3073830865232657
,,,,22.374131944444443,0.0995121271785753,0.3279801210935266,0.3353407166720467,0.2763441977973361,0.3402017728503879,0.3377514009874756
,,,,22.38498263888889,0.106700636902341,0.3654106972212357,0.3633625090017733,0.2856163749095294,0.357581557486485,0.3621286587107747
,,,,22.39583333333333,0.1137303315491856,0.3833991083656141,0.3823659040755865,0.3042490270340183,0.3869219257032422,0.3881548846277741
,,,,22.40668402777778,0.1219572262398992,0.4076560725664522,0.4040632307584498,0.3299153607815421,0.4095963072243804,0.4101821997097012
,,,,22.41753472222222,0.1264631219041911,0.4346291986519228,0.4325540913202524,0.3405122537463005,0.4272868112025895,0.4288530355033434
,,,,22.428385416666664,0.1375760458069687,0.4441140514683475,0.4418400498548591,0.3580658557091145,0.4506840196960728,0.4530710189776928
,,,,22.43923611111111,0.1438020226082383,0.4719601532148287,0.4720537927489623,0.3747784031511941,0.4744796001119074,0.4660644488113628
,,,,22.450086805555557,0.1520344634144158,0.4940608886859614,0.4908010761820514,0.3948149765533635,0.4961811213429176,0.4911219188607565
,,,,22.4609375,0.1518918510717121,0.5167689223392955,0.5153926496397959,0.4121946463722439,0.5119904855728908,0.5210439914679055
,,,,22.471788194444443,0.1588223202925328,0.5366366342658953,0.534101469554799,0.4247562311823357,0.5285757211724539,0.536560185052662
,,,,22.48263888888889,0.1633892303095257,0.554827182977917,0.5582395935390964,0.4493161777163979,0.5552362422143244,0.5549500821671667
,,,,22.49348958333333,0.1742265467456012,0.5838895002923342,0.5701746726634753,0.4664081044079096,0.5742836663717363,0.5702092129040206
,,,,22.50434027777778,0.180541951622245,0.5899945369406121,0.5941490415655392,0.4753536303545082,0.5880402177242677,0.6012012163494828
,,,,22.51519097222222,0.1848266698305415,0.608117819376451,0.6100891254313587,0.4978761044164321,0.6132674932031795,0.6258812443107689
,,,,22.526041666666664,0.1911896420370794,0.6340727621000846,0.6361647069335346,0.5065165892017226,0.6444674767076297,0.635035433541312
,,,,22.53689236111111,0.1973773744887066,0.6608666795439886,0.6493723750659499,0.5318091093826046,0.6584136274753534,0.6481127844079737
,,,,22.547743055555557,0.1999589188395507,0.678049147110829,0.6755211026911622,0.5377499144670173,0.6796339021671091,0.6717535055527066
,,,,22.55859375,0.2074420640365064,0.6924695393073479,0.6932221568576775,0.561022015776583,0.6881091206546367,0.6855255497107103
,,,,22.569444444444443,0.2143985453143879,0.7041556603719172,0.7086406062494048,0.5636906484734658,0.7082551170323521,0.7027192182228279
,,,,22.58029513888889,0.2206251572995997,0.7367528331104538,0.7195785682026324,0.5872659293356531,0.7232992365038139,0.7188940198853238
,,,,22.59114583333333,0.2208280410737696,0.7397246002258512,0.742477322161061,0.5933927107123841,0.7401036101685345,0.7446811168908495
,,,,22.60199652777778,0.2290526936027901,0.7609505493352203,0.753188279971354,0.6124252519107829,0.7556778855056863,0.7481918465499295
,,,,22.61284722222222,0.2304445767321984,0.768731263456314,0.7676719587572574,0.6163985788655403,0.7675642472322656,0.7711551250733087
,,,,22.623697916666664,0.2349476781734761,0.7924103099045543,0.7870734773063499,0.6352609986108028,0.7848590183896059,0.7807798042870672
,,,,22.63454861111111,0.2420258805969055,0.8066125341728612,0.8001688351508621,0.6475785400010307,0.7973505203108301,0.806562689895855
,,,,22.645399305555557,0.2468576348984919,0.8219101948045637,0.823699889645498,0.6480494573332125,0.8139346292613353,0.8131866399758498
,,,,22.65625,0.2502907635791447,0.8280403273396633,0.8297858424010081,0.6698796453904414,0.8417033718938697,0.8348864426974123
,,,,22.667100694444443,0.255111037737324,0.8486382334782486,0.8468802455589733,0.6763434508001043,0.8479899855430048,0.8505251967832752
,,,,22.67795138888889,0.2581085222291554,0.855848673893597,0.8548847078558851,0.6862210229504185,0.8615364375412087,0.866749613612526
,,,,22.68880208333333,0.263712812172947,0.8825808311434794,0.8715293602705638,0.6884328557152548,0.8713661892307414,0.8783864175870123
,,,,22.69965277777778,0.2654056025633825,0.8917375115282871,0.8820994728252318,0.7072942356125934,0.8871181798151633,0.8810645155026761
,,,,22.71050347222222,0.2679998954195663,0.8927665881039899,0.8945779010031788,0.712569629877414,0.890585481817824,0.8955666725806053
,,,,22.721354166666664,0.2719136034885748,0.9083709929337108,0.898080053626972,0.7229912314922022,0.9022299309094154,0.902200748429297
,,,,22.73220486111111,0.2728978392933279,0.912740808778874,0.9150601558310654,0.7404047330777961,0.9140276161759217,0.9100633010375704
,,,,22.743055555555557,0.2747455552136459,0.9234767851827832,0.9249140586147806,0.7332922217062001,0.9311433653927716,0.9225865787807804
,,,,22.75390625,0.280810521238041,0.938017500684866,0.9377954278039652,0.7388769416172363,0.928713334061842,0.9337386030468796
,,,,22.764756944444443,0.2818966816738935,0.9379558859388678,0.9447132167272588,0.7564542100631955,0.94196813689064,0.934256893837759
,,,,22.77560763888889,0.2852295463062305,0.9480225608496368,0.9403173904086032,0.7582733503841546,0.9467968440627356,0.9485113557899796
,,,,22.78645833333333,0.2860420069420151,0.9608517052078984,0.9526865928506268,0.7698556143946449,0.966537115306441,0.9583700390352088
,,,,22.79730902777778,0.286991429673604,0.9607494257794592,0.968478308147627,0.7759041957819284,0.97364614625121,0.9699234482401132
,,,,22.80815972222222,0.2916905462435819,0.967300643992131,0.9736295978619276,0.7752553867961796,0.977482214151871,0.9768796158185902
,,,,22.819010416666664,0.2912103451647463,0.969732663490396,0.9760255714522584,0.7773801611779647,0.9749998213111096,0.980743412544615
,,,,22.82986111111111,0.2949817493601672,0.981339154788999,0.97934351120355,0.7891027557727968,0.9850438072919389,0.9769513680708324
,,,,22.840711805555557,0.2977080732773903,0.9905736658786216,0.984937294030602,0.7874962501268495,0.9832411540532702,0.9779327329696784
,,,,22.8515625,0.2963883448080706,0.9986806801317808,0.9877487227068944,0.79379965309805,1.0000781349952592,0.988879100617318
,,,,22.862413194444443,0.2987118559481379,0.9946518923596164,0.986188128965949,0.7909990368469199,0.992156727098369,0.9956893513685918
,,,,22.87326388888889,0.2982842243468974,0.9880683743472964,0.9972388532726914,0.7966173426904034,0.9998850042061416,0.9936563089630686
,,,,22.88411458333333,0.3026796745188825,1.0017313377403585,0.9960360988647204,0.7966080707308758,0.9939734800695612,1.0044496953849549
,,,,22.89496527777778,0.2975372112519521,0.9997477099453672,0.9965432009042884,0.8002714051572104,0.989544231346998,0.9974195169233708
,,,,22.90581597222222,0.3019143157259567,1.0075171865719004,0.9978629268933006,0.7982647372262449,1.0009725989827571,0.9942390050787712
,,,,22.916666666666664,0.3003107837771531,0.9901896704052774,0.9956882008084266,0.8028733369492596,0.9983569534146772,1.003942141116494
,,,,22.92751736111111,0.3009659165979609,0.9985185562816168,0.995601075029504,0.7994150570836942,0.9957649049566368,0.9968952107528596
,,,,22.938368055555557,0.3008672664699423,1.0059371817124854,1.0016650304645949,0.8032716735477167,0.9936164713418406,1.011090399757078
,,,,22.94921875,0.2989399407310921,0.984579571902424,1.0009645195680767,0.793784459936852,0.9973106540250788,0.9992149456026206
,,,,22.960069444444443,0.2980370396121495,0.9945058286510254,0.9981432935471048,0.7913587084853021,1.0063303153057033,0.9901053862672186
,,,,22.97092013888889,0.2968727233307232,0.9882815765489038,0.9944036862807456,0.7973554164483533,0.9932606890798096,0.9889846423403073
,,,,22.98177083333333,0.2985808373895702,0.9922270234129618,0.9970796825374634,0.7902832544970646,0.9990479666046174,0.9880611216801204
,,,,22.99262152777778,0.2936760528089757,0.9899343743595248,0.9835571354150264,0.7856551162830916,0.9846659665439572,0.980669900731081
,,,,23.00347222222222,0.2940669903307545,0.9850279962824302,0.9736230403096876,0.7848805697503809,0.9770321961837382,0.9827139389650336
,,,,23.014322916666664,0.290804350971349,0.9792438529121736,0.9775384374454924,0.7866245863634758,0.9835064209265136,0.9734443970674648
,,,,23.02517361111111,0.289935630993171,0.9777588780205444,0.9709101522864536,0.7717245670207284,0.9683461098114684,0.9678916436659072
,,,,23.036024305555557,0.2901981943034718,0.962252146953722,0.9722549878093124,0.7665211273049127,0.9712249103723196,0.9617517081363276
,,,,23.046875,0.2883918819176697,0.9614417514446734,0.9531975956296324,0.7632205936288301,0.9525395255577842,0.9608455784259216
,,,,23.057725694444443,0.285334666937903,0.9483537282211044,0.9528581244392756,0.7591141131091832,0.9449464411734874,0.9543795264296484
,,,,23.06857638888889,0.2857198173153414,0.9464069012704074,0.9329090544637704,0.7587950498622731,0.942519416496758,0.9413445327800728
,,,,23.07942708333333,0.2785798884703099,0.9290688469438338,0.9363698064290332,0.7463847857719876,0.9335052506955296,0.9306180945043968
,,,,23.09027777777778,0.2767057998192869,0.9231874510972669,0.928233341090613,0.7377622070478698,0.9288605402136872,0.9239636365411918
,,,,23.10112847222222,0.272493111666563,0.916393235948479,0.9198794536833474,0.7241791847432187,0.906811493335286,0.9159791190946128
,,,,23.111979166666664,0.2684615978593031,0.9057379823430032,0.904485988826334,0.7211654077927894,0.8950348799257029,0.9051302816363058
,,,,23.12282986111111,0.2702162216949869,0.9070883585801868,0.8981740907228103,0.7115372600309615,0.8922901847593023,0.8853224115630544
,,,,23.133680555555557,0.2634426460207126,0.8729706795034365,0.8671601274690351,0.706843115584383,0.8816466989846775,0.8869482320014921
,,,,23.14453125,0.2625724393640524,0.8694286642097304,0.8732921211270329,0.691221256709293,0.8725151425700459,0.8752878894338758
,,,,23.155381944444443,0.256969243695783,0.8610370834209373,0.8569100354775203,0.6845425066198544,0.8547430745768568,0.8632516155117272
,,,,23.16623263888889,0.2517319743668111,0.8442352741435732,0.847399936005764,0.6804238336822754,0.845082096029369,0.8459407106504666
,,,,23.17708333333333,0.2501941182809342,0.8355890137141134,0.8357690729612652,0.6592872819840212,0.8283180285580622,0.8290985099668842
,,,,23.18793402777778,0.2461955220461875,0.820737942321835,0.8165223063178918,0.6589895678075394,0.8237997759461854,0.8082592342631582
,,,,23.19878472222222,0.2405224247408548,0.8059134557802301,0.7959802081087639,0.6428096428008724,0.7976208790158428,0.8018392061455341
,,,,23.209635416666664,0.2379058439492536,0.7927843437711849,0.7853124565373899,0.6311885243016625,0.794812587933054,0.7894386965037331
,,,,23.22048611111111,0.2305985506689541,0.7763165664948208,0.7704946606534925,0.6128145980023064,0.7709572062041183,0.7712093643995259
,,,,23.231336805555557,0.2245832343491428,0.7493424994300264,0.7546604867084938,0.608911120850817,0.7563157720137045,0.7567378912732906
,,,,23.2421875,0.2227221103115771,0.733549947938203,0.7363215412107255,0.5932855619373042,0.7322487829790525,0.7376637029284977
,,,,23.253038194444443,0.2184373248190202,0.7197960079095718,0.7256609490362232,0.5796135834205801,0.7265655593181611,0.7176854448110084
,,,,23.26388888888889,0.2151153660576494,0.7125014672142085,0.7044358133184853,0.5696359750272743,0.7046677730637116,0.7068345968024157
,,,,23.27473958333333,0.2057682738325485,0.6910333949243983,0.687271455153899,0.555471285411164,0.6872828631367119,0.6858098784508986
,,,,23.28559027777778,0.2034299584119841,0.6678550525665724,0.6744338751749569,0.5382229722683871,0.6780584906207935,0.6679191542446179
,,,,23.29644097222222,0.1947965463047277,0.6538361110281842,0.6578185793129742,0.5195546242436225,0.6520549021177018,0.6660124357900605
,,,,23.307291666666664,0.1905391084517602,0.630882647624911,0.6359714382679664,0.507174238766637,0.637753167528141,0.6359292094413024
,,,,23.31814236111111,0.185893316077144,0.6140646309300711,0.6183509404237956,0.4940947993987575,0.6125639293032166,0.610050806796502
,,,,23.328993055555557,0.180930945921794,0.5974052737531979,0.5947589690100569,0.4772225097497102,0.5943719578250918,0.6022963148578333
,,,,23.33984375,0.17433457847801,0.5772766108771826,0.5750090329672877,0.45993783284914,0.5800523808828135,0.579732113502703
,,,,23.350694444444443,0.1669806923815582,0.5632966058113451,0.5546689752376399,0.4408015577073314,0.5522630539796753,0.5565771150612056
,,,,23.36154513888889,0.1626834501461663,0.542869327112426,0.5332638174189546,0.4273673618456775,0.5321417203858386,0.5300451691712046
,,,,23.37239583333333,0.1557209208678937,0.5141725606929085,0.5199771167924992,0.4142343909163499,0.5190472127105419,0.5116633394868466
,,,,23.38324652777778,0.1480374806240927,0.4941785737924053,0.4940713225944366,0.3924552472777354,0.4923103595383159,0.499011919867122
,,,,23.39409722222222,0.1414316972141803,0.478930405693098,0.4686163936868107,0.384225337517414,0.473318903254414,0.4721126810798179
,,,,23.404947916666664,0.1347717498639722,0.4448097698574076,0.4488578519074092,0.3585950577985595,0.4490983824163054,0.4541972705883457
,,,,23.41579861111111,0.1280792285790762,0.4273499074769494,0.4373619624457482,0.3364126848978373,0.4319334394087673,0.4309093821394365
,,,,23.426649305555557,0.1205481183364832,0.3996092209795702,0.4053998876180399,0.3255390668302859,0.4068254835796009,0.4080027700501994
,,,,23.4375,0.1145358817077134,0.3813824404598616,0.3808521790324071,0.2985667638831779,0.3773722571443639,0.3777194964035423
,,,,23.448350694444443,0.1061734917082671,0.3752506775409115,0.3577027969741682,0.2897066967946466,0.3652063060400918,0.3606406325936261
,,,,23.45920138888889,0.1024643749404488,0.334132154752797,0.336536752966189,0.2718470198552383,0.3458292020542801,0.3384100945503641
,,,,23.47005208333333,0.0958846449771688,0.3141976816220155,0.3123391836259332,0.2485176320827121,0.3103368405447215,0.3103741394415045
,,,,23.48090277777778,0.0843218820016926,0.2953880657257819,0.297162170920821,0.2270294374424094,0.2973664547867485,0.2819520405278379
,,,,23.49175347222222,0.0825878050349398,0.2706208600450279,0.2714010618114473,0.2073334176608985,0.2686085471549483,0.2611634985688166
,,,,23.502604166666664,0.0720425347978668,0.246637715666084,0.2413271839779734,0.1971013811983252,0.2425164560548449,0.245937882627155
,,,,23.51345486111111,0.0669972913352973,0.2184041823884132,0.2222981295206625,0.1674555894924306,0.218419540654937,0.2226195496692686
,,,,23.524305555555557,0.0601536855031278,0.1890212849776019,0.1938689799422312,0.1505869787875583,0.1951730786413972,0.1955047253101006
,,,,23.53515625,0.0519461568638727,0.1728613139942504,0.1756734176864184,0.1350186683660326,0.1699329501158206,0.1729155086247364
,,,,23.546006944444443,0.0433242042141037,0.135230928306618,0.1454879177719194,0.1195222139806922,0.146047608181774,0.1486835162939992
,,,,23.55685763888889,0.0375068555560422,0.1240106056133408,0.127530545326248,0.0996753802740452,0.1168984751122052,0.1269477875281333
,,,,23.56770833333333,0.0292603147002457,0.0937857284171745,0.0984610866821743,0.0871151780615457,0.0948281157471902,0.0849509480635992
,,,,23.57855902777778,0.0225013679340408,0.0688606457677644,0.0783013449923053,0.0693452799707516,0.0701319318795616,0.0778076106831173
,,,,23.58940972222222,0.0137937270538998,0.0527615345586698,0.0491241469504082,0.038727471404022,0.0514301109960021,0.0464045908759474
,,,,23.600260416666664,0.0054826486299136,0.0328129318398622,0.0335730403343809,0.0183585510136134,0.0270836052899424,0.0200842284842761
,,,,23.61111111111111,-0.0001915142854995,-0.0069317906568055,0.0045922145252551,-0.0005655677833641,0.0029340592434941,-0.0023210422529614
,,,,23.621961805555557,-0.0069140684696218,-0.0230774113631044,-0.0152501135510092,-0.0239155224519262,-0.0220109263994976,-0.0306656310112089
,,,,23.6328125,-0.0154881183842223,-0.0385713576279829,-0.0521344808972621,-0.0357486135162902,-0.0460055632794831,-0.0493438382942858
,,,,23.643663194444443,-0.0221855175962364,-0.0705178632969447,-0.0786371173223972,-0.059764544101951,-0.0673527509090883,-0.0716849597124631
,,,,23.65451388888889,-0.0292669865047245,-0.0981505311721253,-0.0999900903884239,-0.0724639017087598,-0.1003605371898603,-0.0915358448951895
,,,,23.66536458333333,-0.035828538062303,-0.1273022238060261,-0.1224409312964646,-0.0956666512812425,-0.1241960583107306,-0.1293779919803262
,,,,23.67621527777778,-0.0428341398165493,-0.1455881979979246,-0.145192929631887,-0.121590082939135,-0.1447583348051661,-0.1492973219854816
,,,,23.68706597222222,-0.0523051147193426,-0.1663807332063758,-0.1753116681235304,-0.1353131418383838,-0.1664246633246086,-0.1767250535685603
,,,,23.697916666666664,-0.0572618169593114,-0.1955754750074994,-0.1949664567107881,-0.1536602456035772,-0.2013586338626973,-0.1929452720588628
,,,,23.70876736111111,-0.066454883447785,-0.217222633139767,-0.2160676155062067,-0.1778144356023743,-0.2192362225372278,-0.2203316362341378
,,,,23.719618055555557,-0.06943350636825,-0.238981262984375,-0.2467789194222729,-0.1942697577407345,-0.238021070348001,-0.2477830011475038
,,,,23.73046875,-0.0779601553809864,-0.2618225242917333,-0.2661182334105986,-0.2115840386683356,-0.2674478540727683,-0.260032686724823
,,,,23.741319444444443,-0.0880490432409325,-0.295862407423574,-0.2824359017839478,-0.2304920684537418,-0.3014781226116569,-0.2895598156070492
,,,,23.75217013888889,-0.0935854638623578,-0.3147727395961346,-0.3179050539425607,-0.247319316343985,-0.3209609481467635,-0.316933324874923
,,,,23.76302083333333,-0.1027266734133985,-0.3348093675138587,-0.334018343300268,-0.2694860875379249,-0.3403210792748636,-0.3335412977017364
,,,,23.77387152777778,-0.1082947824026111,-0.3578607430955354,-0.352149166648305,-0.2943012641299515,-0.3642334496028256,-0.3592750319955567
,,,,23.78472222222222,-0.1138009359454861,-0.3816601583662179,-0.3871701114316716,-0.3035277193305416,-0.3864164381165538,-0.3869122779590489
,,,,23.795572916666664,-0.1205844547774331,-0.4083828212611211,-0.4074431611836402,-0.3268124272362072,-0.3993319706833727,-0.4000430599832223
,,,,23.80642361111111,-0.1277639754066884,-0.4186358492227178,-0.4265374153068791,-0.3362340523478075,-0.4324202487817879,-0.4175776222555803
,,,,23.817274305555557,-0.1341588901086861,-0.4408099694369434,-0.4538455013044903,-0.3656124196755853,-0.4462783909265688,-0.4461052542521921
,,,,23.828125,-0.1423803736397457,-0.4644781870118875,-0.475649509305741,-0.3787760964897631,-0.4671538372509383,-0.4764254788307317
,,,,23.838975694444443,-0.1488757107621278,-0.4856407136126738,-0.488134783989431,-0.3898523511193787,-0.4935444793615892,-0.4864346865861689
,,,,23.84982638888889,-0.1531801288397335,-0.515500754737362,-0.5152168415751495,-0.4099801372030677,-0.513379356169981,-0.5130676731960618
,,,,23.86067708333333,-0.1636183402835529,-0.5418949522231908,-0.5338619321063982,-0.4287649434626726,-0.5474466645220417,-0.5368639197812461
,,,,23.87152777777778,-0.1691216939688161,-0.564504761900253,-0.5560717268929258,-0.4428004733530217,-0.5575745183366233,-0.5473470282924885
,,,,23.88237847222222,-0.1734188045160896,-0.5640858130767152,-0.5844172209528772,-0.4600997814028718,-0.5772712275831698,-0.5780504815679439
,,,,23.893229166666664,-0.1791247171773901,-0.5961435163899431,-0.6076017222542165,-0.4822842249717329,-0.593725752097708,-0.5904992494489509
,,,,23.90407986111111,-0.1846272190138808,-0.6175211987226846,-0.6189055686226733,-0.493049167823291,-0.6171766249862032,-0.6012281730284691
,,,,23.914930555555557,-0.1920218986285822,-0.6295971223996469,-0.6330664862989165,-0.5128278359423367,-0.6456944755736261,-0.6440858941029246
,,,,23.92578125,-0.1952324298090706,-0.6516957466867089,-0.6575423990105487,-0.5243784747748327,-0.657799075208678,-0.6517805303873637
,,,,23.936631944444443,-0.2023486451761393,-0.6689103229752142,-0.6729803622807565,-0.5421755276998937,-0.6670417352051455,-0.6702668842095559
,,,,23.94748263888889,-0.2081923429230053,-0.6938210448675384,-0.6896828541047401,-0.5544233281407804,-0.6880647769577816,-0.6870811091472139
,,,,23.95833333333333,-0.2106602362903754,-0.7065905007689529,-0.7079770463395603,-0.5698178462278455,-0.7073582051941077,-0.7009598162733162
,,,,23.96918402777778,-0.2182864648458656,-0.7314231133058282,-0.7205575377901786,-0.5797913854090397,-0.7222237948087382,-0.7216550583612408
,,,,23.98003472222222,-0.2217348017966902,-0.7341699252678054,-0.7475218920507645,-0.5876422847809518,-0.7406768782115727,-0.7389986265042875
,,,,23.990885416666664,-0.2260497394731664,-0.75773181729949,-0.7682684890536011,-0.609025037500284,-0.7504797770423021,-0.7588088333449299
,,,,24.00173611111111,-0.2277910919915828,-0.76888072239911,-0.7759315021011634,-0.6200852928136823,-0.7643754791765915,-0.7751505754449872
,,,,24.012586805555557,-0.2359965387846435,-0.7883967987928456,-0.7881414604062832,-0.6317610655892127,-0.7785648575681986,-0.786142342970301
,,,,24.0234375,-0.239380343139466,-0.797797534483179,-0.8052857663640843,-0.6351667497325864,-0.8008912570297277,-0.7989046607723992
,,,,24.034288194444443,-0.242051906397655,-0.8233201048961679,-0.8201459404069106,-0.6546682063778032,-0.8243127110071654,-0.8165839478823097
,,,,24.04513888888889,-0.2459504327060201,-0.8272088796890527,-0.832160613487939,-0.6701256955589139,-0.8327508345801848,-0.8281913966801282
,,,,24.05598958333333,-0.250824600410873,-0.8408905359091797,-0.8452733061783015,-0.6711660564912781,-0.8460928683501375,-0.8454475485148735
,,,,24.06684027777778,-0.2562346010137342,-0.8627632235710692,-0.8616647707511271,-0.6936331596558944,-0.8625941620515802,-0.8494272789799099
,,,,24.07769097222222,-0.2625542102654247,-0.8728771451767264,-0.8689666523972771,-0.6946375932683816,-0.8701223062567794,-0.869731810446927
,,,,24.088541666666664,-0.262354013550145,-0.8822563564391086,-0.8798657417381139,-0.70968012964904,-0.8824013325431815,-0.8813260791162584
,,,,24.09939236111111,-0.2672145205293069,-0.890658354171052,-0.8859203930193773,-0.7181795224966545,-0.8986523914791129,-0.890437013148578
,,,,24.110243055555557,-0.2680250906136547,-0.9084438681023596,-0.9088819627337308,-0.7194830580649831,-0.9049993971845962,-0.9099271150362066
,,,,24.12109375,-0.2766203904552833,-0.91691765295335,-0.914158093364732,-0.7299833553094032,-0.9131035112277096,-0.9178039276593688
,,,,24.131944444444443,-0.277028001695832,-0.9241204349347616,-0.935196040095834,-0.732580047309069,-0.9224060564817294,-0.920807018861596
,,,,24.14279513888889,-0.2803082840351879,-0.9255127614684028,-0.9274606653347568,-0.7427639870448468,-0.9357662786291177,-0.9307280611916828
,,,,24.15364583333333,-0.2811831282645994,-0.937522236499028,-0.951960609288986,-0.7566829100102141,-0.9324692658985716,-0.9330631605865228
,,,,24.16449652777778,-0.2853089376297564,-0.9388778316249028,-0.9498970584570156,-0.7572079927747617,-0.9452307318634062,-0.9494126989156184
,,,,24.17534722222222,-0.2874959953669431,-0.9626837386991938,-0.9630046727722376,-0.7692731814139515,-0.9611214199219869,-0.9513135574196414
,,,,24.186197916666664,-0.2891855341715949,-0.9636110425331992,-0.9523066991883448,-0.7716312116950566,-0.957261795150432,-0.962805148939152
,,,,24.19704861111111,-0.2926366597669623,-0.9641739165548716,-0.9744055172966006,-0.7782545248078965,-0.97576079794742,-0.9643760239422228
,,,,24.207899305555557,-0.2917203408104794,-0.9749997998844694,-0.9774703227588696,-0.7867848833793889,-0.9744605584447876,-0.9766824549556924
,,,,24.21875,-0.2930730797739129,-0.9732071788669028,-0.9863292440770308,-0.7842924754342211,-0.9727460776823558,-0.9796426656655068
,,,,24.229600694444443,-0.2956018796138519,-0.9780104680302244,-0.9880597134891936,-0.7918510500929026,-0.9888066700204616,-0.9828142139211068
,,,,24.24045138888889,-0.29859489033611,-0.9915016518478824,-0.9871549752072908,-0.7833136719754977,-0.9835995049086792,-0.9874358473230772
,,,,24.25130208333333,-0.2966506900229049,-0.989748326807663,-0.9958622202019596,-0.7889819451283229,-0.9965277074202644,-0.9882459504026564
,,,,24.26215277777778,-0.2980066288462281,-0.9896987590043088,-1.0082656746922942,-0.7930340085394331,-0.9901603969468966,-0.9951464826515924
,,,,24.27300347222222,-0.301654223817423,-0.9953670008307935,-1.0009963960311183,-0.7965565139478625,-0.9881409532855536,-1.0007018081937489
,,,,24.283854166666664,-0.2989745751603087,-0.9959785246375998,-1.0029154979044148,-0.7986196675340911,-0.9914821035978036,-1.0006743627791863
,,,,24.29470486111111,-0.2989366186953962,-0.9938715029963948,-1.0029470481541027,-0.7971464964957768,-1.0066587234450768,-1.009659424507131
,,,,24.305555555555557,-0.3012488115221935,-1.004176349097983,-0.9966686955049164,-0.7991687874954816,-1.0012032952353944,-1.0026271318205875
,,,,24.31640625,-0.2987469222329009,-1.0032972318507305,-0.9972460245426732,-0.7932073709725789,-1.0038282486577077,-0.9999816481349812
,,,,24.327256944444443,-0.3001654725078894,-0.9898168612971536,-1.0015024662617025,-0.8045655121035905,-0.997177006131956,-0.9916911852627616
,,,,24.33810763888889,-0.298053142204409,-0.9980210725077668,-0.9873657972432986,-0.8013376770363044,-1.0073751634090022,-0.990955380382594
,,,,24.34895833333333,-0.2996346243145669,-0.995453217382518,-0.9949722099314152,-0.7954780344659269,-0.9946973444797692,-0.9998701543909844
,,,,24.35980902777778,-0.3000047412178017,-0.996740325386678,-0.989913027101789,-0.7946999049897912,-0.9903400224874792,-0.9975763510008888
,,,,24.37065972222222,-0.2956216522178506,-0.9987977901613588,-0.9945068312681786,-0.788703417207897,-0.9919240876258568,-0.9958964733590184
,,,,24.381510416666664,-0.2980574608908176,-0.9894303857111154,-0.9855939250941624,-0.7836084952473712,-0.9800968350738536,-0.9861684812650272
,,,,24.39236111111111,-0.294937782555299,-0.97978782887453,-0.9850858249956478,-0.7809774444954819,-0.9812465496717068,-0.9778741908596936
,,,,24.403211805555557,-0.2911229562211988,-0.9789208841509054,-0.97776577086457,-0.7748538736257095,-0.9669106053965816,-0.9697069322795548
,,,,24.4140625,-0.2922643587296976,-0.971596888321308,-0.9706360982195652,-0.7773470179451668,-0.9739634651135448,-0.9586520642016624
,,,,24.424913194444443,-0.2899796909722613,-0.9617350963389087,-0.9604420686956746,-0.7790344917342603,-0.9573293809588016,-0.9705821618130204
,,,,24.43576388888889,-0.289067649340084,-0.9622421145237252,-0.9530899378607322,-0.7617253286133006,-0.960038341714622,-0.9556198006332972
,,,,24.44661458333333,-0.284934807423972,-0.9421806477860944,-0.958302258725072,-0.7577819726964741,-0.9434607249938208,-0.952465069261352
,,,,24.45746527777778,-0.2811099727440792,-0.945139178671132,-0.9453521799405298,-0.7532720270475286,-0.9288640611985592,-0.9508968378250412
,,,,24.46831597222222,-0.2805964576257637,-0.9282716918323636,-0.9287167384436842,-0.7503124775161764,-0.9278019091614252,-0.9334228688205338
,,,,24.479166666666664,-0.2749901267253886,-0.922752428486606,-0.9237775932268446,-0.7382694867507479,-0.9308548282556316,-0.9223428437343336
,,,,24.49001736111111,-0.2756691789520669,-0.9197300616759648,-0.9104500027620324,-0.7303031429232751,-0.9062670525016436,-0.9234048305665492
,,,,24.500868055555557,-0.2724143175279379,-0.9072443010927748,-0.9070197319757052,-0.7239342784663293,-0.9092405459013428,-0.8946699908287613
,,,,24.51171875,-0.2690182221692875,-0.8970108800400927,-0.8978009379844857,-0.7204301919136893,-0.88980033537987,-0.8867189026402207
,,,,24.522569444444443,-0.2640852291785305,-0.8744669562994413,-0.896462969128254,-0.705105756471021,-0.8765289363049247,-0.8878917850556083
,,,,24.53342013888889,-0.2619312946319383,-0.8711605084484044,-0.8681819265698826,-0.699860669273842,-0.8690213031025966,-0.8745422984438712
,,,,24.54427083333333,-0.2576776489068859,-0.856479702959501,-0.8477909154873964,-0.6887853331013812,-0.8537559495507503,-0.8636125578512717
,,,,24.55512152777778,-0.2553335265359027,-0.8442305404612974,-0.8557047677697042,-0.6785949117825186,-0.848354234116126,-0.8499266027608349
,,,,24.56597222222222,-0.250691048925786,-0.8351429154334193,-0.8367169547602642,-0.6587820556478203,-0.8338845367467693,-0.8397427630121116
,,,,24.576822916666664,-0.2438524706640965,-0.8110011043006904,-0.8115089921897668,-0.6552803789311366,-0.8239884853947506,-0.821670847327433
,,,,24.58767361111111,-0.2410576623424142,-0.8081925542161955,-0.8028372621361609,-0.6425150813323339,-0.8020585316636437,-0.8085391946744286
,,,,24.598524305555557,-0.2360826706265192,-0.7903357126198228,-0.7916910882434024,-0.6290694916788169,-0.7834618631392075,-0.796487027934124
,,,,24.609375,-0.2316611599491554,-0.7803133751748521,-0.7711999083593104,-0.6316647733134275,-0.7793485577263752,-0.7749520147017811
,,,,24.620225694444443,-0.2262660523792121,-0.7621687633618368,-0.7558195135158341,-0.5961835627174644,-0.7649187244353423,-0.7583305775957487
,,,,24.63107638888889,-0.2194330300633459,-0.7345255139113159,-0.7435015023618928,-0.5927303222498498,-0.7423942916456532,-0.7394688491066648
,,,,24.64192708333333,-0.2190312100879249,-0.7213788981762165,-0.7166392577732756,-0.5827433317307581,-0.7246700265472742,-0.7260009228267309
,,,,24.65277777777778,-0.2114372805145877,-0.6994585159399901,-0.7055631381467068,-0.5697560918323167,-0.709954862011428,-0.7066027762144548
,,,,24.66362847222222,-0.207278020452797,-0.6837858267879677,-0.6840563649893698,-0.5606264373851791,-0.6803687329411918,-0.6880469661614237
,,,,24.674479166666664,-0.2020891039275922,-0.6606178485555515,-0.6669111832800606,-0.5285110510612481,-0.6727475108986766,-0.6726953372046862
,,,,24.68532986111111,-0.1969799404174597,-0.6505650584665311,-0.6633151311255927,-0.5182916417393387,-0.6496388755509287,-0.6554962003146272
,,,,24.696180555555557,-0.1858920166409472,-0.6285476210101012,-0.6305856463583531,-0.513575866464274,-0.6382801931392115,-0.6416409405304002
,,,,24.70703125,-0.1862319971757103,-0.6191735704617226,-0.6194221680328016,-0.4910674581211061,-0.6185609303122883,-0.6212294024412135
,,,,24.717881944444443,-0.1815681632523392,-0.6047882523902308,-0.5949331723049636,-0.4810223120621485,-0.5969551411618091,-0.594742596390452
,,,,24.72873263888889,-0.172817926902932,-0.5707529433097865,-0.5792748263352645,-0.4592867408206835,-0.5774553644110203,-0.574732428444969
,,,,24.73958333333333,-0.1690423796770532,-0.5604878266861958,-0.5585892958450634,-0.4389141850708014,-0.5572527406706954,-0.5589440020201017
,,,,24.75043402777778,-0.1588258328940903,-0.5363457671204342,-0.5344362855006574,-0.4296442828865106,-0.5350232778204408,-0.5362510251136128
,,,,24.76128472222222,-0.1548432100718758,-0.5218053684352746,-0.5149628153611657,-0.4108311456915497,-0.5131603418212404,-0.5115768421306293
,,,,24.772135416666664,-0.1457081418252621,-0.494494261581172,-0.5002366961231537,-0.395055104251929,-0.4988536274695216,-0.4950549110220578
,,,,24.78298611111111,-0.1441486919484247,-0.4670596207036924,-0.4639795208947833,-0.3697562241182901,-0.4736268252394967,-0.4706003341026521
,,,,24.793836805555557,-0.1340670931137539,-0.4444186685462671,-0.4513025918957736,-0.3605567085636191,-0.4512654080491668,-0.4568997026142669
,,,,24.8046875,-0.1255241774529603,-0.4277050614680153,-0.4301925095950311,-0.3437857988361052,-0.4264959820423755,-0.4306598763504323
,,,,24.815538194444443,-0.120268398871186,-0.4019728091250608,-0.407136495588006,-0.3259764530095141,-0.4065008231680292,-0.400316020245604
,,,,24.82638888888889,-0.1155359981302067,-0.3868011689476613,-0.3749195996196242,-0.311782068886286,-0.3855984025618811,-0.3726774978904535
,,,,24.83723958333333,-0.1089494908150687,-0.3664006778332166,-0.3621166248367741,-0.2869192998424627,-0.3541083453923914,-0.367053199160499
,,,,24.84809027777778,-0.1004603616794484,-0.3312912371886796,-0.3419001847210041,-0.2667979399437945,-0.3349993738760892,-0.3353926794181939
,,,,24.85894097222222,-0.0945946822975718,-0.3096319005143884,-0.3137748183069792,-0.2522851336898504,-0.3136863595733158,-0.3089413223374583
,,,,24.869791666666664,-0.0867033150531143,-0.2813891350184335,-0.2945453040016717,-0.2342473225889642,-0.286805226694399,-0.2901920303197538
,,,,24.88064236111111,-0.0786408867410837,-0.2584250071536372,-0.2601702568569565,-0.2119493937411457,-0.2669308457703077,-0.259423065851842
,,,,24.891493055555557,-0.0739824559726782,-0.2491047534407806,-0.2433267130448555,-0.1914134988621155,-0.2473531448265462,-0.2401275023006443
,,,,24.90234375,-0.0647269205933555,-0.2219509583983592,-0.2167243845781223,-0.179723894889906,-0.2158614978041323,-0.216117587628388
,,,,24.913194444444443,-0.0582322918140356,-0.2085137402954639,-0.1979950239622414,-0.1660619498622951,-0.192034131023446,-0.1922442515681067
,,,,24.92404513888889,-0.0558712680117595,-0.1778614420916,-0.1735529176332761,-0.1368165884201123,-0.1681505431620555,-0.1724051083854172
,,,,24.93489583333333,-0.0429991166137759,-0.1442448962516467,-0.1398575665169315,-0.1132494497399726,-0.1479071530826989,-0.141593555097293
,,,,24.94574652777778,-0.0365096314904343,-0.1209383415593335,-0.1218231247949066,-0.1002449587871316,-0.1277795681520377,-0.1218582003447725
,,,,24.95659722222222,-0.0291448312436182,-0.0915446009574788,-0.0926763523771269,-0.0840065182545324,-0.0996206871611517,-0.0948952928323019
,,,,24.967447916666664,-0.021427167567809,-0.0758012194524204,-0.0714785964531153,-0.06105668617976,-0.0712213934235533,-0.0802184917556742
,,,,24.97829861111111,-0.0129568018738372,-0.0527876978492965,-0.0512299257806721,-0.0425924677778513,-0.0530498713280682,-0.0510633719642115
,,,,24.989149305555557,-0.0066883724763459,-0.0229302449135626,-0.0222502562320755,-0.0204856402888075,-0.0165070590154052,-0.0243613639106664
,,,,25.0,-0.0002529358627223,0.0038801109643762,0.0026695903926329,0.0002647597270565,0.000539132957452,-0.0012547564049105
,,,,25.010850694444443,0.0087337728129963,0.0218906617798385,0.0268693931715683,0.0259937424591231,0.0294660697559791,0.023819088412449
,,,,25.02170138888889,0.0155146189689638,0.0599713487509408,0.0492900970250444,0.0329011231425952,0.0497792846252109,0.0386721213601383
,,,,25.03255208333333,0.0228245629988382,0.072726978698608,0.070482970823762,0.0596100818527947,0.0797317470328976,0.0733080659817425
,,,,25.04340277777778,0.028111593555378,0.0948057631097161,0.1032308760320845,0.0771295161402385,0.0976945544893675,0.0924536490834357
,,,,25.05425347222222,0.0381294010300626,0.1189557686768335,0.119805810524485,0.0933781099614399,0.1156189806741536,0.1188546623597953
,,,,25.065104166666664,0.0447781870332857,0.1418517322145354,0.1475963323941008,0.1263750201779872,0.1525840613710903,0.1437872935715253
,,,,25.07595486111111,0.0505062871941791,0.1770943528836353,0.1722363189935107,0.1353181973054027,0.1785184628318985,0.1643287467899509
,,,,25.086805555555557,0.0600321051605383,0.1935243241700301,0.1991169332821075,0.155457856114367,0.1880125741714329,0.193440247128868
,,,,25.09765625,0.0638797981613164,0.2170715444487317,0.2159837218009121,0.1740708819360451,0.2106390904800035,0.210460542805842
,,,,25.108506944444443,0.0712115007096406,0.2481597772040962,0.2522945141151564,0.1977339973736361,0.2365093195944299,0.2451963027871391
,,,,25.11935763888889,0.076746585323249,0.2677587997063302,0.2578926927176361,0.214175805317841,0.2695713949888965,0.2665339004387409
,,,,25.13020833333333,0.0843044470135982,0.2958914847872618,0.2861502071940757,0.2300204612960838,0.2889353387779412,0.2872278558766451
,,,,25.14105902777778,0.0942204976225715,0.3170786237682445,0.326795930566215,0.2523560823001438,0.3083513395042258,0.3175557478150431
,,,,25.15190972222222,0.1010066507620116,0.3376787305710786,0.3337363890738001,0.2749179552613808,0.3313178297921101,0.3369446774458203
,,,,25.162760416666664,0.1081798301160264,0.3563848309723324,0.3575293529947047,0.2854030586253283,0.3697905083840705,0.3515619347185736
,,,,25.17361111111111,0.1127301608443776,0.3849169460375573,0.3839520199068137,0.3031333490274446,0.3858140988271624,0.3843456541321782
,,,,25.184461805555557,0.1217198388541248,0.4055229516077954,0.4084572327380282,0.3233251692111895,0.4011737431217607,0.3973777202034768
,,,,25.1953125,0.1285219439526903,0.4205781298812095,0.4144406434861216,0.3387271043316475,0.42664767045625,0.4298876358344036
,,,,25.206163194444443,0.1340887082210071,0.4414168092490267,0.454911419930105,0.3589839921054249,0.4528961406934281,0.4419772327327689
,,,,25.21701388888889,0.1414677611463543,0.4686129900344132,0.4776432786585677,0.3764360003163436,0.4739330665902765,0.4802205289695516
,,,,25.22786458333333,0.1463981482705556,0.4882588271714377,0.4855605026716565,0.393848003985486,0.4929696375650388,0.4958180438114535
,,,,25.23871527777778,0.1527134773721976,0.5138129280403267,0.5141340341122091,0.4153306843520625,0.5204048748440389,0.5083332287835672
,,,,25.24956597222222,0.1621624518727453,0.5383895341507046,0.5337149212790328,0.4238564158102119,0.5340266058494557,0.5391664954518399
,,,,25.260416666666664,0.1659748671508924,0.5550881661063988,0.5588803071979774,0.4415915821674631,0.5628161121429248,0.5578464425435508
,,,,25.27126736111111,0.1735181063842466,0.5774060808069768,0.579316408948078,0.4584800584219337,0.5751344784058022,0.5773350434090215
,,,,25.282118055555557,0.177207830118241,0.5960895973857012,0.6014990339157756,0.4762903013387192,0.5947030514634011,0.5870526883237539
,,,,25.29296875,0.1812494457907639,0.6212271838448342,0.6171504341653692,0.4928143269880147,0.6115812971185861,0.6201745804866898
,,,,25.303819444444443,0.1913035126140575,0.6279150276257659,0.6339456816812251,0.5129025700470162,0.629203357881177,0.6352020155687034
,,,,25.31467013888889,0.1948074807402321,0.6516007451925855,0.6475743583446906,0.5163228352896699,0.6488021193713124,0.6603225101986459
,,,,25.32552083333333,0.2038057672636593,0.6726029671304455,0.6690294495745981,0.5400583884628299,0.6634760803075992,0.6575985901707431
,,,,25.33637152777778,0.2036578203700437,0.6880251912859793,0.6956993109402715,0.5520893932493233,0.6873262014594949,0.6894456920811645
,,,,25.34722222222222,0.2127792154885316,0.7081198545177818,0.7049748292535546,0.5660092605329522,0.7077787722886878,0.7096798433719357
,,,,25.358072916666664,0.2189319308297619,0.7199375749684106,0.7231617713440003,0.5811534390848553,0.7257428682923432,0.7267119380075641
,,,,25.36892361111111,0.2213585974370424,0.7368727691994543,0.7409417098779952,0.5914703444817414,0.7385879227827414,0.7403272173043302
,,,,25.379774305555557,0.227864370956058,0.7531881366619946,0.7590609112973482,0.6035964950846435,0.7537185654568568,0.7723025633168595
,,,,25.390625,0.2309961200529132,0.7717159578373016,0.7777839200188559,0.6164660621977982,0.7767775056574153,0.7645256294922751
,,,,25.401475694444443,0.2350335857172885,0.7935823870732043,0.7977851794509749,0.6252072829629571,0.7982454636166983,0.7876080823958317
,,,,25.41232638888889,0.242141080201889,0.7973205178441513,0.8045305969607994,0.6380750718662325,0.8055791975764076,0.8039484002447588
,,,,25.42317708333333,0.2429381855510154,0.8104658118743185,0.8161272861686374,0.6570575426484967,0.8142370942625344,0.8158663099708816
,,,,25.43402777777778,0.2499725947395665,0.8394538503000342,0.8342996991594965,0.6651447910178936,0.8257624317451795,0.8279879663236415
,,,,25.44487847222222,0.2531505471280406,0.8550010922593806,0.8493122154803621,0.6812272502192671,0.8433385531117941,0.8402407833400892
,,,,25.455729166666664,0.2576746062277489,0.8573534992419518,0.8640949720649462,0.6833893271002067,0.8572222277791516,0.8610027927129456
,,,,25.46657986111111,0.2594420343825688,0.8719542298617606,0.8820806067109582,0.6953880518167211,0.8700340668190991,0.8740694635236824
,,,,25.477430555555557,0.2652839724052598,0.8880794686734242,0.8856441503278272,0.7068179820638785,0.8884966648589891,0.8845550433312467
,,,,25.48828125,0.2679380275194887,0.8941710890478349,0.8955726567280181,0.7171862906350382,0.893676425884693,0.8901183347271809
,,,,25.499131944444443,0.2729974973101628,0.9074691075118224,0.8983198450772601,0.7238245279963013,0.8979395069400253,0.9036005999582366
,,,,25.50998263888889,0.2756743045693485,0.9094595359933428,0.9121916175835746,0.7320202998984495,0.9106755914671468,0.9209578033177204
,,,,25.52083333333333,0.2775160301762957,0.925477251647068,0.9284166309188392,0.917123247335108,0.9262047185578388,0.9227601135286008
,,,,25.53168402777778,0.2789025188767957,0.9403012813008828,0.926713744743017,0.9342873055785867,0.931649759826507,0.9393076956421276
,,,,25.54253472222222,0.2828097622041953,0.9436605598894146,0.938916989064583,0.9387901215918844,0.9371505521496256,0.937420343328724
,,,,25.553385416666664,0.2871549841199899,0.9499959642715876,0.9608938852928784,0.9488247873903132,0.943939717830352,0.9466469637443006
,,,,25.56423611111111,0.285151189639886,0.95684756891191,0.9616114086936738,0.9531474690474068,0.9542271468320218,0.9564975624655724
,,,,25.575086805555557,0.2893285189414648,0.9600889306965188,0.9627147485651776,0.957195891131047,0.9712060676077976,0.9667993062367728
,,,,25.5859375,0.2910155948560825,0.9641056870724444,0.96185452653598,0.9693131642838532,0.9784126717386428,0.9751208267171908
,,,,25.596788194444443,0.2931779099790497,0.9823094875779128,0.979214285528908,0.9831973867479828,0.98205435604762,0.9713821009288532
,,,,25.60763888888889,0.2942229968781376,0.98270097985421,0.9927860537079228,0.9808736225502346,0.984165127506728,0.979377697872119
,,,,25.61848958333333,0.2937783398782931,0.9881913748805176,0.9737401637344336,0.986160023983854,0.9808957850977444,0.9844229996901568
,,,,25.62934027777778,0.2962550269063388,0.9891272268069752,0.9883987161142672,0.982505802539414,0.9965875133466022,0.9838281503882852
,,,,25.64019097222222,0.2979871366930171,0.9890840817059848,0.9892151466258788,0.9865245634507728,0.9940538483273575,0.9918165350980312
,,,,25.651041666666664,0.2964566323811439,0.990312014421446,0.9985016099650847,0.9957474385783388,0.9965578052625133,0.9924003084797044
,,,,25.66189236111111,0.2984014496014346,0.9959117152722772,0.9961125034146968,0.9921552647421404,0.9982230717825236,0.9906256849256788
,,,,25.672743055555557,0.3007083931544327,1.0006743982019477,0.9960661307124236,0.9919364385262563,0.9972723336100237,1.0035981518746506
,,,,25.68359375,0.3037155226470424,0.9936648956602708,1.0029880515953125,1.000224477974581,1.007454462613022,1.014235350958648
,,,,25.694444444444443,0.2995625310896477,1.003784714010783,0.9968357595036372,0.9968751677566792,1.0053502102214202,0.9962071356576204
,,,,25.70529513888889,0.2997908757429855,0.9950955658117844,1.00178337564938,1.0042309063421293,1.0087298618911076,0.9946683781479164
,,,,25.71614583333333,0.2975762365898595,1.002957490844023,1.0007427778389186,0.996174399675612,0.9933636845455608,0.99545544262199
,,,,25.72699652777778,0.299167251639778,0.992287031954728,1.000265252793584,0.9987673230289744,1.0080465146965871,0.998255986051874
,,,,25.73784722222222,0.3014188761740928,0.998829968680506,1.000147004281168,1.0014789812698006,0.9965584827084204,0.985803973257414
,,,,25.748697916666664,0.2960544737219029,0.9972524075532716,0.9897260831378438,0.9958793387076428,0.9920259457389916,0.990109557698882
,,,,25.75954861111111,0.298426407997179,0.9859723807775488,0.986499640940417,0.990257565015195,0.9866103330592044,0.9899873806223528
,,,,25.770399305555557,0.2985633016506104,0.9881051955135048,0.98975998321731,0.9892301385815604,0.98811797676664,0.9779877236138655
,,,,25.78125,0.2938633903016145,0.9730700700828392,0.9851121554745024,0.9751715111392938,0.9762156514448588,0.9791163073186464
,,,,25.792100694444443,0.2916910323736236,0.9743418712514246,0.9710189484762024,0.9692891903066116,0.9670114772236332,0.9714540460005048
,,,,25.80295138888889,0.2926554093860938,0.969875851044716,0.9739815103354982,0.9766588885520746,0.9722573661854124,0.9805429758274156
,,,,25.81380208333333,0.288392029950142,0.9630416124194392,0.9731154832678393,0.955247924701596,0.9557882712588962,0.9614451409738222
,,,,25.82465277777778,0.2850579000091532,0.9592198942421588,0.9516898546464108,0.9576961428658533,0.9647875366707388,0.9563175886351823
,,,,25.83550347222222,0.2816852702982916,0.942768030311919,0.95125580351838,0.9468406217429892,0.9526027639290356,0.9477570147284612
,,,,25.846354166666664,0.2819490718894311,0.9309123502012152,0.948377712122562,0.9327407776810576,0.9422856670690936,0.9408011866161335
,,,,25.85720486111111,0.280951192940594,0.9279974460296672,0.9351198470650652,0.9335361958526948,0.9288750991614172,0.9305076658900964
,,,,25.868055555555557,0.2797920510481084,0.922515240619394,0.9281762027144528,0.9214724249695192,0.9245442423446076,0.9150662142540396
,,,,25.87890625,0.276077351467027,0.9106076948682548,0.9126008121116592,0.9197049378630714,0.9079610196650332,0.913181643540526
,,,,25.889756944444443,0.271737199439266,0.9016758690867992,0.906619767082854,0.9101651864556844,0.8953481860046512,0.898598133712853
,,,,25.90060763888889,0.267966236714791,0.8882616734469736,0.890376598308084,0.8963919759612495,0.9011679712511382,0.8959681204786981
,,,,25.91145833333333,0.2640308637991366,0.8785994996946567,0.8888435563779445,0.8818058429003726,0.8781353084479111,0.8784655342315572
,,,,25.92230902777778,0.2598021128060656,0.8709176694338323,0.8704364379075311,0.8692980261061269,0.8774652093002832,0.8618539128159793
,,,,25.93315972222222,0.2575096517845209,0.8495995613859024,0.8639930766739908,0.8564173920795116,0.8503081306466316,0.8610445537721321
,,,,25.944010416666664,0.2518655918333081,0.852096077714886,0.8428649976770936,0.8486310081927679,0.8454880302330172,0.8428411928643643
,,,,25.95486111111111,0.2503042181550562,0.8265030186676008,0.8307529577393353,0.8293614206681394,0.8296614869459799,0.8299609459023289
,,,,25.965711805555557,0.2439827683145021,0.8067252378623699,0.8145704904092258,0.8144970139476527,0.8122983114435525,0.8251424591852857
,,,,25.9765625,0.2415408768057594,0.8042109265729662,0.8061359325615843,0.8017882287410873,0.8082960122417789,0.804810705563032
,,,,25.987413194444443,0.2395956673081314,0.7819474403540165,0.7835994548871803,0.7904982020578349,0.783047756746432,0.7838727253770109
,,,,25.99826388888889,0.2304027782263149,0.7740341766989308,0.7700682315256366,0.7738508619394833,0.765368200283773,0.7776241744987682
,,,,26.00911458333333,0.2277954574803472,0.7569384649984535,0.7557605544244824,0.7535278739067038,0.7572614099133386,0.7567960756598268
,,,,26.01996527777778,0.2205098785879911,0.7423648143316921,0.7460785965491018,0.7378306367801156,0.74684604625977,0.7386907047789057
,,,,26.03081597222222,0.2176835435594687,0.7219253666954742,0.7192480124889585,0.7257472223532044,0.7227283168627808,0.7161375881650867
,,,,26.041666666666664,0.2116677229013945,0.7076242347344731,0.7032361155452589,0.7119570552944668,0.7067617922070796,0.7093367285991761
,,,,26.05251736111111,0.2074092345790969,0.6873810591756965,0.6871196425429805,0.6894770275227614,0.6936418735385883,0.6911837562935415
,,,,26.063368055555557,0.19857936259589,0.6669607404632707,0.6661702749137058,0.666065642778568,0.6707811219490796,0.668055175290716
,,,,26.07421875,0.1963030432685095,0.6563550351051802,0.6584255887901478,0.6533525537097169,0.6523444120904963,0.6562373268807817
,,,,26.085069444444443,0.1901075095888632,0.6357759052638018,0.6378789047034306,0.6352452265431098,0.6342944415639244,0.630801225941902
,,,,26.09592013888889,0.1849780388627997,0.6123351712808616,0.6102148030740314,0.6143181551249429,0.6129152581594318,0.620180739907783
,,,,26.10677083333333,0.1767485419449451,0.5906525025107449,0.599576851530643,0.590901682374312,0.5995465133154156,0.5972036523724014
,,,,26.11762152777778,0.1735781431421161,0.5728231208873846,0.5762565902889666,0.5785647700824775,0.5791213720988663,0.5767707203177779
,,,,26.12847222222222,0.1666184298671279,0.5593271761604627,0.549965863243779,0.5485451898134983,0.5583169232603152,0.5532779376150242
,,,,26.139322916666664,0.1619965512764033,0.5379440282546872,0.5285858484436426,0.5356640915841344,0.5335876242698122,0.5292298348115024
,,,,26.15017361111111,0.1543439158556478,0.5147560941582175,0.5111217887195104,0.5162312650056975,0.5239756857498703,0.5129722316046128
,,,,26.161024305555557,0.1493334361949721,0.485980842189318,0.501378795566151,0.4950946438582877,0.4782698145889825,0.4928703964186348
,,,,26.171875,0.1431084957033122,0.4749296897590827,0.4702131828130874,0.4684161728526371,0.4774298499320678,0.4635349229736056
,,,,26.182725694444443,0.1326400687428417,0.4478429054228698,0.4528190561675692,0.4526091555345679,0.4447837432420304,0.442356201344236
,,,,26.19357638888889,0.1243330346713442,0.4287719328542857,0.4213587965871707,0.4297982797809775,0.4279520034695402,0.4241512327671665
,,,,26.20442708333333,0.120538907440681,0.400294386449372,0.4012712414598501,0.3978819287914114,0.4031687499443523,0.4010122408187458
,,,,26.21527777777778,0.1146723262449236,0.3852377603235834,0.3754360463188639,0.3890904898084601,0.391178074832362,0.3785274594791011
,,,,26.22612847222222,0.105781813454363,0.3582882606669521,0.362586161328935,0.3680855787981782,0.3540516325306162,0.356729192900212
,,,,26.236979166666664,0.1000102029862128,0.3413659827545134,0.3443875086299413,0.333848815617673,0.3441935705606618,0.3362663920272667
,,,,26.24782986111111,0.0958410757306408,0.3247028877031773,0.3252783763967519,0.3047261387701958,0.309259600948311,0.3161854926159966
,,,,26.258680555555557,0.0883723280770266,0.2903698865561673,0.2942197332345641,0.284651953732924,0.2902503557970163,0.2946115082529953
,,,,26.26953125,0.080042536919794,0.2646745481054209,0.2570606851412471,0.2660030217053812,0.2596689575029439,0.2690616866711855
,,,,26.280381944444443,0.072854323737207,0.2388550957284103,0.2438402376103139,0.2456441387220589,0.2417394124439481,0.2502908798064898
,,,,26.29123263888889,0.066264205537185,0.2192963450173469,0.2151511503075796,0.215860124337222,0.2260357938986537,0.212168140724371
,,,,26.30208333333333,0.0578048375528117,0.1996369582524922,0.1958110785591917,0.1965947960882736,0.1837424291525685,0.1850117467322564
,,,,26.31293402777778,0.0509135302365501,0.1796918802094719,0.1704919867560584,0.1743360253333823,0.1751403842251627,0.1695965363568983
,,,,26.32378472222222,0.0444876942762459,0.1488743921640816,0.1525371812720477,0.1416186942243218,0.1517502371953057,0.1385637755742589
,,,,26.334635416666664,0.0356923833976078,0.1206239139296163,0.1265841227011973,0.1265572421404037,0.1357328030006801,0.1235395951445633
,,,,26.34548611111111,0.0290181560927748,0.1043843035767017,0.0974085438277188,0.0956691148433385,0.1096565523558054,0.094009176162039
,,,,26.356336805555557,0.0225627238444847,0.0685889278676587,0.0730168358188596,0.0670471047309155,0.0677873578283099,0.0633980231089053
,,,,26.3671875,0.0134431143713817,0.0479305820634859,0.0455893549351515,0.0420153799203279,0.0523075091526199,0.0529004496541593
,,,,26.378038194444443,0.0064888778119119,0.0236838840681029,0.0158737315248083,0.0214388991571342,0.0230665670766746,0.0200370732470763
,,,,26.38888888888889,6.72432578722856e-05,-0.0069235918180574,-0.0018118604861676,-0.0077180682532328,-0.0054413533831889,0.0044072582043495
,,,,26.39973958333333,-0.0104930722317663,-0.0252748383131957,-0.0374186455328874,-0.0235951136202475,-0.0276501272340536,-0.028557629703028
,,,,26.41059027777778,-0.0138123887666804,-0.0427912542428262,-0.0442726801030624,-0.0414131379758113,-0.0477422876773095,-0.0459461042498599
,,,,26.42144097222222,-0.0229108382066929,-0.0680744822214826,-0.073190576482377,-0.0783648986769638,-0.0764565695787495,-0.0720122649314578
,,,,26.432291666666664,-0.0313777347133406,-0.0974134167132858,-0.0962241940190902,-0.0954746873014987,-0.0968131407542418,-0.1044845362851897
,,,,26.44314236111111,-0.0374242175957617,-0.1219830002700088,-0.1178704859701954,-0.1155516744654025,-0.125763636242064,-0.1233578914143584
,,,,26.453993055555557,-0.0450984546001617,-0.154994067263577,-0.1487867942728276,-0.1523142261932523,-0.1376687360134577,-0.1561319079367298
,,,,26.46484375,-0.0506585514803052,-0.1675398948036773,-0.1723166622539209,-0.1656074619286071,-0.1677852407740652,-0.1717303643859538
,,,,26.475694444444443,-0.0576619022984202,-0.1887328418381233,-0.1838652362881265,-0.1921186668208388,-0.2035960953425289,-0.1951572463456013
,,,,26.48654513888889,-0.067392073894589,-0.2164935290594794,-0.2262710034511054,-0.2199289241474268,-0.2136070986389789,-0.2248455992904569
,,,,26.49739583333333,-0.0738297344814085,-0.2423166147098847,-0.242515497318917,-0.2472057086331497,-0.2366660734973439,-0.2449470886083065
,,,,26.50824652777778,-0.0777241190142599,-0.267248985506992,-0.2619585755777957,-0.2719284799015623,-0.2693909068303063,-0.2694273629118794
,,,,26.51909722222222,-0.0844242622726898,-0.2847476031560349,-0.2862853989724334,-0.2900797632103931,-0.2936156461835985,-0.2918511463320648
,,,,26.529947916666664,-0.095459585791335,-0.3146364394186839,-0.3192722346978456,-0.3234761027697017,-0.3088214922443094,-0.3106985812035643
,,,,26.54079861111111,-0.0994890287340203,-0.3434082489137786,-0.3283906103012811,-0.332208228798458,-0.3322964298239476,-0.3352548477692781
,,,,26.551649305555557,-0.1073869184185402,-0.3651409833643665,-0.3672764791370737,-0.3529802434821152,-0.3636653090516685,-0.3622794102399206
,,,,26.5625,-0.1136399872522175,-0.3833289822318595,-0.3754869673974737,-0.3877949637031269,-0.3893899491227012,-0.3795017833264501
,,,,26.573350694444443,-0.1235645442253834,-0.4139003545037959,-0.4044904722820929,-0.4133422824348052,-0.4043800937830205,-0.4060130710754882
,,,,26.58420138888889,-0.1285374687906118,-0.429149591265732,-0.4227583112660538,-0.4289955026623056,-0.4239501712689313,-0.4307236114660575
,,,,26.59505208333333,-0.1366648047001364,-0.4459233821633169,-0.4484812559001744,-0.4484653823992895,-0.4475584698069268,-0.4582690713475001
,,,,26.60590277777778,-0.1430561687357227,-0.4729896473279146,-0.4858800921737772,-0.474444517957624,-0.4803059290099998,-0.4657696130741579
,,,,26.61675347222222,-0.147914606354463,-0.4956127073461632,-0.4912730000789111,-0.4877690301084652,-0.4960320500615556,-0.493513172250012
,,,,26.627604166666664,-0.1586786782610402,-0.5152057092824751,-0.5110671764897798,-0.5144053669328456,-0.5178660955012743,-0.5018347325357438
,,,,26.63845486111111,-0.1579281060797801,-0.5359927258931748,-0.5376998116503299,-0.5454917208179092,-0.5377635084072591,-0.5383144459377801
,,,,26.649305555555557,-0.1668203709450272,-0.5537684229416397,-0.5492887266497396,-0.5603152987188004,-0.5564646108124335,-0.5529383929125813
,,,,26.66015625,-0.1730028332826194,-0.5753199556600198,-0.5755558320737231,-0.5780285235673213,-0.5758843202630144,-0.5815764101012011
,,,,26.671006944444443,-0.1811460321829895,-0.5976911808170594,-0.5951943161961327,-0.6023642427306403,-0.5984306119901526,-0.5977702088608091
,,,,26.68185763888889,-0.1852344233572491,-0.6193197273170052,-0.6087588546219079,-0.6119347063122971,-0.6166552136071246,-0.6153529014600561
,,,,26.69270833333333,-0.1919318929874655,-0.6261645418053385,-0.6302355169041998,-0.6261136543522391,-0.6341089450105897,-0.6238498526447885
,,,,26.70355902777778,-0.1945736666272337,-0.656188773021208,-0.6497716146380118,-0.6513670718637645,-0.6531258116562251,-0.6541466037229651
,,,,26.71440972222222,-0.2011677935448753,-0.6742827407205594,-0.6741607320208026,-0.6735958624632945,-0.6746235757651349,-0.665858342785137
,,,,26.725260416666664,-0.206201674089665,-0.6915505387462705,-0.6909128861046587,-0.6888636256942301,-0.69328359468698,-0.6882626540428701
,,,,26.73611111111111,-0.2134693700957912,-0.7105151184126268,-0.7034309111020918,-0.7019988076641962,-0.7028452377521832,-0.7146069374488085
,,,,26.746961805555557,-0.2162254287897984,-0.7199509778058276,-0.7224201499921504,-0.7274365609368535,-0.7305805361930674,-0.7271215960092169
,,,,26.7578125,-0.2212645603074566,-0.7456783396200879,-0.7320308916155298,-0.7443081583013205,-0.7390844218375148,-0.7419484501579734
,,,,26.768663194444443,-0.2294549333504706,-0.75573689687882,-0.7587196669658577,-0.7599531516090441,-0.7585039547672763,-0.7648205026033861
,,,,26.77951388888889,-0.2337211519678874,-0.7707365449629853,-0.7696508345692199,-0.7628621774103999,-0.7725092653037112,-0.7788800907739599
,,,,26.79036458333333,-0.2352974243318653,-0.788552050716933,-0.7860743195894246,-0.7871522421599091,-0.7857935630582461,-0.7924689064327535
,,,,26.80121527777778,-0.2408336276578422,-0.7920123823740063,-0.8014883515283509,-0.7997227719832241,-0.8067357500146113,-0.7996072007952748
,,,,26.81206597222222,-0.2445752739245215,-0.8210319630731459,-0.821570164650671,-0.8189328249753459,-0.8247575128882398,-0.8155288908102437
,,,,26.822916666666664,-0.2488221937474178,-0.8339337013068994,-0.823590987773518,-0.8346930833970222,-0.8258778571733684,-0.8332665738045287
,,,,26.83376736111111,-0.2550537902825701,-0.8495874675001955,-0.8480657475580737,-0.8415521161311699,-0.8417843127260332,-0.8503346913418646
,,,,26.844618055555557,-0.2580976894784919,-0.8547433004034115,-0.8626536190177965,-0.8518993265692713,-0.858992362313428,-0.8501621360823314
,,,,26.85546875,-0.2628185319580476,-0.867805529813123,-0.870527430175086,-0.8665922127624248,-0.8755411774433033,-0.8630090938448911
,,,,26.866319444444443,-0.2663528412396562,-0.8820260364799107,-0.8708200710912296,-0.8784770627613427,-0.8827894796161927,-0.8873286475589782
,,,,26.87717013888889,-0.2678166880470666,-0.8907266754245377,-0.8951176278276758,-0.8985622429103691,-0.8992545530763718,-0.8911146035907681
,,,,26.88802083333333,-0.2710613075810253,-0.9069811816303082,-0.8951033335700913,-0.9033459824567572,-0.9048988437341344,-0.8978661592098723
,,,,26.89887152777778,-0.2729881329452314,-0.9137293714703038,-0.9156085355295444,-0.9153126869385172,-0.9139345505736504,-0.9174300653489216
,,,,26.90972222222222,-0.2766667149675105,-0.9276198968548666,-0.9193346136280416,-0.9312635242992,-0.9210237959412794,-0.9354045496618372
,,,,26.920572916666664,-0.2770454882372175,-0.9329226584833914,-0.934200035781916,-0.9494541630574854,-0.9393943349625904,-0.937052186821583
,,,,26.93142361111111,-0.2833835362913188,-0.9502730354831744,-0.9288217272897936,-0.9406496498050394,-0.9380948336276248,-0.9355296215602448
,,,,26.942274305555557,-0.2851311658842532,-0.9466204723126812,-0.9506947868270882,-0.9519819829483556,-0.9507510667793624,-0.9501406410539484
,,,,26.953125,-0.2835868419076812,-0.963996022281301,-0.9590127542640604,-0.9537527450690988,-0.9574506076284466,-0.9523720574093052
,,,,26.963975694444443,-0.2856501695680958,-0.9671476321292296,-0.96249404876564,-0.9658524218921704,-0.9573654174441436,-0.959390580966282
,,,,26.97482638888889,-0.2887859247901664,-0.9655946176414067,-0.9741809143288042,-0.9744096205271902,-0.97014851259201,-0.9766652835519076
,,,,26.98567708333333,-0.9744406258822448,-0.9772622888213344,-0.9746266753693884,-0.9758978962202496,-0.9683791869276808,-0.9754652102133944
,,,,26.99652777777778,-0.974311508768419,-0.9794867825731846,-0.9789131378282764,-0.9795439842379586,-0.9918474559346288,-0.9767385918169916
,,,,27.00737847222222,-0.9845041462274208,-0.9785152339077688,-0.9845214795521928,-0.9832766396226,-0.9786910739913052,-0.9827450353578
,,,,27.018229166666664,-0.9860653871952172,-0.988241514501731,-0.9905640299952712,-0.999612290002118,-0.9889900347189364,-0.991503685056426
,,,,27.02907986111111,-0.9897268446350382,-0.992517781498128,-0.9858160250753516,-0.9903231020436892,-0.9968697777638508,-0.9938224552926184
,,,,27.039930555555557,-0.9962463154334384,-0.9981738118431148,-0.9855757785906958,-0.9815965622811944,-0.9904860896015564,-0.991674801969338
,,,,27.05078125,-0.9950499934959828,-0.9928315443806788,-0.995401736905454,-1.0076239234138005,-0.9989763919790005,-1.0072878533096994
,,,,27.061631944444443,-0.990440311835484,-1.0010322186931062,-1.0021246759958855,-0.9976058577615344,-0.9913573651322232,-0.994976227238334
,,,,27.07248263888889,-1.0032840205705802,-0.9937556883017912,-1.0047829185867292,-0.9987321037907688,-0.99589463080385,-1.0028014737459587
,,,,27.08333333333333,-0.9942643528751034,-1.0003007257697651,-0.998776684249582,-0.993882238571976,-1.0003663385319246,-1.008904708711417
,,,,27.09418402777778,-0.9940658212253692,-0.993029392293156,-0.9985288806098236,-0.9905252656348028,-0.9974979941322332,-1.0008356146892727
,,,,27.10503472222222,-0.995620022399002,-1.003325143489903,-0.9955847366411984,-1.0096519024894135,-0.9980003772625188,-1.003772881956123
,,,,27.115885416666664,-1.0002188200731512,-0.9986432444249664,-1.0034326489390413,-0.9919636769939087,-1.0077941453852155,-0.9903794729800935
,,,,27.12673611111111,-0.9999032329763772,-0.9908327473876072,-0.9882002413796626,-0.9870553145361214,-1.002040877814547,-1.0014699713241573
,,,,27.137586805555557,-0.9840843786638084,-0.9934558768166268,-0.9956343648202958,-0.989879319459959,-0.9874111534412549,-0.9990290120039068
,,,,27.1484375,-0.9916294484688792,-0.990688581701735,-0.9915718422921616,-0.9869054410866144,-0.9915711168532244,-0.9929435988223344
,,,,27.159288194444443,-0.9871910834416644,-0.9840699553295084,-0.9862090860072948,-0.996826409852518,-0.9894132744638768,-0.9792005943267752
,,,,27.17013888888889,-0.982247967272242,-0.9759141045618362,-0.9772810686381792,-0.9795166649848588,-0.980860138763562,-0.9812923886686328
,,,,27.18098958333333,-0.9766851990001524,-0.9691552844790328,-0.9745697476769404,-0.984114270899989,-0.9740869409464188,-0.9834768717463356
,,,,27.19184027777778,-0.9744999834673436,-0.976530234460008,-0.9757176514022736,-0.9710592718219324,-0.9730946966603824,-0.9749425488986116
,,,,27.20269097222222,-0.9607176428955108,-0.959568431316291,-0.9652515203836514,-0.9676705179589684,-0.966020066826204,-0.9637952610931756
,,,,27.213541666666664,-0.9597118765575088,-0.9543497970831212,-0.9542182291973312,-0.9565771404208928,-0.9576871907316864,-0.9573861866012758
,,,,27.22439236111111,-0.9427216934384728,-0.9514722515153132,-0.946484625353673,-0.950462107254396,-0.9440321809864942,-0.942133672766974
,,,,27.235243055555557,-0.9388898263828483,-0.9412894423258936,-0.9375449172377104,-0.9368309003310514,-0.9371054700274488,-0.9366418842549008
,,,,27.24609375,-0.9369223623917814,-0.9308580767234133,-0.9340747544425844,-0.933167147784815,-0.9344477624001344,-0.9354323270448948
,,,,27.256944444444443,-0.916854096939448,-0.925745226416517,-0.9236226877716563,-0.9168036944767431,-0.9213403973327632,-0.9259259164681348
,,,,27.26779513888889,-0.9149694495881616,-0.91362054602251,-0.9046478687057176,-0.909921787132028,-0.9183827776320848,-0.913248735516906
,,,,27.27864583333333,-0.9084401486315746,-0.895802582447921,-0.8972581063667171,-0.9095788478300748,-0.908507597692988,-0.9081623490446996
,,,,27.28949652777778,-0.8917755889575569,-0.8875472021440867,-0.8926336015055786,-0.8932782182497443,-0.8896815910140149,-0.8925921080698385
,,,,27.30034722222222,-0.8819951473549165,-0.8869285269885754,-0.8773749019442322,-0.8817644744025018,-0.8770613232673082,-0.871997657211224
,,,,27.311197916666664,-0.8676179639510502,-0.8640682846524823,-0.8764899198413694,-0.8706405499389609,-0.8662243784036745,-0.8705109058195994
,,,,27.32204861111111,-0.8586085055688696,-0.8588383197067547,-0.8634337289010828,-0.8637775412621931,-0.8588390428969399,-0.8621321089278499
,,,,27.332899305555557,-0.8452718829959754,-0.844388555654914,-0.8401663555490524,-0.8297113557109126,-0.8494221038697488,-0.8499141470220688
,,,,27.34375,-0.8185786006101442,-0.8275195817547109,-0.8251561056383263,-0.8347329297119731,-0.8349104978520456,-0.8312208577245099
,,,,27.354600694444443,-0.8188536577834172,-0.8122062875903842,-0.8155929466091245,-0.8130071584279208,-0.8242066830321323,-0.8235776593131988
,,,,27.36545138888889,-0.7969556875836546,-0.8014746134207603,-0.8070883821414434,-0.8088758500803808,-0.8074170333562465,-0.8039963575852532
,,,,27.37630208333333,-0.7862006706646963,-0.7885518303894301,-0.7831904999183866,-0.7830418847959159,-0.7924129443665944,-0.7798552517293199
,,,,27.38715277777778,-0.7746207190034271,-0.7775705315462776,-0.7800687351544568,-0.7713690540897101,-0.7751916662504561,-0.771372904691295
,,,,27.39800347222222,-0.7616321683685369,-0.7624592657060969,-0.753691532987678,-0.749517863356609,-0.7619940497495595,-0.7615126776920327
,,,,27.408854166666664,-0.7482418578770599,-0.7409575568057973,-0.7422790562179552,-0.7426945663446017,-0.742280915886011,-0.7372877407661041
,,,,27.41970486111111,-0.7255255240201445,-0.7355931924569823,-0.717565377579985,-0.7238707380610041,-0.7173434213786176,-0.7190540459270047
,,,,27.430555555555557,-0.7070934892690188,-0.7095927850099862,-0.7027991304291725,-0.7167602000859689,-0.7085606465504056,-0.7010673022072266
,,,,27.44140625,-0.6893172835629073,-0.6924101929346969,-0.691486486265303,-0.6900301096202396,-0.6900377650032278,-0.6944118615515864
,,,,27.452256944444443,-0.6795889429450649,-0.6623567864548782,-0.6735295128104234,-0.6671793822573465,-0.6698061680756735,-0.6726412318205599
,,,,27.46310763888889,-0.665794016206398,-0.6506547241098652,-0.6501497154506771,-0.6413916177616723,-0.6508516446406928,-0.6468578917232947
,,,,27.47395833333333,-0.6366350500666671,-0.6280110308714348,-0.6409102460022841,-0.6327481622148496,-0.6356569424734532,-0.6360632853301263
,,,,27.48480902777778,-0.6165797670728939,-0.6267400668555815,-0.6176315546878061,-0.605963955245987,-0.6156683853276619,-0.6105966145405354
,,,,27.49565972222222,-0.5847954795321463,-0.5935419879695477,-0.5944125156424165,-0.5939032830548789,-0.5930149921728739,-0.5906789695628428
,,,,27.506510416666664,-0.5832343075158563,-0.5744599812691995,-0.5775461804038322,-0.5723985761793121,-0.5773112076174269,-0.5727370895411844
,,,,27.51736111111111,-0.5593875740052128,-0.5577045572398087,-0.5499853866097406,-0.5498337347178226,-0.5555665566597502,-0.5586584946346397
,,,,27.528211805555557,-0.5366553539716264,-0.5306720488681953,-0.5383828133665635,-0.5295341309373487,-0.5315202993666565,-0.5426707034306555
,,,,27.5390625,-0.5155061861399017,-0.5186666933621892,-0.509506489586148,-0.5134736883409117,-0.5113585602189773,-0.5157132894974334
,,,,27.549913194444443,-0.4884030805974456,-0.4978988930497416,-0.4940270216965317,-0.4887970387876262,-0.4941245015843125,-0.4909156511770678
,,,,27.56076388888889,-0.4723109392624173,-0.467634162778838,-0.4774111702825116,-0.4686990698800733,-0.4707487326093708,-0.4761664112721448
,,,,27.57161458333333,-0.4517040550323754,-0.4511368824221177,-0.4540999490558117,-0.4465643468182624,-0.4477458199233927,-0.4488186288296142
,,,,27.58246527777778,-0.4318786023795239,-0.4249312743557696,-0.4311635448305974,-0.4218194802499977,-0.4278233772315267,-0.4323876206826039
,,,,27.59331597222222,-0.4145719290469937,-0.3997361038336977,-0.3987578536382453,-0.3988737039029988,-0.4072643434146394,-0.4090634864379268
,,,,27.604166666666664,-0.3861582324557076,-0.3808753911538698,-0.3801059255788175,-0.3856266627081187,-0.3862762950425749,-0.3770909920623371
,,,,27.61501736111111,-0.3592905844351973,-0.3592526283402495,-0.3582796084180076,-0.3555319210725246,-0.3577243852348567,-0.3632594143732019
,,,,27.625868055555557,-0.3349404661241564,-0.3367168302609704,-0.3383840736921807,-0.3448662524347445,-0.3425985194260242,-0.3335789663448197
,,,,27.63671875,-0.3146566608074225,-0.3139470701821844,-0.3054036844608983,-0.3202394919850788,-0.3153593722410784,-0.3093975168591752
,,,,27.647569444444443,-0.3000760867968333,-0.2949072763706559,-0.2978497095366398,-0.2879913172374942,-0.2863215202284987,-0.2889015709843505
,,,,27.65842013888889,-0.2682068276523034,-0.2701243326607315,-0.2667582288243023,-0.2626380165142919,-0.2711903938281295,-0.2653429147242191
,,,,27.66927083333333,-0.24818128632822,-0.2383812924237053,-0.244110604149997,-0.2438558991224493,-0.2375185651553359,-0.2398952319877771
,,,,27.68012152777778,-0.224003807766583,-0.2215496946233032,-0.2191516087801312,-0.2198125732619841,-0.223411988915463,-0.2188432683953685
,,,,27.69097222222222,-0.1942414559941133,-0.1961683529527466,-0.1976182187513682,-0.1958930814165968,-0.1941260377661349,-0.1911221880339619
,,,,27.701822916666664,-0.1717243408322692,-0.1622592163148697,-0.168929535980941,-0.172704281342904,-0.1705973349314993,-0.1638399636203944
,,,,27.71267361111111,-0.1436112779436995,-0.1400045434867276,-0.1403351458376317,-0.1452600251806733,-0.1491142615770275,-0.147695298782844
,,,,27.723524305555557,-0.1269665619664319,-0.1205787265429033,-0.1258612793846718,-0.1286320439509235,-0.1217148885295369,-0.1225463228331798
,,,,27.734375,-0.1104797339441502,-0.0944594522631034,-0.0921771187377388,-0.0911371299904241,-0.0902181671330565,-0.0962511959283911
,,,,27.745225694444443,-0.0696804239169441,-0.0768360292655761,-0.0793053729512309,-0.0644778362301225,-0.0733061893008019,-0.0739893338582432
,,,,27.75607638888889,-0.0359050418857787,-0.0489225836870139,-0.0557712396796999,-0.0441218241260656,-0.0512609741820876,-0.0528064227297774
,,,,27.76692708333333,-0.0199619378426338,-0.032525252341395,-0.0187444599890806,-0.0239886713961442,-0.0256199439271801,-0.0269891792048858
